p_val	avg_log2FC	pct.1	pct.2	p_val_adj	cluster	gene
0	1.7917279654773	0.906	0.37	0	c11	CD8A
0	1.98630690541514	0.769	0.266	0	c11	CD8B
0	2.16361456267007	0.7	0.214	0	c11	GZMH
0	0.518678512492698	0.85	0.366	0	c11	CCL4
0	1.09072370651894	0.714	0.232	0	c11	CCL4L2
0	1.81067674498946	0.585	0.11	0	c11	CXCL13
0	1.52386793798614	0.891	0.418	0	c11	NKG7
0	1.70283134505135	0.898	0.449	0	c11	GZMA
0	1.7568581165041	0.992	0.577	0	c11	CCL5
0	2.87342427790491	0.499	0.094	0	c11	KLRD1
0	2.14192697269755	0.641	0.238	0	c11	HLA-DRB5
0	1.47826649428211	0.849	0.487	0	c11	HLA-DRB1
0	1.83398323422365	0.589	0.232	0	c11	HLA-DQA1
0	1.47646936095366	0.808	0.479	0	c11	HLA-DPA1
0	1.84197393988558	0.592	0.278	0	c11	CD63
0	1.42452844039675	0.792	0.479	0	c11	HLA-DPB1
0	1.52741867068084	0.569	0.264	0	c11	PRF1
0	1.38099699340085	0.571	0.303	0	c11	HLA-DRA
0	2.24899330712428	0.347	0.079	0	c11	CCL3L1
0	1.29252812047393	0.733	0.474	0	c11	TXNIP
0	1.51755959995447	0.499	0.243	0	c11	CXCR6
0	0.745792668630693	0.872	0.617	0	c11	CST7
0	1.37284467138557	0.912	0.675	0	c11	HCST
0	1.90077587757631	0.394	0.158	0	c11	JAML
0	1.52879502793566	0.44	0.214	0	c11	HLA-DQB1
0	1.09287482115153	0.708	0.486	0	c11	ALOX5AP
0	1.91655173103066	0.314	0.094	0	c11	EOMES
0	1.55699863019842	0.483	0.268	0	c11	FKBP5
0	1.3496722295526	0.477	0.279	0	c11	SIT1
0	0.920936475703134	0.875	0.7	0	c11	CLIC1
0	1.90035804522588	0.285	0.114	0	c11	CLIC3
0	0.892487658847123	0.861	0.694	0	c11	CD2
0	1.88275778672896	0.22	0.057	0	c11	CCL3
0	2.67615732845868	0.143	0.027	0	c11	KRT86
0	0.846090174981301	0.883	0.771	0	c11	CD3D
0	3.1249349447419	0.125	0.019	0	c11	HECTD2
0	3.13782509610419	0.117	0.017	0	c11	ETV1
0	0.868794054104624	0.922	0.824	0	c11	MYL12A
0	0.72159677552444	0.865	0.776	0	c11	HMGB1
0	0.862206900867115	0.954	0.886	0	c11	PTPRCAP
0	0.717669067838577	0.96	0.912	0	c11	CD3E
0	0.772214603958043	0.942	0.896	0	c11	MT-ND4
0	0.578390001693181	0.937	0.901	0	c11	MT-ND2
0	0.75552014004847	0.973	0.952	0	c11	MT-ATP8
0	0.587033181928256	0.95	0.938	0	c11	MT-ND5
0	0.597845275730508	0.995	0.987	0	c11	RPS27
0	0.524872214021381	0.972	0.964	0	c11	MT-ND3
0	0.46482711775558	0.994	0.989	0	c11	MT-ND4L
1.03074967771641e-307	1.41011210750441	0.441	0.241	2.03985361220077e-303	c11	IKZF3
4.81150740868057e-306	2.65653866910922	0.115	0.024	9.52197316177885e-302	c11	YPEL1
8.10802451539471e-301	1.9067373129096	0.21	0.068	1.60457805159661e-296	c11	PECAM1
2.28072361552279e-297	1.11893962944798	0.613	0.446	4.51355203511959e-293	c11	PAXX
7.11464472946951e-295	0.367474308829561	0.997	0.997	1.40798819196202e-290	c11	MT-CO1
1.83678164888991e-292	1.218144781873	0.393	0.18	3.63499088315313e-288	c11	GZMB
1.7950737293493e-283	1.31187357838948	0.415	0.212	3.55245091038226e-279	c11	LAG3
2.42219794536411e-283	0.715574423432683	0.818	0.72	4.79352973387558e-279	c11	CD99
3.77621673907808e-283	3.34828989424048	0.052	0.005	7.47313292663553e-279	c11	DAB2IP
6.07496451013695e-281	2.59086342135986	0.101	0.02	1.2022354765561e-276	c11	KIR2DL4
3.64208047952204e-280	0.570345130097158	0.915	0.852	7.20767726897411e-276	c11	CORO1A
1.90345362609935e-271	1.20726241937352	0.515	0.335	3.76693472605061e-267	c11	TRAF3IP3
5.67333584680946e-271	0.305364478226498	0.999	0.995	1.12275316408359e-266	c11	HLA-A
6.44726926417961e-271	1.01589198257728	0.577	0.374	1.27591458738115e-266	c11	APOBEC3G
2.36058730398709e-262	0.348801029389112	0.991	0.98	4.67160227459046e-258	c11	RPS24
9.03674284266259e-261	1.28703962934878	0.472	0.291	1.78837140856293e-256	c11	RBPJ
3.23785577341623e-258	1.48067619969867	0.381	0.205	6.40771657559071e-254	c11	SIRPG
8.78789310038999e-246	0.77710000776259	0.741	0.623	1.73912404456718e-241	c11	RARRES3
8.55059599073498e-242	2.99147034505182	0.059	0.008	1.69216294656645e-237	c11	SPRY2
8.29768467306171e-233	0.916232267213763	0.574	0.406	1.64211179679891e-228	c11	GSTP1
3.03175073562455e-230	2.21293231219056	0.133	0.038	5.99983470580098e-226	c11	GFOD1
9.59701123876139e-229	0.347885794536238	0.99	0.988	1.89924852415088e-224	c11	MT-CYB
1.62111259588175e-224	0.520603810788036	0.974	0.93	3.20818182724998e-220	c11	SH3BGRL3
2.15220753422191e-222	3.43380288586605	0.039	0.004	4.25921871022517e-218	c11	CTAG2
2.06774885928616e-221	0.367436362741959	0.979	0.964	4.0920749925273e-217	c11	RPL23A
3.45068184832226e-221	0.633031343938174	0.814	0.727	6.82889937782975e-217	c11	LSP1
8.21573509507975e-216	1.27476833624211	0.48	0.32	1.62589397531628e-211	c11	H1FX
7.64289553327315e-212	0.404656966971134	0.978	0.97	1.51252902603476e-207	c11	MT-ND1
1.07628295898182e-210	0.561797182710015	0.939	0.876	2.12996397582501e-206	c11	CD74
1.57997385711212e-210	2.3844059032952	0.102	0.025	3.12676826322488e-206	c11	ADGRG1
9.13101941822361e-210	1.99996977035061	0.149	0.048	1.80702874286645e-205	c11	SPON2
2.07485354632006e-203	0.300245150544008	0.993	0.991	4.10613516816739e-199	c11	MT-CO3
4.24811718477531e-202	1.46794056083577	0.299	0.148	8.40702390867033e-198	c11	HOPX
1.05215561090718e-199	0.501172155680865	0.904	0.853	2.08221595398531e-195	c11	ATP5F1E
7.05470491156234e-199	2.12192307343047	0.104	0.027	1.39612610199819e-194	c11	FCRL6
1.69137918812233e-198	1.62106669501432	0.264	0.126	3.3472394132941e-194	c11	PLEKHF1
8.34570501435063e-198	1.94525797165614	0.148	0.049	1.65161502233999e-193	c11	MSC
1.38070682746156e-196	1.64552087197542	0.198	0.078	2.73241881154642e-192	c11	FASLG
1.38734770771548e-196	1.61754561895097	0.246	0.113	2.74556111356893e-192	c11	SLAMF6
3.54120404245498e-188	2.56484994271504	0.092	0.023	7.00804280001841e-184	c11	CCR1
4.52188397193216e-187	0.555481676179177	0.81	0.76	8.94880838045374e-183	c11	TMA7
8.68695121492041e-186	0.781938077176031	0.651	0.551	1.71914764543275e-181	c11	CD3G
1.02643405334404e-185	0.266438587081367	1	0.995	2.03131299156786e-181	c11	ACTB
1.76430928410104e-185	1.67780897513203	0.212	0.091	3.49156807323597e-181	c11	SNTB2
1.76822875240853e-185	1.37342946116508	0.317	0.172	3.49932470101649e-181	c11	CHST12
2.74200762083135e-183	1.44008169578419	0.338	0.196	5.42643308162524e-179	c11	APOBEC3C
2.90384350778402e-177	2.17263827837326	0.128	0.042	5.74670630190459e-173	c11	DAPK2
4.43902951750992e-176	0.182859927742382	1	0.999	8.78483941515213e-172	c11	B2M
5.36762853625047e-176	0.36414707218549	0.962	0.92	1.06225368732397e-171	c11	ACTG1
8.53341547558812e-176	0.885194838587042	0.582	0.469	1.68876292261889e-171	c11	RABAC1
7.43219545913497e-174	0.474893496183962	0.901	0.869	1.47083148136281e-169	c11	CYBA
8.00596395221529e-171	1.68979280185992	0.22	0.102	1.58438026614341e-166	c11	ECI2
1.81457691027303e-169	1.02928819897008	0.471	0.338	3.59104770543033e-165	c11	PNISR
1.19685309441606e-165	0.694672801433988	0.544	0.351	2.36857227384939e-161	c11	GZMK
1.37720201643422e-165	1.79567180041768	0.17	0.068	2.72548279052332e-161	c11	GCNT1
8.93157696532322e-164	3.58865132829336	0.036	0.005	1.76755908143746e-159	c11	NR5A2
2.51086033942981e-163	0.269300782503042	0.988	0.978	4.9689926117316e-159	c11	FAU
2.12287555701028e-159	0.380723618899447	0.934	0.905	4.20117072732335e-155	c11	RPL37A
1.24477869544607e-157	0.952589255796836	0.507	0.39	2.46341703828778e-153	c11	CCND3
1.33267031667865e-157	2.07028101308363	0.118	0.039	2.63735455670704e-153	c11	ABCA2
9.88844409743958e-152	0.360876387387544	0.918	0.876	1.95692308688329e-147	c11	RPS29
4.69568494480945e-151	0.638074187167155	0.691	0.609	9.2927605057779e-147	c11	EVL
3.12685984201873e-149	0.814530265090501	0.548	0.433	6.18805562735506e-145	c11	KIAA1551
2.87911907927517e-148	0.817133790964283	0.571	0.476	5.69777665788556e-144	c11	HLA-F
5.9032905780892e-148	0.987500450349176	0.442	0.315	1.16826120540385e-143	c11	RCSD1
1.58452998049738e-145	0.598025856025895	0.713	0.659	3.13578483140432e-141	c11	SNRPD2
7.58841897293293e-142	0.496711850329048	0.773	0.65	1.50174811474343e-137	c11	CD7
9.57182684620642e-142	0.693867867220804	0.693	0.632	1.89426453286425e-137	c11	MT-ND6
8.59145868034094e-139	1.568286777911	0.178	0.079	1.70024967283947e-134	c11	TTN
1.41930175215931e-138	0.238739272849854	0.99	0.981	2.80879816752327e-134	c11	RPL26
4.58384178455161e-134	0.85460201410252	0.516	0.417	9.07142289162765e-130	c11	EID1
2.20476813541484e-132	0.208323043809285	0.996	0.989	4.36323613998596e-128	c11	RPS15A
4.56465588540847e-132	1.36350147113899	0.275	0.159	9.03345399722336e-128	c11	RASSF1
1.21594641955753e-130	0.614804860343014	0.646	0.572	2.40635796430435e-126	c11	COX6B1
1.08244929378504e-128	1.47170784343068	0.21	0.106	2.1421671524006e-124	c11	CYTH4
1.26925962062445e-128	0.907756073445955	0.438	0.315	2.51186478921578e-124	c11	PARP8
2.18369957352701e-128	0.153794946381186	0.976	0.94	4.32154145600994e-124	c11	IL32
2.38774697713438e-127	0.72036982926222	0.472	0.336	4.72535126774894e-123	c11	ID2
5.94301822268467e-127	1.76413694179944	0.183	0.088	1.1761233062693e-122	c11	SNAP47
5.97105781613321e-127	0.516128957724683	0.756	0.693	1.18167234181276e-122	c11	PSMB9
2.09634224768098e-125	0.268586051261105	0.999	0.991	4.14866130816065e-121	c11	TMSB4X
7.81413774069295e-125	0.254746299628344	0.997	0.99	1.54641785888314e-120	c11	HLA-C
1.44837976260295e-124	0.323119160867544	0.955	0.923	2.86634355019125e-120	c11	CFL1
1.93244223425472e-124	1.77034330413517	0.142	0.059	3.82430318159009e-120	c11	RAB37
3.1359536515902e-124	0.516899967711463	0.755	0.705	6.20605227649701e-120	c11	PPDPF
7.87409437160528e-124	1.24000223988342	0.242	0.13	1.55828327614068e-119	c11	MATK
2.33618824191882e-122	0.360889403072642	0.889	0.866	4.62331653075735e-118	c11	PFDN5
5.66566426446713e-122	3.20587706513311	0.026	0.003	1.12123495793804e-117	c11	FAM131B
1.20809270057554e-121	1.29580438609426	0.213	0.108	2.39081545443898e-117	c11	ITGA1
1.8514088499263e-121	0.799364589268955	0.516	0.405	3.66393811400415e-117	c11	CD27
2.32179241716583e-119	1.48685362992699	0.189	0.093	4.59482719357118e-115	c11	TNFRSF1A
1.18403297659721e-117	0.762121227125353	0.243	0.128	2.34320126068588e-113	c11	CEBPD
1.39668349888191e-117	2.84961438284625	0.041	0.008	2.7640366442873e-113	c11	NCR1
1.10221451330175e-116	1.43652148944904	0.216	0.116	2.18128252182417e-112	c11	JAKMIP1
6.48201850925575e-116	1.16545089681282	0.282	0.168	1.28279146298171e-111	c11	PTMS
1.88413480864875e-114	1.32574136475238	0.229	0.125	3.72870278631588e-110	c11	SLF1
8.60102516621442e-113	0.264342859121435	0.966	0.963	1.70214288039383e-108	c11	HLA-E
1.25981818814498e-110	0.796614692872901	0.457	0.34	2.49318019433892e-106	c11	LGALS3
1.5038696727116e-109	0.579335336972232	0.615	0.515	2.97615808229625e-105	c11	ITM2A
1.58576234414929e-109	1.0419045392999	0.313	0.201	3.13822367907145e-105	c11	THEMIS
2.20033283472812e-108	0.230310547414465	0.983	0.96	4.35445867992694e-104	c11	PFN1
3.93918479125953e-108	0.797878854999917	0.491	0.405	7.7956467019026e-104	c11	ZYX
1.48449827223448e-107	2.12662909027457	0.078	0.025	2.93782208075205e-103	c11	GOLIM4
1.55658396233549e-107	2.00540594123033	0.077	0.024	3.08047966146194e-103	c11	KLRK1
1.61647819166711e-106	1.17283466613376	0.199	0.098	3.19901034130921e-102	c11	GNLY
1.85692143029958e-106	1.05902726307048	0.368	0.249	3.67484751056287e-102	c11	CTSW
2.20494374781786e-106	0.810931873838614	0.502	0.424	4.36358367693154e-102	c11	CELF2
4.87971474224622e-104	1.96922869536287	0.084	0.029	9.65695547490527e-100	c11	KLRC3
7.73780012889702e-104	0.411727553647798	0.845	0.79	1.53131064550872e-99	c11	S100A6
1.40876967751016e-103	0.789625141485154	0.479	0.394	2.7879551917926e-99	c11	MPHOSPH8
2.58320150801485e-103	0.686708311520981	0.22	0.114	5.1121557843614e-99	c11	CRTAM
7.03777372797593e-102	0.88679761289006	0.431	0.33	1.39277542076644e-97	c11	HMGB2
4.41720636432527e-101	0.879788961057734	0.425	0.328	8.7416513949997e-97	c11	BTN3A2
1.11439754873984e-100	0.141509216475584	0.997	0.997	2.20539274895614e-96	c11	MT-CO2
1.55269369151455e-98	0.193218777481317	0.994	0.984	3.07278081550729e-94	c11	RPS15
1.63952946086141e-97	0.237198300762746	0.955	0.946	3.24462880304473e-93	c11	RPS21
2.34381324551125e-97	0.454961851860489	0.75	0.729	4.63840641286676e-93	c11	COMMD6
6.19703877970681e-94	0.193321912696706	0.988	0.98	1.22639397450398e-89	c11	RPS28
2.46844467230723e-92	0.705619757022954	0.494	0.41	4.885052006496e-88	c11	CD96
2.05104392723987e-91	1.27065741610034	0.219	0.128	4.05901593200771e-87	c11	NLRC3
8.46211082206708e-90	1.30622221138537	0.149	0.072	1.67465173168708e-85	c11	SLAMF7
1.36592377678294e-89	1.09707616525065	0.251	0.156	2.70316315425344e-85	c11	LY9
2.32309679570793e-88	0.186929416718215	0.989	0.981	4.597408558706e-84	c11	RPS4X
4.9386898728217e-87	1.63524085997757	0.138	0.067	9.77366725831415e-83	c11	HAVCR2
5.14663244768904e-87	2.26570237709168	0.063	0.02	1.01851856139766e-82	c11	AFAP1L2
1.07268155811856e-86	0.628755194415459	0.515	0.426	2.12283680351664e-82	c11	GZMM
4.81632785901913e-86	0.162500311484688	0.997	0.989	9.53151283299886e-82	c11	RPL30
2.50231645384054e-85	0.907883494467487	0.329	0.23	4.95208426215043e-81	c11	SCML4
1.75354482855913e-84	1.23385377266427	0.14	0.067	3.47026521571851e-80	c11	DTHD1
1.80145600986457e-84	0.403473694180027	0.626	0.559	3.56508144352199e-80	c11	HMGN2
3.10031584794925e-84	0.622122852645801	0.552	0.499	6.13552506309156e-80	c11	CAP1
9.32085485511292e-83	1.3580679919522	0.16	0.084	1.84459717582685e-78	c11	LENG8
2.30207636028111e-82	1.79190027678813	0.088	0.035	4.55580911699631e-78	c11	CD244
6.47164377309004e-82	1.05874013302367	0.298	0.208	1.28073830269452e-77	c11	PTPN6
7.91124532836882e-82	1.45679020976414	0.141	0.07	1.56563545048419e-77	c11	ARHGEF9
1.73191730521625e-81	1.04868217595684	0.303	0.214	3.42746434702296e-77	c11	TMC8
5.20736701570865e-80	0.185356710234929	0.987	0.978	1.03053793240874e-75	c11	RPS25
1.44375022057603e-78	2.31180455655691	0.051	0.015	2.85718168651996e-74	c11	ADGRG5
1.53639545780936e-77	0.69976153588336	0.427	0.335	3.04052661100472e-73	c11	GIMAP4
1.57089942256881e-77	2.81511701832251	0.025	0.005	3.10880995726368e-73	c11	RYR2
2.79700948525843e-77	1.26694556039599	0.207	0.126	5.53528177132644e-73	c11	CTSD
2.87549396476885e-77	1.60271544939328	0.124	0.06	5.69060255627755e-73	c11	GFI1
2.95847864714236e-77	0.435794927098279	0.702	0.688	5.85482924269473e-73	c11	OST4
3.54973879845467e-77	0.655374196998629	0.492	0.431	7.02493308214178e-73	c11	DAD1
3.82132215528399e-77	1.1036349106464	0.228	0.143	7.56239654530702e-73	c11	PLA2G16
4.18473667418283e-77	2.05388615360009	0.07	0.025	8.28159387820782e-73	c11	MREG
3.18343277007069e-76	0.717044002289451	0.453	0.383	6.30001345196989e-72	c11	PPP1R18
4.79843853920465e-76	0.510795544650206	0.601	0.554	9.49610986908601e-72	c11	GMFG
1.59916373460325e-75	1.26662143322007	0.092	0.038	3.16474503077984e-71	c11	VCAM1
5.39045181993772e-75	0.682011753486161	0.467	0.406	1.06677041516568e-70	c11	TRAPPC1
1.82511929787642e-74	2.83238555365603	0.026	0.005	3.61191109049743e-70	c11	SH2D1B
1.24638443752059e-73	1.58167398221959	0.121	0.059	2.46659480185326e-69	c11	BCAS4
2.05693413540414e-73	1.20654510619867	0.294	0.21	4.0706726539648e-69	c11	ITGAE
1.00648242013936e-72	0.574252909170128	0.805	0.774	1.9918287094558e-68	c11	CD52
1.59582326059689e-71	1.674203364695	0.107	0.05	3.15813423272124e-67	c11	SRGAP3
7.91050088891543e-71	1.72925959445036	0.086	0.036	1.56548812591636e-66	c11	GPR68
1.27998790292347e-70	0.847984158409538	0.347	0.266	2.53309605988556e-66	c11	IDH2
3.02493133313195e-69	0.740306725618359	0.425	0.351	5.98633910826812e-65	c11	PIK3IP1
3.92768909649603e-69	1.35918683568785	0.157	0.087	7.77289672196564e-65	c11	HIST1H1D
4.09089176281209e-69	0.364366181824005	0.822	0.769	8.09587479860512e-65	c11	IFITM2
2.53161710608154e-68	0.488746473403339	0.215	0.128	5.01007025293536e-64	c11	IFNG
6.58566974422617e-68	0.620239397862953	0.479	0.423	1.30330404238236e-63	c11	N4BP2L2
6.82765042422094e-68	1.45377562601647	0.132	0.069	1.35119201895332e-63	c11	SH3BP2
9.27058019377448e-68	0.166052576137329	0.996	0.99	1.83464782034797e-63	c11	RPS19
1.14927073672311e-67	0.830936874203382	0.374	0.301	2.27440678797503e-63	c11	TMX4
2.20979761991526e-67	0.944641702687998	0.311	0.232	4.3731894898123e-63	c11	ARHGAP30
2.92637228438218e-67	0.73824832949622	0.425	0.367	5.79129075079232e-63	c11	WAS
4.31512140411284e-67	0.821466039465021	0.313	0.228	8.53962525873931e-63	c11	TGFBR2
4.46438482389535e-67	0.545323434707546	0.564	0.53	8.8350175664889e-63	c11	SEPT1
5.63902479729921e-67	0.517264536449198	0.578	0.552	1.11596300738551e-62	c11	KRTCAP2
1.45390527733689e-66	0.213250462169691	0.934	0.924	2.8772785438497e-62	c11	RPL41
1.85625726884872e-66	1.0692314197923	0.177	0.102	3.67353313505162e-62	c11	F2R
6.35898998010468e-66	0.918562705355965	0.274	0.191	1.25844411706272e-61	c11	PYHIN1
1.05071228993772e-65	0.651658217566764	0.338	0.245	2.07935962178675e-61	c11	PDCD1
1.41043625186267e-65	1.59708828793475	0.134	0.07	2.79125334243623e-61	c11	ZNF683
2.49449687095179e-65	0.409719499261823	0.676	0.669	4.93660930761358e-61	c11	SSR4
2.75891897593265e-65	0.463049728479323	0.641	0.621	5.45990065337071e-61	c11	SON
4.15698488497913e-65	0.680278626714721	0.454	0.395	8.22667308737369e-61	c11	TBC1D10C
5.06195081311342e-65	0.932488736479424	0.201	0.121	1.00176006591515e-60	c11	AOAH
6.49583497099204e-65	0.497595712923309	0.602	0.582	1.28552574075932e-60	c11	UQCR11
1.70648317402911e-64	1.81026847581503	0.063	0.024	3.37713020140361e-60	c11	HIST4H4
2.09292894041566e-64	1.25982543515478	0.153	0.086	4.14190637308259e-60	c11	CCR5
2.09512749695508e-64	1.04682211530525	0.255	0.179	4.1462573164741e-60	c11	NT5C
5.27776630595101e-64	1.67195213646636	0.089	0.04	1.0444699519477e-59	c11	KLRC1
5.51667146538626e-64	0.90372194992254	0.315	0.24	1.09174928299994e-59	c11	HMGN3
5.95293333733738e-64	0.319128874416951	0.817	0.795	1.17808550745907e-59	c11	ATP5MC2
2.5846965866226e-63	0.837092850121144	0.312	0.233	5.11511454492613e-59	c11	APMAP
2.78328828045957e-63	0.518481353083216	0.568	0.531	5.50812750702949e-59	c11	CD53
3.8287503659613e-63	1.41399037775119	0.133	0.072	7.5770969742374e-59	c11	S100PBP
2.10337649738961e-62	0.202084829944488	0.954	0.946	4.16258208833404e-58	c11	FTL
1.01027012983509e-61	1.78362700302603	0.066	0.026	1.99932458694364e-57	c11	LPAR5
1.4341701741631e-61	2.06861727246221	0.06	0.023	2.83822277466877e-57	c11	CLNK
2.28200010915686e-60	1.94321180761715	0.073	0.031	4.51607821602142e-56	c11	SLC2A8
4.26430594660414e-60	1.1677217869579	0.17	0.102	8.43906146832959e-56	c11	ANXA2R
4.35433817184965e-60	1.97407665157595	0.052	0.018	8.61723524209045e-56	c11	TNFSF4
5.76408029948651e-60	1.83631234673349	0.058	0.022	1.14071149126838e-55	c11	LRRN3
1.06646981361356e-59	1.53527767924387	0.079	0.034	2.11054376114123e-55	c11	MVB12B
2.15501406379233e-59	0.149038727843359	0.991	0.982	4.26477283224502e-55	c11	RPS7
6.49878646508575e-59	0.946361164627948	0.269	0.193	1.28610984144047e-54	c11	HLA-DMA
8.3532307010503e-59	0.506081243987897	0.526	0.469	1.65310435573786e-54	c11	LCP2
9.66802139605358e-59	1.37559419762033	0.158	0.093	1.913301434279e-54	c11	GALNT2
1.39833975754223e-58	0.966898513431201	0.278	0.208	2.76731438017608e-54	c11	POLR2G
1.49843559164242e-58	1.0993872515273	0.152	0.087	2.96540403586035e-54	c11	SFMBT2
4.32876617973529e-58	2.04481405771931	0.038	0.011	8.56662826969614e-54	c11	HLA-DOA
1.18741802518694e-57	0.147596495832195	0.989	0.981	2.34990027184496e-53	c11	RPL7A
2.31867280700068e-57	1.34943674508369	0.114	0.059	4.58865348505435e-53	c11	APBA2
2.88136067935322e-57	1.26087615423873	0.16	0.096	5.70221278444001e-53	c11	RUNX2
3.13645983881065e-57	1.9255326715878	0.068	0.028	6.20705402100628e-53	c11	SAP30
7.03556266937321e-57	0.782580213616592	0.361	0.295	1.39233785226896e-52	c11	NUCKS1
7.27384191126176e-57	0.674841591510394	0.413	0.35	1.4394933142387e-52	c11	AKNA
2.72786438173375e-56	2.18985960847471	0.029	0.008	5.39844361145108e-52	c11	CD160
2.83248204884659e-56	0.122172960565945	0.995	0.988	5.60548197466741e-52	c11	RPS27A
3.09743128608683e-56	0.82394412520493	0.36	0.295	6.12981651516584e-52	c11	IL6ST
4.2305727553716e-56	0.227266276297967	0.89	0.851	8.37230348288039e-52	c11	MYL6
6.85576612129053e-56	1.03727460413216	0.237	0.166	1.3567561154034e-51	c11	C7orf50
8.93161237295413e-56	0.413584518355626	0.629	0.618	1.76756608860762e-51	c11	UBL5
1.31119507915583e-55	0.699755289851339	0.385	0.311	2.59485506164939e-51	c11	CXCR3
2.41620671992383e-55	1.48256809082556	0.13	0.073	4.78167309872925e-51	c11	RIN3
2.88740598790396e-55	2.47397594620352	0.037	0.011	5.71417645006194e-51	c11	IFITM10
3.12293737684097e-55	0.504584245955809	0.524	0.48	6.18029306876827e-51	c11	PSMB8
2.97487412447615e-54	0.142511389287078	0.989	0.978	5.88727589233831e-50	c11	RPL35A
4.07557980516708e-54	2.10496853563596	0.04	0.013	8.06557243442564e-50	c11	HLA-DQA2
4.91607872870007e-54	0.740715392539203	0.358	0.295	9.72891980409744e-50	c11	ARPC5L
6.58215524417767e-54	1.09123043291921	0.18	0.114	1.30260852282276e-49	c11	ZNF862
8.73854812142056e-54	0.438740882905552	0.605	0.593	1.72935867322913e-49	c11	HCLS1
1.1450805179968e-53	1.05919277393235	0.169	0.104	2.26611434511566e-49	c11	NELL2
1.42947142171359e-53	1.20498150292216	0.176	0.112	2.8289239435712e-49	c11	SYT11
1.56636911930147e-53	1.18793260685165	0.116	0.061	3.09984448709761e-49	c11	CD9
2.4843216650581e-53	1.60492343856419	0.086	0.041	4.91647257514997e-49	c11	SCPEP1
7.99308740362373e-53	0.743972757063895	0.363	0.302	1.58183199717714e-48	c11	NDUFA3
1.5685449076972e-52	0.17954133654148	0.863	0.757	3.10415037233275e-48	c11	S100A4
2.30352554614936e-52	0.99353166750874	0.205	0.137	4.55867705582958e-48	c11	CD84
1.0942625416302e-51	1.23176780650553	0.147	0.088	2.16554556988616e-47	c11	SEL1L3
1.93023926132328e-51	0.228937251061202	0.91	0.895	3.81994349815876e-47	c11	SERF2
2.74063424568828e-51	0.660067765972595	0.397	0.337	5.4237151722171e-47	c11	CFLAR
2.77543211769614e-51	1.57704706341823	0.083	0.039	5.49258016092066e-47	c11	C11orf21
1.67451565471698e-50	0.692508021390403	0.361	0.296	3.31386648068491e-46	c11	SLFN5
2.46980639329022e-50	0.265333884756345	0.828	0.825	4.88774685232134e-46	c11	RPS11
1.00415838749907e-49	0.298118815641028	0.753	0.757	1.98722944886066e-45	c11	SRP14
1.29259989855212e-49	1.01015022426543	0.191	0.126	2.55805519923465e-45	c11	GIMAP6
1.62984945644824e-49	1.17247468737683	0.172	0.11	3.22547207431107e-45	c11	SLC2A4RG
2.46956402851443e-49	1.10842007633305	0.176	0.115	4.88726721243007e-45	c11	ZNF22
2.76102611624337e-49	2.66950459179324	0.019	0.004	5.46407068404562e-45	c11	SIRPB1
5.36274093627074e-49	0.348484268481328	0.701	0.694	1.06128643128798e-44	c11	PPIB
7.7780799112504e-49	0.905503309577863	0.283	0.219	1.53928201443645e-44	c11	RAB27A
6.10351472619859e-48	1.28462002828429	0.124	0.071	1.2078855643147e-43	c11	IRF2BPL
6.69418215233818e-48	0.747140214214758	0.368	0.319	1.32477864794773e-43	c11	SRI
8.4458814597422e-48	2.17217933976384	0.036	0.012	1.67143994088298e-43	c11	SERP2
9.07431284060946e-48	0.942093177748808	0.26	0.197	1.79580651115661e-43	c11	DGKZ
1.07789044583763e-47	0.183528897664802	0.931	0.88	2.13314519231266e-43	c11	IFITM1
1.30618183051984e-47	1.80845087660923	0.047	0.018	2.58493384259876e-43	c11	CRIM1
6.73435917365432e-47	0.525342166233904	0.495	0.467	1.33272968046619e-42	c11	UQCR10
1.51321991744375e-46	0.183206746736694	0.948	0.933	2.99466221662118e-42	c11	UBA52
2.9163109863555e-46	0.157425192531674	0.956	0.946	5.77137944199754e-42	c11	RPL21
4.30889701901096e-46	1.06997553684307	0.2	0.139	8.52730720062269e-42	c11	GPATCH8
4.3714404107871e-46	1.69213020254469	0.053	0.021	8.65108057294768e-42	c11	SPEF2
4.9265744377244e-46	0.481464791057855	0.537	0.51	9.74969081225658e-42	c11	PPP1CA
5.5084286454389e-46	0.574968770958059	0.467	0.435	1.09011802893236e-41	c11	PSMB10
2.2398200155002e-45	1.78571257598858	0.06	0.026	4.43260381067489e-41	c11	LIMK1
2.25937470589377e-45	1.5427059472337	0.063	0.028	4.47130254296377e-41	c11	VNN2
2.29400553270605e-45	1.62528843817863	0.064	0.029	4.53983694922528e-41	c11	ZNF512
4.93802281276492e-45	0.294478363513198	0.788	0.78	9.77234714646177e-41	c11	ATP5MG
5.95320402634768e-45	0.488606407635755	0.548	0.531	1.17813907681421e-40	c11	ITGB2
8.01950465676308e-45	1.48192587071402	0.064	0.028	1.58705997157341e-40	c11	GAB3
1.0065211010964e-44	0.113571332173288	0.978	0.969	1.99190525906977e-40	c11	RPL37
1.50997196753689e-44	0.561364686156277	0.453	0.417	2.9882345237555e-40	c11	TAPBP
1.57691040626825e-44	1.48876868535	0.062	0.028	3.12070569400486e-40	c11	ASPH
2.67653511821116e-44	1.57635446523224	0.068	0.031	5.29686299893988e-40	c11	WDSUB1
3.62983355849019e-44	0.867404035138121	0.265	0.204	7.18344061225209e-40	c11	ZRANB2
5.29257220136909e-44	0.971084710361313	0.209	0.147	1.04740003865094e-39	c11	MYO1F
6.65813844815228e-44	0.997718164918658	0.216	0.155	1.31764559888934e-39	c11	SRSF1
2.00574267489975e-43	1.91092044264797	0.035	0.012	3.9693647536266e-39	c11	NUGGC
2.66403223365035e-43	0.900721460246107	0.214	0.15	5.27211979039404e-39	c11	HIST1H1E
4.75613528055373e-43	0.718725502402377	0.338	0.284	9.41239172021584e-39	c11	RBL2
5.65420435798821e-43	0.344867154519073	0.729	0.737	1.11896704244587e-38	c11	PSME1
6.89587097188359e-43	1.42953936605422	0.083	0.042	1.36469286533576e-38	c11	FAM78A
7.27664240876734e-43	0.726545982149755	0.316	0.257	1.44004753269506e-38	c11	ZBTB38
1.10635929541654e-42	0.112549437405805	0.997	0.99	2.18948504562933e-38	c11	RPS3
1.37008629920397e-42	2.27041690024575	0.024	0.007	2.71140078612466e-38	c11	L1CAM
2.02026222253158e-42	1.12718415197869	0.141	0.087	3.99809893838999e-38	c11	CPNE7
2.12564614437916e-42	0.508380918893027	0.133	0.078	4.20665371972636e-38	c11	XCL1
2.12723898914491e-42	0.606847177155491	0.131	0.076	4.20980595951779e-38	c11	XCL2
2.63953964484762e-42	1.99360426851328	0.042	0.016	5.22364895715345e-38	c11	KCNK5
3.80327653474487e-42	0.648229946251859	0.419	0.376	7.5266842622601e-38	c11	CKLF
4.11795773617467e-42	1.24555973001226	0.11	0.063	8.14943835988967e-38	c11	HPS3
5.84807727392661e-42	3.19992556004464	0.01	0.002	1.15733449251008e-37	c11	MOXD1
2.4415406055108e-41	1.29883268538626	0.109	0.062	4.83180885830587e-37	c11	HLA-DMB
5.21140511792925e-41	0.735638591217198	0.314	0.258	1.0313370728382e-36	c11	LUC7L3
6.47802899911534e-41	0.264363713073072	0.77	0.76	1.28200193892493e-36	c11	MYL12B
2.3756784960639e-40	0.831083951500866	0.238	0.177	4.70146774371045e-36	c11	TOX
3.16157364952568e-40	0.437721200044105	0.529	0.507	6.25675425241132e-36	c11	PARK7
3.73807829735728e-40	2.23847083681518	0.021	0.006	7.39765695047006e-36	c11	ANKRD34A
4.05127779344528e-40	0.872221073756426	0.231	0.171	8.01747875322821e-36	c11	SLC4A7
5.03077163078203e-40	0.328045767491647	0.653	0.643	9.95589705731763e-36	c11	LCP1
5.78015291621229e-40	0.392106403904753	0.583	0.583	1.14389226211841e-35	c11	ELOB
7.0405463686234e-40	0.270964975967516	0.622	0.588	1.39332412635057e-35	c11	LY6E
7.81534497964887e-40	2.41751423381997	0.019	0.005	1.54665677147251e-35	c11	UGT8
1.2400787157751e-39	0.578008116917876	0.432	0.404	2.45411577851893e-35	c11	NEDD8
1.76260326183448e-39	0.80643905027783	0.271	0.214	3.48819185517043e-35	c11	OGT
2.31291118799257e-39	2.31280221557036	0.02	0.005	4.5772512410373e-35	c11	SLC16A11
6.03661623621325e-39	1.90066372883893	0.039	0.015	1.1946463531466e-34	c11	TTC24
2.53907189962075e-38	0.521200291321997	0.464	0.439	5.02482328934947e-34	c11	DDX17
1.43980560445345e-37	0.886957333869905	0.268	0.218	2.84937529121339e-33	c11	IFI27L2
1.62800289239462e-37	0.361767973325219	0.47	0.409	3.22181772404896e-33	c11	GIMAP7
1.63760000561887e-37	0.908595196524131	0.187	0.131	3.24081041111974e-33	c11	CD81
2.33113246955385e-37	0.364307089348852	0.606	0.615	4.61331115724706e-33	c11	SSR2
3.1529816581008e-37	0.103119419590016	0.991	0.983	6.23975070138149e-33	c11	RPS23
4.098776038885e-37	1.58021694645033	0.039	0.015	8.11147778095342e-33	c11	TTC16
4.74549787285045e-37	0.251245801809334	0.774	0.785	9.39134029037103e-33	c11	TOMM7
7.59458336854851e-37	1.54517286402316	0.073	0.037	1.50296804863575e-32	c11	TTC38
9.89444707805714e-37	0.717817757278245	0.291	0.237	1.95811107674751e-32	c11	TSEN54
1.40641903146617e-36	0.995251313232768	0.204	0.151	2.78330326327155e-32	c11	RAP1GDS1
2.35516379759108e-36	2.8059029846408	0.012	0.002	4.66086915543275e-32	c11	KIF7
2.36396182364927e-36	1.56618515983347	0.072	0.037	4.6782804490019e-32	c11	KATNAL1
2.75584950971246e-36	0.775700046237432	0.21	0.152	5.45382617972095e-32	c11	GLUL
1.0203539493365e-35	0.900647644975644	0.249	0.198	2.01928046573693e-31	c11	PYCARD
1.13827785707984e-35	0.542254294241465	0.436	0.406	2.25265187916101e-31	c11	IKZF1
1.46133259257005e-35	0.727645099386557	0.297	0.248	2.89197720069613e-31	c11	RSBN1L
1.58682218589619e-35	0.468639699482428	0.52	0.517	3.14032110588855e-31	c11	ANAPC16
1.88956868632499e-35	1.16770459159158	0.106	0.063	3.73945643023715e-31	c11	GPR25
2.3109679549661e-35	0.722351866180155	0.282	0.227	4.5734055828779e-31	c11	LYST
2.57428264594238e-35	1.54783357602771	0.062	0.03	5.09450535631997e-31	c11	SLC27A3
3.95673340709095e-35	0.461867303503316	0.52	0.507	7.83037541263299e-31	c11	MSN
6.37091509687746e-35	2.75628288128617	0.014	0.003	1.26080409767205e-30	c11	PRDM5
7.02031745928883e-35	1.57435069068484	0.046	0.02	1.38932082519326e-30	c11	CAPN12
7.52344537153081e-35	0.431517879403626	0.474	0.441	1.48888983902595e-30	c11	BST2
1.18482068637732e-34	0.947576678517771	0.236	0.187	2.34476013834071e-30	c11	CTDSP1
2.45512711615786e-34	0.432892991354325	0.506	0.496	4.8586965628764e-30	c11	ACAP1
4.63192007020601e-34	3.06793864801206	0.01	0.002	9.16656981893769e-30	c11	MAOB
5.37145072317241e-34	1.24488078156753	0.095	0.055	1.06301009811582e-29	c11	NHLRC3
6.37566936660894e-34	1.22482532540626	0.113	0.07	1.26174496765191e-29	c11	OXLD1
7.86566877423314e-34	1.32810988901595	0.068	0.035	1.55661585042074e-29	c11	PPP1R3E
8.06272053044756e-34	0.263572290368852	0.757	0.76	1.59561239297557e-29	c11	RHOA
1.8543226291607e-33	1.45949619059404	0.072	0.038	3.66970448310903e-29	c11	ZNF880
1.9326416403293e-33	1.06145222672579	0.095	0.054	3.82469780621169e-29	c11	PILRB
2.05872590275357e-33	2.37145009543058	0.021	0.006	4.07421856154932e-29	c11	KRT81
2.66286954850855e-33	0.534097715015065	0.36	0.312	5.26981883649843e-29	c11	CBLB
3.04073369228463e-33	1.25892579760498	0.1	0.06	6.01761197703129e-29	c11	ALG12
3.86382050572503e-33	1.47053990063474	0.074	0.04	7.64650078082984e-29	c11	RGS9
9.78675934787161e-33	1.12865008488356	0.16	0.113	1.93679967494379e-28	c11	TMEM120A
9.99286033873355e-33	0.845415780566974	0.246	0.198	1.97758706103537e-28	c11	ATP6V0E2
1.57132849647547e-32	0.869046364730303	0.217	0.166	3.10965909452496e-28	c11	PCSK7
1.83892081380597e-32	1.35406278750665	0.09	0.052	3.63922429052202e-28	c11	EPS8L2
1.96840339596141e-32	1.87680124618805	0.048	0.022	3.89547032060764e-28	c11	ANKRD35
2.21779937798283e-32	1.39051306809256	0.062	0.031	4.38902496902803e-28	c11	PIK3AP1
3.28463383567272e-32	0.730893160242763	0.255	0.203	6.50029036079632e-28	c11	ABI3
4.16934367267726e-32	0.106366856891394	0.983	0.977	8.25113112822829e-28	c11	RPL12
4.52144387756218e-32	1.15174840532042	0.105	0.064	8.94793743369555e-28	c11	TTC13
4.93932780986589e-32	0.52867868891558	0.414	0.387	9.7749297357246e-28	c11	CCDC85B
6.17806945980163e-32	0.351064226966792	0.329	0.265	1.22263994609474e-27	c11	FABP5
9.55700514615698e-32	0.444746888379417	0.47	0.447	1.89133131842447e-27	c11	SP100
1.09724407730461e-31	0.598432768647127	0.376	0.348	2.17144602898582e-27	c11	MDH2
1.44970277570425e-31	1.16348322030171	0.106	0.065	2.86896179311871e-27	c11	RASA1
1.50791329061108e-31	0.559487113803245	0.41	0.386	2.98416040211933e-27	c11	SHISA5
4.4100196522624e-31	1.50277707530978	0.074	0.041	8.72742889182729e-27	c11	NAALADL1
4.96600059843331e-31	0.862648654119877	0.194	0.144	9.82771518429952e-27	c11	TBC1D5
6.07422617472677e-31	1.17668345851779	0.108	0.067	1.20208935997843e-26	c11	GBP3
7.16071547321691e-31	0.113271641415208	0.982	0.972	1.41710559214963e-26	c11	RPL6
7.6035590761797e-31	1.83206952938386	0.028	0.01	1.50474434117596e-26	c11	GAS7
1.02937220730193e-30	1.09653350209151	0.136	0.092	2.03712759825052e-26	c11	NBL1
1.06215432416791e-30	1.62947854427591	0.073	0.04	2.10200340752828e-26	c11	CDCA7
1.28170286839122e-30	0.707380422562846	0.302	0.263	2.53648997654623e-26	c11	COX14
3.87789660216261e-30	0.571716946298919	0.376	0.349	7.67435737567981e-26	c11	SNRPD3
4.02689988978972e-30	2.46184781809333	0.015	0.004	7.96923488189387e-26	c11	SOX5
4.71772701267988e-30	0.588390663444828	0.351	0.314	9.33638175809347e-26	c11	ACTN4
7.13422401307465e-30	0.400491462648021	0.543	0.545	1.41186293218747e-25	c11	SEPT7
8.75641575538943e-30	1.24623821186947	0.08	0.045	1.73289467799157e-25	c11	RTL8A
1.23115457880119e-29	1.52655795299596	0.061	0.032	2.43645491144756e-25	c11	GTSF1
1.36575061142012e-29	0.78504867414793	0.247	0.201	2.70282046000043e-25	c11	TMEM35B
1.69138214136222e-29	0.829323816397431	0.221	0.173	3.34724525775583e-25	c11	ERICH1
1.8281218953829e-29	2.30182338666506	0.021	0.007	3.61785323096276e-25	c11	BARX2
2.24328970481025e-29	0.710041981325291	0.288	0.246	4.43947032581948e-25	c11	SASH3
5.06005609358879e-29	0.689396499226342	0.32	0.287	1.00138510092122e-24	c11	RAB1B
8.49164450294526e-29	1.08954291508636	0.06	0.031	1.68049644713287e-24	c11	IGFBP2
1.22922780920114e-28	0.739778356361943	0.223	0.174	2.43264183440905e-24	c11	BTN3A1
1.23732401327852e-28	0.668234188082954	0.318	0.282	2.4486642222782e-24	c11	BIN1
1.79929874951847e-28	1.03761658353411	0.135	0.092	3.56081222529705e-24	c11	TRIM56
3.76071425889552e-28	0.856006944544082	0.213	0.168	7.44245351835424e-24	c11	ITGB7
3.8695736295333e-28	1.18636831135241	0.067	0.036	7.65788621284641e-24	c11	JAKMIP2
3.96960984926366e-28	0.132135225668324	0.947	0.943	7.85585789169278e-24	c11	NACA
4.08594761869611e-28	0.647682607100729	0.345	0.316	8.08609033739961e-24	c11	RNF167
4.82680339322228e-28	1.30560052098821	0.073	0.041	9.55224391518689e-24	c11	CCDC141
5.39868491531614e-28	0.451483851044684	0.44	0.425	1.06839974474106e-23	c11	DBI
5.48024916666374e-28	0.300768502187559	0.619	0.63	1.08454131008275e-23	c11	LCK
1.10565035091815e-27	1.70534056782627	0.033	0.013	2.18808204446702e-23	c11	KLRC4
1.95356056209608e-27	1.91203646415997	0.022	0.007	3.86609635238815e-23	c11	SLC16A6
1.96348730737139e-27	2.33893229057397	0.012	0.003	3.88574138128798e-23	c11	APOA1
2.5011676883777e-27	2.31937646333519	0.016	0.005	4.94981085529947e-23	c11	SLAMF8
3.22223505817061e-27	0.202513113194306	0.823	0.817	6.37680318011964e-23	c11	RAC2
4.00518476376583e-27	1.76154907895438	0.037	0.016	7.92626064749259e-23	c11	ATP8B4
5.17486852082758e-27	0.486313571786944	0.429	0.416	1.02410648027178e-22	c11	ATP5MD
6.20997150207196e-27	1.9170357270298	0.028	0.011	1.22895336026004e-22	c11	WIPF3
1.58968766288219e-26	2.05953414728466	0.018	0.006	3.14599188484385e-22	c11	ST6GALNAC3
1.84682864294564e-26	0.294468824266663	0.579	0.591	3.65487388438942e-22	c11	ATP6V0E1
2.67277183451613e-26	1.10286308462949	0.112	0.074	5.28941546050742e-22	c11	SUPT3H
2.88877457740317e-26	1.39376981198906	0.053	0.027	5.71688488868087e-22	c11	RBM43
4.33389576234372e-26	1.40631101205349	0.052	0.027	8.57677971367823e-22	c11	SLC25A42
5.37373459027919e-26	1.2276168746254	0.109	0.072	1.06346207541625e-21	c11	TMEM107
5.4002394474542e-26	1.09069028029032	0.1	0.063	1.06870738665119e-21	c11	FBXO44
6.02328850609572e-26	1.90716897697619	0.03	0.012	1.19200879535634e-21	c11	TTYH3
7.4708831747248e-26	0.788950454815931	0.245	0.205	1.47848778027804e-21	c11	MAPK1
9.44497177542317e-26	1.04042610137456	0.138	0.098	1.86915991435624e-21	c11	APBB1
1.07914438049267e-25	0.825847893255022	0.138	0.096	2.135626728995e-21	c11	PPP2R2B
1.22043818435836e-25	2.12929914734904	0.016	0.005	2.41524716684519e-21	c11	LILRB1
1.25963966646799e-25	2.78627741172292	0.012	0.003	2.49282689994015e-21	c11	SMIM10
1.64010296545419e-25	1.3524227953597	0.062	0.034	3.24576376863385e-21	c11	METTL18
2.48270108839757e-25	1.5015267339209	0.046	0.022	4.91326545393879e-21	c11	ADAMTS6
3.10700425151334e-25	1.26298524540703	0.081	0.049	6.14876141374489e-21	c11	SPNS3
5.53166102171326e-25	0.997794445880097	0.119	0.081	1.09471571619705e-20	c11	ANKZF1
6.11517640417366e-25	0.502905793432847	0.413	0.397	1.21019341038597e-20	c11	IL2RG
7.54141943345406e-25	0.680713733779504	0.278	0.24	1.49244690588056e-20	c11	OXNAD1
1.08673307516248e-24	0.470274752023046	0.425	0.414	2.15064475574655e-20	c11	ATP5MF
1.14278635456392e-24	0.775618340637942	0.233	0.193	2.26157419568201e-20	c11	PDLIM2
1.14508281054076e-24	1.15365082156515	0.069	0.04	2.26611888206016e-20	c11	MCTP2
1.17764579009291e-24	2.20398321532459	0.015	0.005	2.33056101859387e-20	c11	CCDC163
1.24265092819944e-24	0.744722009250977	0.216	0.172	2.45920618690669e-20	c11	GPR174
1.24500577098615e-24	1.38284460254166	0.06	0.033	2.46386642078159e-20	c11	PON2
1.64819129169684e-24	1.30030196899572	0.06	0.033	3.26177056626805e-20	c11	MRI1
2.00497104519671e-24	0.779278515774272	0.24	0.202	3.96783769844429e-20	c11	C11orf98
2.58268934677806e-24	1.10968890791631	0.11	0.074	5.11114221727377e-20	c11	CLASP1
2.61242100902278e-24	0.510098082065268	0.396	0.381	5.16998117685607e-20	c11	REX1BD
2.71463562108875e-24	0.933135788642941	0.18	0.139	5.37226389413464e-20	c11	HACD4
3.73015904744068e-24	1.3617390655867	0.064	0.036	7.38198475488511e-20	c11	PCED1A
7.14098028545511e-24	0.577208860933376	0.338	0.31	1.41319999849157e-19	c11	RASAL3
7.49213757465223e-24	1.15363043517273	0.083	0.051	1.48269402602368e-19	c11	SH2D3C
9.02170718425129e-24	1.26427877939344	0.06	0.033	1.78539585176333e-19	c11	ZNF397
1.59672894413149e-23	1.20948271522897	0.083	0.051	3.15992658043622e-19	c11	TSPAN32
1.65730460239374e-23	2.21223397305007	0.011	0.003	3.27980580813722e-19	c11	IFNL1
1.83478691044262e-23	0.521261415737051	0.334	0.299	3.63104329576595e-19	c11	IL16
2.3420461053326e-23	1.17618021998153	0.089	0.056	4.63490924245322e-19	c11	DZIP3
2.557788714478e-23	2.89931676089037	0.013	0.004	5.06186386595196e-19	c11	CEND1
3.07422303859308e-23	0.248941003933089	0.677	0.696	6.0838873933757e-19	c11	C12orf57
3.79993370671946e-23	0.960197496075706	0.167	0.128	7.52006880559781e-19	c11	DAXX
4.44512058443605e-23	0.670091875167872	0.29	0.262	8.79689363659895e-19	c11	TWF2
6.19055344110216e-23	1.26518665085574	0.06	0.034	1.22511052599412e-18	c11	ZFP14
9.44717083643268e-23	0.172620930078998	0.84	0.845	1.86959510853003e-18	c11	COX4I1
1.17764926678089e-22	1.0594273484901	0.127	0.09	2.33056789895938e-18	c11	CALHM2
1.40915153529011e-22	0.422685221964086	0.452	0.446	2.78871088833913e-18	c11	SKAP1
1.5540488375495e-22	0.787088241776653	0.231	0.195	3.07546264951045e-18	c11	NAA38
3.55703903532724e-22	0.633352848726531	0.283	0.248	7.03938025091261e-18	c11	LNPEP
3.68499861838234e-22	1.5037474590099	0.025	0.01	7.29261226577865e-18	c11	CALY
5.47179019699792e-22	1.84539841247777	0.022	0.009	1.08286727998589e-17	c11	ELOVL6
7.26405930942417e-22	0.462951845021799	0.396	0.378	1.43755733733504e-17	c11	SUN2
9.31845669581752e-22	0.649416705242102	0.287	0.258	1.84412258010229e-17	c11	PET100
9.5876123955626e-22	0.647029921195279	0.273	0.238	1.89738849308184e-17	c11	TAF10
9.65575386037584e-22	0.30609959557579	0.557	0.572	1.91087368896838e-17	c11	MZT2B
1.50187638198316e-21	1.48622704941762	0.039	0.019	2.97221335994468e-17	c11	ERMP1
1.94698719532394e-21	0.622198307753423	0.29	0.259	3.85308765954608e-17	c11	NME3
2.14502640697041e-21	0.13040833987531	0.916	0.917	4.24500725939444e-17	c11	EEF1D
2.76404342147198e-21	0.589810229659985	0.328	0.307	5.47004193109305e-17	c11	POLD4
3.7294583544604e-21	0.87052611001209	0.188	0.151	7.38059808347714e-17	c11	AGTRAP
4.01241340317475e-21	1.03370514900011	0.111	0.077	7.94056612488282e-17	c11	PMS1
6.31693787788599e-21	1.12667604722064	0.081	0.051	1.25012200603364e-16	c11	NMT2
6.81307553622429e-21	1.52038767132748	0.041	0.021	1.34830764861879e-16	c11	DBN1
7.14056443485872e-21	1.94185464331788	0.024	0.01	1.41311770165854e-16	c11	PIF1
7.47380665126605e-21	0.48720787244279	0.386	0.372	1.47906633628555e-16	c11	TLN1
1.3474194260548e-20	0.417495093155894	0.416	0.399	2.66654304416244e-16	c11	ANXA5
1.46423869509231e-20	0.676764443284586	0.249	0.214	2.89772837758768e-16	c11	PCED1B
1.75380994179852e-20	1.96991167450572	0.018	0.007	3.47078987481928e-16	c11	CRACR2B
1.84686201006544e-20	0.702120870411873	0.273	0.245	3.65493991791951e-16	c11	ATRAID
1.86571963050897e-20	0.987770474600668	0.125	0.09	3.69225914877726e-16	c11	UNC13D
2.23334351674111e-20	1.56875810065721	0.03	0.013	4.41978681963066e-16	c11	PLPP6
2.28731576105785e-20	2.02148314838027	0.015	0.005	4.52659789113348e-16	c11	FCGBP
2.70639085724895e-20	0.728968835452058	0.209	0.17	5.35594750649567e-16	c11	AC116366.3
2.97160161919024e-20	0.296896694657027	0.557	0.571	5.88079960437748e-16	c11	COX6C
2.98123624292386e-20	1.3989279941733	0.046	0.024	5.89986652474633e-16	c11	NUP43
4.15173237038416e-20	0.610373194998283	0.299	0.273	8.21627836099026e-16	c11	IMP3
4.73025535504732e-20	0.942400697747732	0.128	0.093	9.36117534763865e-16	c11	ARL16
6.18363021654323e-20	1.18003749526987	0.07	0.043	1.22374041985391e-15	c11	ZNF226
6.56054096671181e-20	1.17778172055032	0.087	0.058	1.29833105731227e-15	c11	HDDC3
1.2346801735063e-19	0.684451878975456	0.201	0.164	2.44343206336898e-15	c11	ERAP2
1.23833516259782e-19	1.82115729317238	0.017	0.006	2.45066528678108e-15	c11	ATP1A3
1.3465669130899e-19	1.59248378848172	0.035	0.017	2.66485592100491e-15	c11	TFEB
1.55019833293668e-19	1.84051015128789	0.018	0.006	3.06784250088169e-15	c11	ZNF594
1.90264708639036e-19	0.838672001540222	0.176	0.141	3.76533858396652e-15	c11	CABIN1
1.95166283649163e-19	0.317761861250033	0.524	0.54	3.86234075341693e-15	c11	PRR13
1.99624906311408e-19	0.666593576003251	0.277	0.251	3.95057689590277e-15	c11	HMOX2
2.34148557484225e-19	1.36397034360763	0.084	0.055	4.63379995261281e-15	c11	SCCPDH
2.647171222019e-19	1.0731254713672	0.062	0.037	5.2387518483756e-15	c11	AKAP7
2.69903636028909e-19	0.271363254516827	0.581	0.6	5.3413929570121e-15	c11	NDUFA4
2.87002240479943e-19	0.451068791667431	0.388	0.38	5.67977433909806e-15	c11	PRELID1
3.52090250594299e-19	1.08917213928229	0.087	0.058	6.96786605926117e-15	c11	SDHAF1
3.5729445296409e-19	1.28660064683776	0.067	0.041	7.07085722415935e-15	c11	RPE
4.26534841495937e-19	1.36565095009543	0.028	0.013	8.44112451320458e-15	c11	PLCH2
6.70631860186578e-19	0.37859109441728	0.442	0.437	1.32718045130924e-14	c11	IQGAP1
7.67001479476437e-19	1.4258104720301	0.027	0.012	1.51789592788387e-14	c11	HIST1H4B
8.03267454159516e-19	0.107631872424084	0.94	0.937	1.58966629178168e-14	c11	RPL35
8.88223872028472e-19	0.544080153336642	0.34	0.327	1.75779504274435e-14	c11	SF3B5
9.68912676690446e-19	1.62132598004131	0.023	0.01	1.91747818717039e-14	c11	ADAM28
1.30174398789956e-18	1.21712310803873	0.053	0.03	2.57615135205322e-14	c11	C1RL
1.51818133557777e-18	0.408614814886247	0.418	0.42	3.0044808631084e-14	c11	ATP5PF
2.1130002245039e-18	1.4208811628726	0.033	0.016	4.18162744429322e-14	c11	ZNF248
2.18353538540662e-18	0.251260087680164	0.568	0.578	4.32121652771971e-14	c11	ARL6IP5
2.23432198452665e-18	0.765042661800964	0.218	0.185	4.42172320737824e-14	c11	TSPAN5
2.33276401925588e-18	1.2818322504007	0.053	0.031	4.61653999410739e-14	c11	CD101
2.37792548173509e-18	0.402888430724947	0.447	0.456	4.70591452835375e-14	c11	SRSF9
2.5506325712329e-18	0.38857675062954	0.453	0.462	5.04770185846991e-14	c11	BRK1
3.60146616266173e-18	0.872850755472671	0.145	0.111	7.12730153590757e-14	c11	KLF13
3.613689461667e-18	1.99157761696519	0.013	0.004	7.15149144463898e-14	c11	HIST1H4I
4.0826119758984e-18	1.75429697084844	0.021	0.009	8.07948910030294e-14	c11	BMF
4.64574834137748e-18	0.712963310677334	0.214	0.18	9.19393596758604e-14	c11	TTC14
5.64750429759364e-18	0.845080143490202	0.167	0.133	1.11764110049378e-13	c11	GNPTAB
6.42000489913065e-18	0.954856111092301	0.095	0.066	1.27051896953796e-13	c11	ZNF708
6.49852581197479e-18	0.421526873545703	0.421	0.424	1.28605825818981e-13	c11	SEM1
1.01378234078688e-17	0.105537411589506	0.929	0.931	2.00627525241724e-13	c11	RPL13A
1.2306071727435e-17	0.735692002468644	0.219	0.187	2.43537159485939e-13	c11	LASP1
1.26824026871513e-17	1.25708578450867	0.038	0.02	2.50984749178725e-13	c11	PRAG1
2.0486490615335e-17	0.486510568566155	0.348	0.328	4.0542764927748e-13	c11	PTPN7
2.08024263663261e-17	1.66576768657428	0.023	0.01	4.11680017789593e-13	c11	RASSF4
2.24751827156681e-17	1.38150620044748	0.032	0.016	4.44783865943071e-13	c11	CARF
2.39997426424531e-17	1.31767575585819	0.042	0.023	4.74954906894148e-13	c11	RTL6
2.66934339031219e-17	0.325620556889812	0.477	0.485	5.28263056942781e-13	c11	ATP5MC3
2.7394210798308e-17	1.03553516319855	0.064	0.04	5.42131431698514e-13	c11	ABCB1
2.81667955053312e-17	0.993498960712071	0.101	0.072	5.57420883050505e-13	c11	ING4
2.90358369003768e-17	0.232654478337704	0.626	0.655	5.74619212258456e-13	c11	GABARAP
3.15070147554012e-17	1.16211901698327	0.057	0.035	6.23523822009391e-13	c11	ANKAR
3.30154843361292e-17	1.35362783029457	0.033	0.017	6.53376435011996e-13	c11	SLC14A1
4.01813995168743e-17	1.51213170614638	0.042	0.023	7.95189896438943e-13	c11	ANKS1B
4.36988375520222e-17	1.04530500059246	0.08	0.053	8.6479999515452e-13	c11	B3GALT4
5.22404788259132e-17	0.930064047752772	0.135	0.103	1.03383907596482e-12	c11	SDR39U1
5.55077084070064e-17	1.21385269034582	0.055	0.033	1.09849754937466e-12	c11	H6PD
5.61895694325909e-17	0.465645548086259	0.377	0.372	1.11199157907097e-12	c11	DYNLRB1
1.11909014844547e-16	1.80906073060715	0.016	0.006	2.21467940377358e-12	c11	PAQR6
1.20648684372868e-16	0.878389551047665	0.115	0.085	2.38763746373906e-12	c11	ADA2
1.21259085883006e-16	2.37526912614796	0.011	0.004	2.39971730962469e-12	c11	GLDC
1.28202707546851e-16	0.361422723439011	0.461	0.476	2.53713158235217e-12	c11	WDR83OS
1.36286210516285e-16	1.42046121773111	0.03	0.015	2.69710410611727e-12	c11	NAGLU
1.39075886654355e-16	0.666615707762334	0.225	0.196	2.75231179688969e-12	c11	MGAT1
1.46906021702727e-16	0.53229638421102	0.259	0.226	2.90727016949696e-12	c11	GIMAP1
1.47081130557489e-16	1.3614273964482	0.043	0.024	2.9107355737327e-12	c11	MAP3K6
1.74479565315192e-16	1.63014759891751	0.022	0.01	3.45295059758765e-12	c11	SLC2A6
1.75052270580585e-16	0.924337334673812	0.143	0.112	3.46428443478979e-12	c11	DPM3
1.93530787111534e-16	0.396514343205865	0.373	0.353	3.82997427693726e-12	c11	IFI16
2.58003301100158e-16	1.0737213315967	0.081	0.055	5.10588532877213e-12	c11	POLM
2.582182628347e-16	1.07026088311026	0.092	0.065	5.11013942149871e-12	c11	MPHOSPH9
2.7744278589037e-16	0.538337820803311	0.329	0.319	5.49059273277042e-12	c11	COX7A2L
3.21356069456212e-16	0.856260045368949	0.125	0.094	6.35963661453843e-12	c11	YPEL2
3.98454114448834e-16	0.927896817461499	0.097	0.068	7.88540692494243e-12	c11	ZNF652
4.51808845477293e-16	0.196600297490665	0.699	0.722	8.94129705199563e-12	c11	ARPC3
4.78952892274738e-16	0.177126774376185	0.773	0.784	9.47847773811706e-12	c11	MIF
4.86824994808556e-16	0.52628895719556	0.339	0.331	9.63426664726132e-12	c11	ECH1
7.49985724642669e-16	0.895876156399375	0.131	0.1	1.48422174906784e-11	c11	G6PD
8.24582325068723e-16	1.04107079622823	0.078	0.053	1.631848421311e-11	c11	TFB1M
9.44336906914294e-16	1.22501270136823	0.039	0.021	1.86884273878339e-11	c11	BMPR1A
1.1986096267147e-15	0.515650766200263	0.338	0.329	2.3720484512684e-11	c11	NAP1L4
1.26147094877235e-15	1.87229068664197	0.017	0.007	2.49645100762047e-11	c11	AC068775.1
1.5821532273946e-15	1.17393555299997	0.047	0.028	3.13108123701391e-11	c11	FAM8A1
1.89290523766051e-15	1.05668479509384	0.084	0.058	3.74605946533016e-11	c11	SUGP2
2.03158752728084e-15	1.11300979906222	0.069	0.045	4.02051171648877e-11	c11	TMIGD2
2.03789184714364e-15	0.699963426822923	0.186	0.154	4.03298796549727e-11	c11	ZBTB7A
2.19109331751643e-15	0.609627829858517	0.217	0.186	4.33617367536502e-11	c11	ATP8A1
2.60833824599882e-15	1.57873790911703	0.025	0.012	5.16190138883167e-11	c11	KLRC2
2.93831175588788e-15	0.574687065483557	0.302	0.29	5.81491896490212e-11	c11	COPS9
3.06023137624524e-15	1.49983447756585	0.028	0.014	6.05619789358933e-11	c11	MSH5
3.20263333611109e-15	1.37982180559187	0.031	0.016	6.33801137216385e-11	c11	OSGEPL1
3.45444539781747e-15	0.384450976573797	0.44	0.453	6.83634744228076e-11	c11	ARL6IP4
3.46798753689301e-15	0.8175790987401	0.149	0.119	6.86314733551128e-11	c11	GRK2
3.83471362027598e-15	1.39578089796386	0.041	0.023	7.58889825452616e-11	c11	CHST14
3.93649077392236e-15	0.83808057824712	0.109	0.08	7.79031524159234e-11	c11	ZNF493
4.18436651026529e-15	0.932096199531948	0.098	0.07	8.28086132381502e-11	c11	TCTA
4.84771179332573e-15	0.732182442823054	0.204	0.176	9.59362163899162e-11	c11	ATF6B
5.00151177648004e-15	1.14539074441182	0.059	0.037	9.897991805654e-11	c11	ZNF808
5.09651283831906e-15	1.33303058983391	0.035	0.019	1.00859989070334e-10	c11	ACCS
5.5315603691318e-15	1.08051767631033	0.07	0.047	1.09469579705118e-10	c11	FAM219B
5.82627570430143e-15	1.20011404393914	0.071	0.048	1.15301996188125e-10	c11	DCLRE1C
6.40597806132726e-15	1.79198411764575	0.014	0.005	1.26774305833666e-10	c11	ZFP3
6.79526409529401e-15	0.206741171423837	0.682	0.718	1.34478276445869e-10	c11	UQCRB
8.56935252769008e-15	1.35406771941871	0.032	0.017	1.69587486522987e-10	c11	PDLIM4
8.66907368361767e-15	0.130562612980917	0.836	0.846	1.71560968198794e-10	c11	RPL27A
8.99104547571727e-15	0.693691552052137	0.221	0.196	1.77932789964445e-10	c11	FBXW5
9.54732709018698e-15	0.509815025386129	0.248	0.219	1.889416031148e-10	c11	SYNE1
1.16731939210576e-14	1.05987354246948	0.104	0.077	2.31012507697731e-10	c11	STK16
1.17681632346904e-14	0.896867381152841	0.137	0.109	2.32891950414523e-10	c11	PIN4
1.20135161828986e-14	0.688460713286554	0.213	0.186	2.37747485259563e-10	c11	MDFIC
1.57988714900907e-14	0.764683860493847	0.129	0.099	3.12659666788896e-10	c11	PARP15
1.68721495622648e-14	1.68976115717736	0.017	0.007	3.3389983983722e-10	c11	B3GAT1
1.97712730277274e-14	1.19428141761068	0.03	0.016	3.91273493218726e-10	c11	COLGALT2
2.04119352471935e-14	0.939181516066012	0.077	0.053	4.03952198541959e-10	c11	DBP
2.04787565452751e-14	0.739714829999156	0.176	0.148	4.05274592030994e-10	c11	FAM173A
2.33364729617106e-14	0.273735924289326	0.524	0.535	4.61828799912253e-10	c11	CD48
2.37437358422306e-14	0.557365229566306	0.254	0.229	4.69888532317744e-10	c11	INPP4B
2.87479776145786e-14	0.287975764867533	0.505	0.535	5.68922476992511e-10	c11	SPCS1
2.91040850315819e-14	0.39002694280016	0.406	0.414	5.75969842775005e-10	c11	VAMP8
3.6766234990708e-14	0.997286910854467	0.094	0.068	7.27603790466111e-10	c11	IVD
4.7347806749658e-14	0.854210976146569	0.147	0.119	9.37013095575732e-10	c11	PTPN18
5.072941364835e-14	0.884311124816643	0.139	0.112	1.00393509610085e-09	c11	PFDN6
5.30875474094191e-14	0.85503776214488	0.103	0.076	1.0506025632324e-09	c11	ZNF160
5.35229228248389e-14	1.1228369470351	0.051	0.032	1.05921864270356e-09	c11	RECK
5.3951054950861e-14	1.13102620045243	0.052	0.032	1.06769137747754e-09	c11	KIAA1671
5.79405385381119e-14	0.77116150056926	0.164	0.136	1.14664325766923e-09	c11	UBASH3A
6.32055079508304e-14	1.3512190531529	0.023	0.011	1.25083700234693e-09	c11	NOXA1
6.77731336206858e-14	1.71684222530962	0.016	0.007	1.34123031435337e-09	c11	STYK1
7.44386770312859e-14	1.46721921018875	0.021	0.01	1.47314141844915e-09	c11	WDR5B
7.6672790905722e-14	0.595105916059176	0.271	0.254	1.51735453202424e-09	c11	CNPY3
8.12240547022466e-14	1.12823410939499	0.075	0.052	1.60742404255746e-09	c11	OGG1
8.34025559894613e-14	0.215583199056083	0.636	0.675	1.65053658303144e-09	c11	EDF1
1.00733278236534e-13	0.530914854665764	0.291	0.271	1.99351157630101e-09	c11	LIME1
1.12559342874578e-13	1.19903151025272	0.05	0.031	2.2275493954879e-09	c11	AMIGO2
1.20575893163626e-13	1.29477921801127	0.038	0.022	2.38619692570815e-09	c11	ZNF254
1.2560351043437e-13	1.14520532210026	0.05	0.031	2.48569347149618e-09	c11	ZCCHC3
1.46803005346163e-13	0.752906475058989	0.196	0.171	2.90523147580058e-09	c11	PARVG
1.70108083923208e-13	1.23979557376313	0.035	0.02	3.36643898084029e-09	c11	NSMF
1.73207373738014e-13	0.247911379521673	0.572	0.598	3.4277739262753e-09	c11	CAPZB
1.83719896682667e-13	1.15770111965337	0.049	0.03	3.63581675534997e-09	c11	VAMP1
1.8574176051611e-13	1.13438403271733	0.051	0.032	3.67582944061382e-09	c11	ZNF780A
1.94167517950492e-13	1.14924829003092	0.05	0.031	3.84257518024024e-09	c11	SEMA4A
2.18312168304073e-13	1.49742705964062	0.02	0.009	4.3203978107376e-09	c11	TBKBP1
2.78677749531266e-13	0.251834172233663	0.557	0.584	5.51503266322375e-09	c11	COX5B
3.04749126346118e-13	1.01033442590619	0.067	0.045	6.03098521038968e-09	c11	AC093323.1
3.09896180203659e-13	0.353425394601289	0.434	0.45	6.13284540623042e-09	c11	NDUFA1
3.3440457765067e-13	0.883760000997909	0.101	0.076	6.61786659170676e-09	c11	ZFP90
3.423467179735e-13	0.693533758905523	0.18	0.152	6.77504154869556e-09	c11	ST8SIA4
3.89397707392808e-13	0.957713915453566	0.043	0.026	7.70618062930367e-09	c11	ZBTB16
4.17875807336991e-13	0.572881517743493	0.281	0.267	8.26976222719906e-09	c11	POLR3GL
4.36077832625796e-13	0.898202611656702	0.129	0.102	8.62998030766451e-09	c11	RPS6KA1
4.73404851308694e-13	1.38163683928101	0.025	0.013	9.36868200739905e-09	c11	SLC16A13
4.98865908265022e-13	0.760294360216302	0.089	0.064	9.87255632456479e-09	c11	MCOLN2
5.04740351420722e-13	1.57672980759914	0.018	0.008	9.98881155461609e-09	c11	RASA4B
5.83151955684101e-13	1.62023501406897	0.022	0.011	1.15405772029884e-08	c11	SLC25A35
7.20312289149904e-13	1.38373884997956	0.04	0.024	1.42549802022766e-08	c11	NAA40
7.45802256795698e-13	0.843204305760952	0.097	0.072	1.47594266619869e-08	c11	TNFRSF10A
7.68528952476661e-13	1.61530492160114	0.015	0.006	1.52091879695131e-08	c11	GAL3ST2
7.80585230535473e-13	0.314888336290073	0.482	0.504	1.5447781712297e-08	c11	SRRM2
9.2656502419492e-13	0.995150751252194	0.055	0.036	1.83367218288175e-08	c11	SMAD5
1.02509697760514e-12	0.963322659472815	0.06	0.04	2.02866691868057e-08	c11	TMEM168
1.09652048746534e-12	0.129855640859902	0.796	0.816	2.1700140446939e-08	c11	LAPTM5
1.10486652084778e-12	0.165799899999314	0.771	0.793	2.18653084475776e-08	c11	ARPC2
1.38055540812697e-12	1.39461990455876	0.024	0.012	2.73211915268327e-08	c11	ZNF500
1.48578445479907e-12	1.07930135573605	0.056	0.037	2.94036743604735e-08	c11	GATAD1
1.97551745675181e-12	1.19063110126574	0.036	0.021	3.90954904691183e-08	c11	FAM228B
2.09124287630868e-12	1.78328501323784	0.017	0.008	4.13856965221487e-08	c11	DIXDC1
2.12674968786661e-12	1.13181794911091	0.06	0.041	4.20883763228803e-08	c11	MED7
2.24456624722681e-12	0.303084724135353	0.47	0.487	4.44199660326187e-08	c11	SLC9A3R1
2.34514776648763e-12	0.704204139362519	0.153	0.126	4.64104742987901e-08	c11	PIP4K2A
2.48378949808444e-12	0.753190112901948	0.144	0.118	4.9154194167091e-08	c11	HEXA
2.57269441532739e-12	1.14646612005824	0.042	0.026	5.09136224793291e-08	c11	DNASE1
2.59890254188078e-12	1.3466715252552	0.035	0.02	5.14322813038207e-08	c11	CDPF1
2.9488055324995e-12	0.829422432243187	0.133	0.107	5.83568614881651e-08	c11	APOBEC3H
3.59384940903808e-12	0.162804520059424	0.712	0.751	7.11222798048636e-08	c11	CD37
4.20595119947678e-12	0.819298834509227	0.123	0.098	8.32357742376455e-08	c11	KRIT1
4.42865760566021e-12	0.839150005984805	0.107	0.083	8.76431340160156e-08	c11	ZNF302
4.80195575712299e-12	0.91780477971649	0.087	0.064	9.5030704433464e-08	c11	MAN2B2
5.42051903948143e-12	0.63914374179893	0.242	0.225	1.07272071791338e-07	c11	HSPB11
5.47701117548859e-12	0.674982122247591	0.204	0.181	1.08390051162919e-07	c11	GRAP2
5.71632318796773e-12	1.19982521564831	0.04	0.024	1.13126035889881e-07	c11	ZNF253
6.953456171212e-12	0.909162384210962	0.113	0.089	1.37608897628285e-07	c11	COA5
7.05533117233789e-12	0.904717666513724	0.088	0.065	1.39625003900567e-07	c11	NNT
7.53389299814222e-12	1.54402587249029	0.018	0.009	1.49095742433235e-07	c11	ACTL10
8.05414791163254e-12	0.753352072334759	0.166	0.142	1.59391587171208e-07	c11	NELFCD
8.1901870968095e-12	0.352017870028727	0.416	0.427	1.6208380264586e-07	c11	TSPO
8.42537539950926e-12	0.846691352034471	0.1	0.076	1.66738179156288e-07	c11	CDC16
8.49987163544403e-12	0.638755912119938	0.233	0.216	1.68212459665437e-07	c11	NDUFB3
1.04049881743335e-11	1.25531601129363	0.04	0.024	2.05914715970059e-07	c11	BRD3OS
1.15026071400901e-11	0.648739039539233	0.215	0.195	2.27636595302383e-07	c11	PPCS
1.22812225228127e-11	1.82248686745214	0.011	0.004	2.43045393726463e-07	c11	HIST1H2BE
1.36936449626126e-11	0.939303521110723	0.084	0.061	2.70997233810103e-07	c11	ZBED5
1.40948856462616e-11	0.743539002440458	0.15	0.125	2.78937786939516e-07	c11	ARHGAP18
1.58944339487178e-11	0.849336077056076	0.107	0.083	3.14550847845125e-07	c11	RTL8C
1.63078042844719e-11	1.27899537167577	0.047	0.031	3.22731446789698e-07	c11	MAGEF1
1.77471401990664e-11	0.749747772865031	0.14	0.115	3.51215904539524e-07	c11	RICTOR
1.92293237242996e-11	1.12001328558807	0.025	0.014	3.80548316503889e-07	c11	TRIM73
1.94919856682498e-11	0.491734157578732	0.308	0.301	3.85746396374663e-07	c11	SYNRG
2.08951705909376e-11	0.755621694142736	0.125	0.1	4.13515425994655e-07	c11	MDM4
2.09582489190567e-11	0.830520138740453	0.125	0.101	4.14763746108132e-07	c11	DIDO1
2.29987252340562e-11	0.597891490574843	0.271	0.259	4.55144772381972e-07	c11	ATP5ME
2.51928232788261e-11	1.48676509194541	0.023	0.012	4.98565972687969e-07	c11	KCNK12
2.57985684327852e-11	1.5152998314721	0.017	0.008	5.10553669284819e-07	c11	PPM1N
2.58950418430833e-11	0.942268996679325	0.094	0.072	5.12462878074618e-07	c11	ADORA2A
2.6483090611253e-11	0.582335540053099	0.228	0.207	5.24100363196697e-07	c11	PRRC2B
2.7986099078719e-11	0.759526395713108	0.167	0.145	5.5384490076785e-07	c11	PNKD
3.01012903011718e-11	1.81951500931526	0.012	0.005	5.95704535060189e-07	c11	HIST3H2BB
3.25070355924606e-11	1.4774888860524	0.016	0.007	6.43314234374796e-07	c11	ZNF555
3.25978380179358e-11	1.52020504258507	0.016	0.007	6.4511121437495e-07	c11	AZIN2
3.42514770311109e-11	0.853235703755077	0.111	0.088	6.77836730445685e-07	c11	TMEM203
3.47062617647781e-11	1.31462726995893	0.033	0.019	6.86836920324959e-07	c11	FBXW8
3.72772571069819e-11	0.571628144380875	0.23	0.21	7.37716918147171e-07	c11	TMEM109
3.7485216830383e-11	1.02756075083087	0.058	0.04	7.4183244107328e-07	c11	TRIM35
3.99659765242632e-11	0.920309938381215	0.059	0.04	7.90926675415169e-07	c11	USP28
4.53816902414896e-11	1.56689307097126	0.018	0.009	8.98103649879078e-07	c11	WDCP
4.64438985595311e-11	1.40974525612986	0.027	0.015	9.1912475249312e-07	c11	ZNF691
4.71972369289733e-11	1.73410128528386	0.015	0.007	9.34033318824381e-07	c11	NT5M
5.38238373973662e-11	0.819307124472362	0.123	0.099	1.06517374209388e-06	c11	SMPD1
5.47849396068503e-11	1.02603266650205	0.064	0.045	1.08419395481957e-06	c11	CLIC5
6.07842905483956e-11	0.808757816069101	0.133	0.11	1.20292110995275e-06	c11	A1BG
6.18585611547101e-11	1.03408271197062	0.061	0.043	1.22418092525171e-06	c11	TMEM42
6.27564284263963e-11	0.957466021351454	0.073	0.052	1.24194971855838e-06	c11	LANCL1
6.28839308502037e-11	0.816472959760221	0.089	0.067	1.24447299152553e-06	c11	DYRK2
7.16642364907231e-11	1.07086206384668	0.05	0.033	1.41823524015141e-06	c11	ENG
7.31544206787453e-11	1.25201010205818	0.043	0.027	1.44772598523237e-06	c11	HEMK1
7.53523345686767e-11	0.594506269596792	0.258	0.247	1.49122270111411e-06	c11	PIN1
8.31061130839746e-11	0.490619832063563	0.298	0.289	1.64466997793186e-06	c11	TAF15
8.73230457097273e-11	0.560091862782575	0.247	0.23	1.7281230745955e-06	c11	PNN
1.00952028632968e-10	1.45772036018733	0.02	0.01	1.99784064664644e-06	c11	JRK
1.11804012005252e-10	0.509377308248645	0.267	0.251	2.21260139758394e-06	c11	SEMA4D
1.11817671929791e-10	0.69652518722511	0.216	0.2	2.21287172749056e-06	c11	TEX264
1.14313125209953e-10	0.541448958651213	0.285	0.276	2.26225674790497e-06	c11	CHCHD10
1.2060290794618e-10	1.30528688371081	0.024	0.013	2.38673154825491e-06	c11	SULT1A1
1.35720988440231e-10	0.624085570038605	0.228	0.212	2.68591836123217e-06	c11	MIEN1
1.36309351629958e-10	1.19698260330373	0.036	0.022	2.69756206875686e-06	c11	SFT2D3
1.41105962147605e-10	0.681858533162628	0.175	0.152	2.7924869909011e-06	c11	SLFN12L
1.41970999361211e-10	1.07216834256852	0.046	0.03	2.80960607735837e-06	c11	TMCO6
1.60544577446355e-10	1.27950675673074	0.019	0.009	3.17717718766337e-06	c11	RTP5
1.73087002963462e-10	0.436168236459155	0.349	0.354	3.42539178864692e-06	c11	ATP5MPL
1.79768303615502e-10	0.528939972742917	0.238	0.219	3.55761472855078e-06	c11	C19orf66
1.91625185533355e-10	0.675798526385612	0.169	0.147	3.79226242170509e-06	c11	SAT2
2.71410714138644e-10	0.481332056358665	0.303	0.299	5.37121803280377e-06	c11	TSTD1
2.74428750963352e-10	0.681369689871626	0.175	0.153	5.43094498156474e-06	c11	PHC3
2.98018016526357e-10	0.851570650495052	0.107	0.084	5.8977765470566e-06	c11	TMEM223
3.02876873127347e-10	1.41566675297239	0.018	0.009	5.99393331919021e-06	c11	PLS3
3.15142814776143e-10	0.134287427102624	0.083	0.12	6.23667630441986e-06	c11	POLDIP2
3.24398128145755e-10	0.347950419436449	0.402	0.42	6.41983895600449e-06	c11	PSMB3
3.3934090830877e-10	0.675978309844538	0.179	0.157	6.71555657543056e-06	c11	ATP2A3
3.40337784181175e-10	0.995928585562707	0.062	0.044	6.73528474894546e-06	c11	FANCF
3.56237725749945e-10	0.580965811418317	0.16	0.136	7.04994459259142e-06	c11	SYTL2
3.65330209870406e-10	1.0897386169389	0.055	0.038	7.22988485333533e-06	c11	LRRC14
3.71069647837745e-10	1.22073424501656	0.037	0.023	7.34346833070896e-06	c11	TBCEL
4.21708037537701e-10	0.957021135124192	0.074	0.054	8.34560206287111e-06	c11	FAM122B
4.75888249911121e-10	0.26340958597304	0.513	0.541	9.41782846574108e-06	c11	HMGN1
4.81311865973723e-10	1.10077900180694	0.045	0.029	9.52516182761998e-06	c11	GPD1L
5.05576418663666e-10	0.602539886450152	0.222	0.206	1.0005357325354e-05	c11	ATP5MC1
5.81648676512964e-10	0.293823206895946	0.441	0.452	1.15108273081916e-05	c11	CALM3
6.06864340132331e-10	0.783067447105673	0.144	0.122	1.20098452912188e-05	c11	PCID2
6.88767570784446e-10	0.510197241463974	0.301	0.302	1.36307102258242e-05	c11	NDUFS8
6.97190189027271e-10	0.600192710903158	0.197	0.177	1.37973938408497e-05	c11	NSD1
7.43978805608844e-10	1.15006581064812	0.036	0.023	1.4723340562999e-05	c11	RASGEF1A
7.72922570976912e-10	0.909954163135122	0.052	0.036	1.52961376796331e-05	c11	ANKMY1
8.05562606710239e-10	0.555847818953469	0.258	0.247	1.59420839867956e-05	c11	LSM2
8.19196314716589e-10	0.664084533452075	0.199	0.181	1.62118950682413e-05	c11	SNRPA
8.41345812409206e-10	1.02879174590378	0.052	0.036	1.66502336275782e-05	c11	RNASEL
8.7504397881268e-10	0.784418373230245	0.119	0.097	1.73171203407029e-05	c11	PIGC
8.93288182131451e-10	0.957420496998856	0.078	0.058	1.76781731243814e-05	c11	SLF2
1.02029107905672e-09	0.910999205011145	0.089	0.069	2.01915604545324e-05	c11	PIGS
1.04937067909946e-09	0.733603257654751	0.15	0.129	2.07670457393784e-05	c11	MTG1
1.07918609294169e-09	0.641678924010338	0.147	0.125	2.1357092779316e-05	c11	GIMAP2
1.10655340679769e-09	0.969020039156879	0.066	0.048	2.18986919205263e-05	c11	TSC2
1.13202134524235e-09	0.911111669118771	0.08	0.061	2.2402702422346e-05	c11	RABL2B
1.17674708271082e-09	0.600498645034857	0.225	0.21	2.32878247668472e-05	c11	SH3BP1
1.18220407534901e-09	0.625316211902139	0.214	0.197	2.33958186511568e-05	c11	MYO1G
1.25557195196631e-09	0.844625259129163	0.079	0.06	2.48477689294133e-05	c11	PATL2
1.29740612485743e-09	1.00173746376438	0.038	0.024	2.56756672109285e-05	c11	ANKS3
1.32318559204672e-09	0.773036398596108	0.167	0.148	2.61858428666046e-05	c11	PPM1M
1.40738231835237e-09	1.01273449779151	0.088	0.068	2.78520960801935e-05	c11	ARL3
1.44039061374271e-09	1.22577196746718	0.022	0.012	2.85053302459683e-05	c11	TIGD1
1.63060586750646e-09	1.34692847201983	0.019	0.01	3.22696901179529e-05	c11	ZNF441
1.6826020352286e-09	0.26449384172059	0.505	0.542	3.32986942771739e-05	c11	RNASEK
1.7225044939209e-09	1.10027335477953	0.044	0.029	3.40883639346946e-05	c11	AJM1
1.73253373806311e-09	0.706268550151657	0.136	0.114	3.4286842676269e-05	c11	AKTIP
1.78148207034056e-09	1.18667734399767	0.032	0.019	3.52555301720397e-05	c11	ZNF251
1.80198393932274e-09	1.26249768794446	0.029	0.017	3.5661262159197e-05	c11	ZNF234
2.00810799545974e-09	0.971394702265239	0.052	0.036	3.97404572301484e-05	c11	HAGHL
2.03273553250544e-09	1.07451818574285	0.042	0.027	4.02278361882826e-05	c11	ABCD2
2.08299478555217e-09	0.477429565342958	0.249	0.23	4.12224668060775e-05	c11	CMC1
2.11777360367803e-09	0.578603468430158	0.235	0.22	4.19107396167882e-05	c11	KMT2A
2.24060540690068e-09	1.32406211814173	0.027	0.016	4.43415810025645e-05	c11	NLRX1
2.39245873866945e-09	0.844929515529448	0.103	0.082	4.73467584382685e-05	c11	ZNF585A
2.64790425878316e-09	0.913200840239331	0.052	0.035	5.24020252813187e-05	c11	TAP2
2.68200868287976e-09	0.680167737147976	0.158	0.137	5.30769518341904e-05	c11	CCS
2.83378386316875e-09	0.620199810367489	0.215	0.199	5.60805826521096e-05	c11	PTPRA
2.8387521656677e-09	0.367853866741598	0.384	0.397	5.61789053585639e-05	c11	GNAI2
2.88964223909382e-09	1.57560725780153	0.014	0.006	5.71860199116667e-05	c11	MEGF8
3.03766578438593e-09	0.690617464687473	0.165	0.144	6.01154058729976e-05	c11	MYO9B
3.15770864952995e-09	1.38499710604516	0.014	0.006	6.24910541741978e-05	c11	HIST2H3D
3.35026568877846e-09	0.72738805942389	0.133	0.113	6.63017579809256e-05	c11	NMRAL1
3.57251590750735e-09	0.974896240044739	0.073	0.054	7.07000898095704e-05	c11	RPP25L
3.61276461563073e-09	0.83378133387983	0.109	0.089	7.14966117433321e-05	c11	ANKRD49
3.78976172435941e-09	0.847632735280567	0.098	0.078	7.49993845250727e-05	c11	ADCY7
3.81305188945681e-09	0.100180753527489	0.092	0.128	7.54602968923503e-05	c11	ATP6V1D
4.10153581706699e-09	1.13690302487162	0.022	0.012	8.11693938197558e-05	c11	SAP25
4.11666520784727e-09	1.03840382960849	0.046	0.031	8.14688044632975e-05	c11	GBA2
4.29821351295325e-09	1.10795646901195	0.027	0.016	8.50616454213449e-05	c11	CIITA
4.33336600876771e-09	0.650115690882521	0.203	0.187	8.57573133135129e-05	c11	RHOC
4.71523187788622e-09	0.988221456646475	0.068	0.05	9.33144388633682e-05	c11	PIGBOS1
4.74609092440958e-09	1.06328530241635	0.026	0.015	9.39251393940657e-05	c11	ZBTB37
4.77880468836139e-09	0.604944118908056	0.197	0.18	9.4572544782672e-05	c11	METTL23
4.86352513888833e-09	0.785579443584705	0.115	0.095	9.62491624986001e-05	c11	SNAPC5
5.0156840532367e-09	1.09021396616888	0.047	0.032	9.92603874135544e-05	c11	CSTF3
5.05176509100493e-09	0.882993110785828	0.085	0.066	9.99744311509875e-05	c11	MR1
5.33955162090758e-09	1.12425360447882	0.033	0.021	0.000105669726577761	c11	ZNF780B
5.35450592893712e-09	0.821624319150944	0.107	0.087	0.000105965672333666	c11	CEBPZOS
5.66719297294165e-09	0.102417782232391	0.125	0.169	0.000112153748934515	c11	IMP4
5.99102639326394e-09	0.106024576913633	0.147	0.197	0.000118562412322693	c11	STXBP2
6.13329294694392e-09	0.674359169674599	0.115	0.094	0.00012137786742002	c11	ZNF431
6.491819780458e-09	0.844210695689495	0.14	0.12	0.000128473113455264	c11	CARS
6.91247300888449e-09	0.709607413950163	0.147	0.127	0.000136797840845824	c11	PPP6R1
7.00455946587926e-09	0.921016386112271	0.064	0.047	0.000138620231829751	c11	ZNF100
7.05693271162489e-09	0.980939376252196	0.084	0.065	0.000139656698363057	c11	PLPP1
7.59036872937877e-09	0.704442514461427	0.167	0.149	0.000150213397154406	c11	SMIM29
7.70485562636369e-09	0.104552865006697	0.063	0.092	0.000152479092845737	c11	RPP30
7.77285699207127e-09	0.113301503960797	0.085	0.118	0.00015382483987309	c11	PLGRKT
7.91643051081894e-09	0.107273163244282	0.106	0.145	0.000156666159809107	c11	TXNDC15
7.93898045494426e-09	1.19807198660024	0.032	0.02	0.000157112423203347	c11	CCDC152
8.79005997531924e-09	0.743398181219094	0.115	0.095	0.000173955286911568	c11	FAM200B
9.39209549012316e-09	0.70244448928181	0.128	0.107	0.000185869569749537	c11	CREBZF
9.95173836804523e-09	1.04096732522697	0.046	0.032	0.000196944902303615	c11	ZNF701
1.02352206082066e-08	0.105469432418283	0.797	0.826	0.000202555015836408	c11	RPL31
1.05574810625709e-08	0.533229575737999	0.263	0.256	0.000208932550228278	c11	PARP1
1.08838591228044e-08	1.40675308691625	0.022	0.013	0.000215391572040299	c11	NAT14
1.08937278716504e-08	1.29442052948834	0.021	0.012	0.000215586874579962	c11	NAPB
1.10516821723151e-08	0.132973708788594	0.063	0.091	0.000218712790190116	c11	HAUS1
1.17519917122385e-08	0.679014971710525	0.137	0.116	0.0002325719159852	c11	IGF2R
1.1936674216439e-08	0.341017991050194	0.407	0.427	0.000236226782743328	c11	C4orf3
1.22902616485907e-08	0.141933305268178	0.097	0.134	0.000243224278025611	c11	NOB1
1.49006319314083e-08	1.20332388031136	0.028	0.017	0.000294883505922571	c11	CDKL1
1.5200240408356e-08	0.73763893115608	0.118	0.098	0.000300812757681364	c11	ACTA2
1.57835364173092e-08	1.73852016947818	0.012	0.005	0.000312356185698549	c11	PKN3
1.63033665480056e-08	0.129954087395901	0.083	0.116	0.00032264362398503	c11	TFDP1
1.83989800897076e-08	0.154245323412383	0.106	0.145	0.000364115815975313	c11	TMEM14A
1.84883611580847e-08	0.875182132345046	0.109	0.09	0.000365884667318497	c11	PDZD11
1.90395691652923e-08	0.482212172321974	0.265	0.256	0.000376793073781135	c11	EVI2B
1.93550613284137e-08	0.222957694953756	0.023	0.04	0.000383036663689308	c11	JCHAIN
1.9506938215241e-08	0.110270581010315	0.153	0.203	0.00038604230727962	c11	COX20
2.12382006294105e-08	0.899738438651745	0.054	0.038	0.000420303990456034	c11	ZNF429
2.14428182956886e-08	0.127290067426516	0.095	0.13	0.000424353374071677	c11	VMA21
2.21020436952751e-08	0.439422248434696	0.334	0.345	0.000437399444729493	c11	OTUB1
2.31817483603603e-08	1.05172442515971	0.035	0.023	0.00045876680005153	c11	TRIB3
2.44376901725027e-08	1.01779096245002	0.03	0.019	0.000483621888513829	c11	ZNF606
2.60411218245914e-08	1.51765650886926	0.017	0.009	0.000515353800908663	c11	ZFPM1
2.62926846548884e-08	1.12284513030585	0.033	0.021	0.000520332229320241	c11	ZKSCAN8
2.67907391879657e-08	1.45258514350217	0.019	0.011	0.000530188728529841	c11	GAREM2
3.01300619741935e-08	1.20136203908825	0.03	0.019	0.00059627392646929	c11	ZNF816
3.34296033807309e-08	0.171330010785847	0.617	0.67	0.000661571850904665	c11	DAZAP2
3.41228974845818e-08	0.667001391845618	0.168	0.15	0.000675292141219875	c11	CCDC69
3.56857226146948e-08	1.99944149660447	0.011	0.005	0.000706220450544809	c11	DRAXIN
3.58590823186142e-08	0.984308926756368	0.048	0.034	0.000709651239085374	c11	MTMR4
3.6557371538987e-08	0.102885157925652	0.164	0.214	0.000723470382756552	c11	CHMP5
3.69924956458655e-08	0.125972365469295	0.138	0.184	0.000732081488831677	c11	LAMTOR2
3.78407443274943e-08	1.26644908555387	0.032	0.02	0.000748868330241113	c11	HIST1H2AK
3.79091836394967e-08	0.121040408267364	0.182	0.24	0.00075022274422564	c11	UQCRC1
3.81064601253035e-08	0.964705536391338	0.048	0.033	0.000754126845879757	c11	SLC46A3
3.81748325244282e-08	0.442408161688211	0.335	0.345	0.000755479935658434	c11	MRPS21
4.11841240036926e-08	0.922818298768357	0.053	0.038	0.000815033814033077	c11	RGL2
4.14944690411566e-08	0.942097083843633	0.059	0.043	0.00082117554232449	c11	MBD6
4.2942760121978e-08	0.123028097044469	0.115	0.155	0.000849837222813944	c11	TXNDC9
4.38666585761623e-08	0.587148715044619	0.155	0.136	0.000868121173222251	c11	DIP2A
4.69731037713129e-08	1.05736317812626	0.035	0.023	0.000929597723634282	c11	TMEM229B
4.75851909994691e-08	0.129638528091457	0.166	0.219	0.000941710929879494	c11	MRPS36
5.06782698052224e-08	0.815641722693989	0.116	0.098	0.00100292295944535	c11	WDR54
5.08317784505219e-08	0.392900334274423	0.338	0.347	0.00100596089553583	c11	LSM7
5.16344517259378e-08	0.773802307589908	0.059	0.043	0.00102184579965631	c11	ZNF737
5.40925086895761e-08	1.1398115670834	0.032	0.021	0.00107049074696671	c11	FGGY
5.43305247824393e-08	0.100102835115831	0.086	0.118	0.00107520108544447	c11	ATPAF1
5.48248592752378e-08	0.142936995851241	0.073	0.102	0.00108498396505696	c11	POP7
5.55211359657552e-08	0.105038813322009	0.142	0.188	0.00109876328076229	c11	CIAO1
6.75558899045922e-08	0.509128847617809	0.237	0.224	0.00133693106121188	c11	ITGAL
6.75660320394871e-08	0.297869927085161	0.437	0.466	0.00133713177406145	c11	TMEM258
6.82203218073415e-08	0.720513238914115	0.155	0.138	0.00135008016856729	c11	NUDT22
6.96973398884342e-08	0.148271402062123	0.117	0.157	0.00137931035639211	c11	VBP1
7.01467382845035e-08	0.106168091393397	0.093	0.126	0.00138820395065032	c11	SAE1
7.30680524733751e-08	0.524294270943065	0.186	0.166	0.00144601675844809	c11	SAMD3
7.34120379253931e-08	0.299926836691008	0.438	0.47	0.00145282423054353	c11	ICAM3
7.390417567859e-08	0.11089953040873	0.153	0.201	0.0014625636366793	c11	IST1
8.05152662902948e-08	1.18729723939269	0.033	0.022	0.00159339711988493	c11	BOLA1
8.22752282897318e-08	0.129777838674393	0.155	0.205	0.00162822676785379	c11	NDUFS3
8.38867590471477e-08	0.134520871838606	0.068	0.095	0.00166011896154305	c11	POLR2M
8.52057062973488e-08	0.956766268838957	0.053	0.038	0.00168622092762453	c11	VPS45
8.97896435169045e-08	0.118675609008206	0.178	0.233	0.00177693704519954	c11	MRPS24
9.21509415394197e-08	0.146784421439052	0.102	0.137	0.00182366713306512	c11	PFDN1
9.57664127257113e-08	0.9659294161809	0.043	0.03	0.00189521730784183	c11	GK5
9.68478202510308e-08	0.999852061324082	0.062	0.046	0.0019166183627679	c11	TYSND1
9.74449926399535e-08	0.888490794168185	0.056	0.041	0.00192843640434468	c11	ZNF322
9.91872969534179e-08	1.02263758162624	0.041	0.028	0.00196291660670814	c11	ZNF564
1.02375995329286e-07	1.07372706793764	0.035	0.023	0.00202602094756656	c11	C11orf68
1.04007495057692e-07	0.117830285221656	0.113	0.151	0.00205830832719173	c11	UBE2J2
1.0433363111919e-07	0.105321660726635	0.089	0.12	0.00206476255984878	c11	ZNF511
1.09704554585646e-07	0.873536893669882	0.064	0.048	0.00217105313524993	c11	ZNF141
1.10588901065982e-07	0.676181840083134	0.117	0.098	0.00218855435209579	c11	ZC3H6
1.16017175539975e-07	0.103584522956969	0.199	0.259	0.0022959799039361	c11	C19orf24
1.17632185204648e-07	0.943530616513468	0.069	0.053	0.00232794094519998	c11	TRMU
1.18275020243724e-07	1.01580038990876	0.05	0.036	0.0023406626506233	c11	GATD3A
1.19980814437933e-07	0.921909759388942	0.055	0.041	0.0023744203177267	c11	TMEM129
1.20078451511476e-07	0.100153250224097	0.098	0.132	0.00237635255541212	c11	STK25
1.24797699260445e-07	0.238623318832458	0.499	0.54	0.0024697464683642	c11	UQCRH
1.31678121244741e-07	1.01697989388801	0.036	0.024	0.00260591001943343	c11	KCTD7
1.32872918585513e-07	0.345015506216245	0.392	0.417	0.0026295550588073	c11	VPS28
1.33112453153195e-07	0.940830656252982	0.066	0.05	0.00263429544790174	c11	HENMT1
1.34046110664795e-07	1.05758957163505	0.028	0.018	0.00265277253005629	c11	SLC2A13
1.34201640239545e-07	0.106978086987582	0.056	0.08	0.00265585046034059	c11	MAD2L1BP
1.39432865936634e-07	0.496249984707787	0.254	0.248	0.00275937641688599	c11	PRPF4B
1.43099379889621e-07	0.556091191243922	0.242	0.233	0.00283193672801559	c11	SPN
1.47682786836723e-07	0.131075926536593	0.144	0.189	0.00292264235149876	c11	CDC123
1.52128178725495e-07	1.19878210861699	0.02	0.011	0.00301061665697755	c11	ZCCHC18
1.57874371653794e-07	1.32110928531538	0.018	0.01	0.00312433381502859	c11	ARL17A
1.61787981155805e-07	0.116490041463008	0.16	0.209	0.00320178414707337	c11	HSF1
1.64897564157888e-07	1.42769306998489	0.012	0.006	0.00326332279468461	c11	FAM156A
1.65567450235492e-07	0.757629942484841	0.091	0.073	0.00327657984016039	c11	UTP3
1.65778682435954e-07	0.111397969948068	0.16	0.208	0.00328076012540754	c11	MLEC
1.7445214191346e-07	1.26810075360327	0.022	0.013	0.00345240788846737	c11	DHFR2
1.78305029578692e-07	0.180949775851869	0.587	0.621	0.00352865653536231	c11	MYH9
1.79190188890944e-07	0.87779472337566	0.079	0.063	0.00354617383815177	c11	CBX6
1.86773640060016e-07	0.631517443697379	0.141	0.122	0.00369625033678771	c11	ANKRD13D
1.91190679958319e-07	0.118803874738337	0.104	0.139	0.00378366355637513	c11	XAB2
1.94092491096392e-07	0.362006068592998	0.338	0.338	0.00384109039879761	c11	IL2RB
2.02403885565365e-07	0.363750289798531	0.386	0.412	0.00400557289533858	c11	SH3BGRL
2.03024200364521e-07	0.524327500863075	0.254	0.25	0.00401784892521387	c11	RBBP4
2.07493498651053e-07	0.159946913676497	0.11	0.147	0.00410629633830435	c11	PSMD3
2.1108240239055e-07	0.113444465162409	0.055	0.079	0.00417732074330898	c11	CIAPIN1
2.12303445489878e-07	0.668162665382482	0.168	0.153	0.00420148518624469	c11	MRPS18B
2.20192611586262e-07	0.743651579677789	0.096	0.078	0.00435761178329212	c11	TNIP3
2.20750071996688e-07	0.17757285503457	0.155	0.203	0.00436864392481446	c11	ASNA1
2.22781244096778e-07	1.77049085101309	0.01	0.005	0.00440884082067524	c11	MESP1
2.24347054188594e-07	0.558630760206955	0.073	0.056	0.00443982820239227	c11	ADRB2
2.24402635885016e-07	0.138628881396771	0.078	0.107	0.00444092816416447	c11	CNOT9
2.26704073459797e-07	0.113006718542385	0.129	0.169	0.00448647361376939	c11	UTP23
2.29475771801507e-07	0.419148398561602	0.259	0.252	0.00454132552395182	c11	NKTR
2.40955014374611e-07	0.68890972300467	0.177	0.164	0.00476849973447355	c11	THYN1
2.41102145958605e-07	0.623194837278908	0.182	0.168	0.00477141146852079	c11	RPA2
2.42203390223559e-07	0.110224125951437	0.139	0.181	0.00479320509252423	c11	U2AF2
2.45593452338411e-07	0.106270404922518	0.103	0.137	0.00486029442177716	c11	MIIP
2.47660743591694e-07	0.818244901429865	0.078	0.062	0.00490120611567962	c11	FAM217B
2.64397266395648e-07	0.112229861807415	0.113	0.149	0.00523242190196988	c11	CNOT8
2.702302988198e-07	0.148561449477186	0.049	0.071	0.00534785761364384	c11	CISD1
3.03508520653884e-07	0.7011394480826	0.117	0.1	0.00600643362374036	c11	COG5
3.06742589535157e-07	0.117545472576372	0.139	0.18	0.00607043584690075	c11	CDK12
3.08726459117905e-07	1.03750874741492	0.03	0.02	0.00610969662594333	c11	ZNF559
3.10136150210311e-07	0.633293154801603	0.154	0.136	0.00613759441266205	c11	NLRC5
3.2194896193361e-07	0.106542846762036	0.081	0.11	0.00637136995666615	c11	RFXANK
3.22686212151024e-07	0.380231354810584	0.367	0.386	0.00638596013846877	c11	DHRS7
3.32576377186555e-07	0.100675451947883	0.078	0.107	0.00658168650452192	c11	GSS
3.39629421348193e-07	0.923829229780103	0.102	0.085	0.00672126624848074	c11	FUT8
3.41201725554744e-07	0.12972634041001	0.117	0.155	0.00675238214872838	c11	THOC3
3.41410357288443e-07	1.04082467428691	0.028	0.018	0.00675651097073829	c11	TUBG2
3.46299042478608e-07	0.136386022730544	0.127	0.166	0.00685325805065165	c11	SRPK1
3.50586997453517e-07	1.1200842560086	0.037	0.025	0.00693811667960511	c11	SLC27A5
3.52492437294985e-07	0.110066893203232	0.122	0.16	0.00697582533406775	c11	CDIPT
3.65216159623705e-07	0.176965655308072	0.071	0.098	0.00722762779895313	c11	FAM207A
3.65811529621003e-07	0.812670606250963	0.099	0.082	0.00723941017119964	c11	CUTC
3.77092200496533e-07	0.121470975197978	0.175	0.221	0.00746265464782639	c11	CAPG
3.8033370456523e-07	0.368993035849771	0.346	0.359	0.00752680401334589	c11	LAMTOR4
3.9176459483238e-07	0.545670535732588	0.208	0.197	0.0077530213317328	c11	NEMF
4.18352260748073e-07	0.891487329626987	0.069	0.053	0.00827919124020437	c11	AUH
4.22311436243094e-07	0.80020451269972	0.116	0.099	0.00835754332325083	c11	ARFRP1
4.25393212919551e-07	0.86664719755759	0.06	0.045	0.00841853168367792	c11	CARNMT1
4.29807107162174e-07	0.120188918992679	0.136	0.178	0.00850588265073943	c11	PWP1
4.32952217330076e-07	0.892172390045249	0.057	0.042	0.00856812438096221	c11	DIS3L
4.3361033837907e-07	0.110035226833446	0.112	0.148	0.0085811485965218	c11	FAM120AOS
4.34476944819961e-07	0.130065113093748	0.098	0.131	0.00859829873798703	c11	TSEN15
4.38796208806682e-07	0.96514408403736	0.048	0.035	0.00868377697228423	c11	NHLRC2
4.79851771093355e-07	0.962770196126643	0.058	0.043	0.00949626654993749	c11	JMJD4
5.17661409200598e-07	0.100490414407124	0.105	0.138	0.0102445192880798	c11	CCNQ
5.23358592198575e-07	0.311962376778656	0.42	0.446	0.0103572665396098	c11	ARHGEF1
5.29998938849083e-07	1.06591969579519	0.032	0.021	0.0104886789998233	c11	HIST1H4H
5.32215563394321e-07	0.158594589183864	0.14	0.182	0.0105325459995736	c11	THOC7
5.35646096048308e-07	0.59265342704588	0.189	0.176	0.010600436240796	c11	CDK5RAP3
5.41672527879712e-07	0.115303172947344	0.052	0.074	0.0107196993267395	c11	EDEM2
5.47590892107505e-07	0.943184632153257	0.066	0.051	0.0108368237548075	c11	THUMPD2
5.47978847277287e-07	0.114868713216177	0.076	0.103	0.0108445013876175	c11	RBMX2
5.72572444580998e-07	0.116010633196061	0.161	0.207	0.011331208678258	c11	SMC3
6.10984857892027e-07	1.08066778026092	0.023	0.014	0.0120913903376832	c11	CYP2U1
6.17505045595489e-07	0.116827905315816	0.136	0.176	0.0122204248523347	c11	ARRDC1
6.20991649263052e-07	0.589343919549447	0.202	0.191	0.0122894247389158	c11	VPS36
6.26668547611767e-07	0.117246782909812	0.119	0.156	0.0124017705572369	c11	SNAP23
6.62508794476205e-07	0.672322222186757	0.117	0.1	0.0131110490426841	c11	RNPC3
6.66466056458147e-07	0.385133801211107	0.322	0.331	0.0131893632573067	c11	LSM8
6.70711414977484e-07	0.595126412274569	0.112	0.095	0.0132733789024044	c11	USP25
6.71448647564804e-07	0.106020018975845	0.061	0.085	0.0132879687353075	c11	LTV1
6.77727796527352e-07	0.189932690747903	0.093	0.124	0.0134122330932763	c11	SUDS3
6.81253035851012e-07	0.111321117780719	0.01	0.021	0.0134819975794915	c11	BRCA1
7.0561474296286e-07	0.384996825980743	0.278	0.274	0.013964115763235	c11	MACF1
7.29080913630516e-07	1.18376242447623	0.022	0.013	0.0144285112807479	c11	UAP1L1
7.33893910829305e-07	0.142595047937392	0.082	0.11	0.0145237604953119	c11	NARS
7.78159981922001e-07	0.927018328640426	0.016	0.009	0.0153997860422364	c11	PDGFD
7.8860817842099e-07	0.87085159192739	0.064	0.049	0.0156065558509514	c11	DENND6A
8.3026550855525e-07	0.726020373855166	0.126	0.11	0.0164309544143084	c11	TRIM27
8.38362019357487e-07	0.160416468836799	0.124	0.162	0.0165911843630847	c11	SSRP1
8.4719180849694e-07	0.901259275944748	0.05	0.036	0.0167659258901544	c11	HEG1
8.50319848944659e-07	0.549924067074261	0.193	0.178	0.0168278298106148	c11	ACP5
8.76213138214786e-07	1.28172320808817	0.021	0.013	0.0173402580052706	c11	ZKSCAN4
9.19208066480549e-07	0.154314541865332	0.159	0.206	0.0181911276356501	c11	SHKBP1
9.4495790843381e-07	0.743803156170205	0.131	0.115	0.0187007170079051	c11	DUSP23
9.51632599648895e-07	0.140133563145879	0.123	0.16	0.0188328091470516	c11	CBFB
9.7523705740553e-07	0.141708390990916	0.039	0.058	0.0192999413660554	c11	BOP1
1.00443998415303e-06	0.165202355092583	0.085	0.115	0.0198778672863885	c11	USP39
1.00640186437362e-06	0.121653896179112	0.198	0.255	0.019916692895954	c11	ZMAT2
1.0179428557583e-06	1.20507775187022	0.017	0.01	0.0201450891154567	c11	C2CD2
1.05518563329633e-06	0.171654728198079	0.07	0.096	0.0208821236829344	c11	CARD19
1.05746385052222e-06	0.113270440755677	0.053	0.074	0.0209272096018347	c11	QDPR
1.07378752054142e-06	0.6650846760386	0.12	0.103	0.0212502550315148	c11	RASSF7
1.12026664511179e-06	0.103292237505297	0.084	0.112	0.0221700769067624	c11	MED27
1.12670775873984e-06	1.13164260847534	0.024	0.015	0.0222975465454615	c11	PXYLP1
1.2235983128403e-06	0.10138814554436	0.062	0.085	0.0242150106111096	c11	CERS5
1.23979096204314e-06	0.488356285593298	0.26	0.258	0.0245354631388337	c11	TGOLN2
1.27574191797069e-06	0.161227092360116	0.096	0.127	0.0252469325566399	c11	MED8
1.29916787986042e-06	0.11028973398214	0.158	0.204	0.0257105323424378	c11	SAP30BP
1.30445551219341e-06	0.163016502303088	0.083	0.11	0.0258151745863077	c11	NDUFB8
1.31521907663467e-06	0.11262007205817	0.167	0.214	0.0260281855266001	c11	PPHLN1
1.34966784510283e-06	0.229042131902178	0.047	0.067	0.0267099266545851	c11	DPP3
1.35383828929825e-06	0.161887851207376	0.092	0.122	0.0267924597452124	c11	MCRS1
1.3591731960601e-06	0.109422882943424	0.128	0.166	0.0268980375500294	c11	MRPS30
1.37229721841619e-06	0.207936609666155	0.534	0.578	0.0271577619524565	c11	GSTK1
1.38512977855367e-06	1.02341860738653	0.035	0.024	0.0274117183175771	c11	TRIM65
1.40989543993823e-06	0.976402197176983	0.03	0.02	0.0279018307563775	c11	ZNF678
1.41199824847024e-06	1.47945158964877	0.011	0.006	0.0279434453372261	c11	PNPLA7
1.43583441959604e-06	0.922971798140862	0.071	0.056	0.0284151631638056	c11	UBL4A
1.43822861320206e-06	0.438327241126966	0.311	0.32	0.0284625442552688	c11	NDUFA13
1.43866763099886e-06	1.45184652993888	0.017	0.01	0.0284712324174674	c11	SFXN5
1.45477826151182e-06	0.161705847267038	0.062	0.086	0.0287900617953189	c11	NUP62
1.48205793378162e-06	0.134599581724022	0.101	0.133	0.0293299265095383	c11	EXOSC3
1.50893935309564e-06	0.129011183419734	0.117	0.153	0.0298619097977627	c11	RNF13
1.51506989352691e-06	0.10889903788579	0.067	0.091	0.0299832331928976	c11	MAGT1
1.52250156340285e-06	0.171241412713857	0.064	0.087	0.0301303059397424	c11	MFSD14B
1.58162728360528e-06	0.389508071740821	0.335	0.349	0.0313004039425484	c11	TBRG1
1.59164309155887e-06	0.131807687506767	0.074	0.1	0.0314986167819499	c11	GTF2F2
1.66663814854913e-06	0.894814314506619	0.068	0.053	0.0329827689597874	c11	TMEM80
1.71412748584777e-06	0.132679462741679	0.084	0.111	0.0339225829449273	c11	FTSJ1
1.73867095896371e-06	0.1866188000119	0.098	0.129	0.0344082982778917	c11	FARSA
1.7586913690544e-06	0.194231188292411	0.064	0.088	0.0348045021935865	c11	GOT2
1.77148660889665e-06	1.34621191856727	0.018	0.011	0.0350577199900647	c11	SLFN13
1.77402530923472e-06	0.120261377820358	0.073	0.099	0.035107960869755	c11	ABHD12
1.80420401673938e-06	0.561140503617313	0.128	0.111	0.0357051974912723	c11	ZBP1
1.91453891308151e-06	0.133447755808887	0.061	0.083	0.0378887250898831	c11	XPNPEP1
1.92634839959783e-06	0.101422111818783	0.076	0.102	0.038122434828041	c11	ODF2
1.98068175162545e-06	0.104329196011181	0.051	0.072	0.0391976918646677	c11	RNF20
1.9959929977575e-06	0.165103262801797	0.091	0.121	0.039500701425621	c11	MRPS10
2.00143068690025e-06	0.944964668973463	0.049	0.036	0.039608313293756	c11	SLC25A53
2.00770187085071e-06	0.131203237747542	0.064	0.087	0.0397324200241356	c11	GART
2.01660988522968e-06	1.33910874667026	0.017	0.01	0.0399087096286954	c11	FKBP1B
2.0880155580375e-06	0.15338850707817	0.132	0.17	0.0413218278935622	c11	DPY30
2.09266338981722e-06	0.909342485059437	0.073	0.059	0.0414138084844828	c11	MAPK13
2.14252390321144e-06	0.340616707010273	0.381	0.407	0.0424005480445544	c11	BSG
2.16394914669136e-06	0.591762727782117	0.215	0.209	0.0428245536130221	c11	STMP1
2.17127807412969e-06	0.963068573852555	0.054	0.041	0.0429695930870266	c11	NCALD
2.19961944794231e-06	1.34988567020296	0.012	0.006	0.0435304688747783	c11	PIK3R6
2.26696332271752e-06	0.742492695322032	0.11	0.095	0.0448632041565797	c11	RAB5B
2.27004118490565e-06	1.15623933821174	0.02	0.012	0.0449241150492828	c11	TMEM106A
2.30503210839987e-06	0.12896197777307	0.1	0.13	0.0456165854252335	c11	ATP6V1H
2.30636414726916e-06	0.948732889222065	0.032	0.022	0.0456429464744566	c11	TSPOAP1
2.38755675836534e-06	0.839736473194709	0.057	0.044	0.0472497482480501	c11	ZNF480
2.43448341396946e-06	0.191973987456285	0.059	0.081	0.0481784267624556	c11	SNRNP25
2.44059820581875e-06	0.186591699748977	0.099	0.13	0.0482994384931531	c11	HARS
