p_val	avg_log2FC	pct.1	pct.2	p_val_adj	cluster	gene
0	2.25364382462876	0.842	0.369	0	c5	FOSB
0	2.04518571494675	0.873	0.428	0	c5	FOS
0	1.64492726296893	0.867	0.489	0	c5	PPP1R15A
0	1.42261851320535	0.808	0.452	0	c5	MYADM
0	1.97500376023048	0.559	0.226	0	c5	NR4A1
0	1.83172600070141	0.896	0.574	0	c5	ANXA1
0	1.45762633397873	0.635	0.32	0	c5	SERTAD1
0	1.67685520996881	0.538	0.244	0	c5	NEU1
0	1.4523157727275	0.718	0.432	0	c5	LMNA
0	0.996836487395041	0.888	0.607	0	c5	IL7R
0	1.37689775782382	0.621	0.347	0	c5	CDKN1A
0	1.35943400858906	0.732	0.461	0	c5	UBE2S
0	1.17417782763003	0.643	0.382	0	c5	CSRNP1
0	1.36234572732575	0.877	0.616	0	c5	HSPA1B
0	1.6609440927476	0.51	0.253	0	c5	PNP
0	1.3166060109704	0.957	0.705	0	c5	DUSP1
0	1.38075350109247	0.639	0.391	0	c5	CITED2
0	2.26054916171782	0.363	0.117	0	c5	EGR1
0	1.25591258290024	0.843	0.597	0	c5	TUBB4B
0	1.21395815991896	0.499	0.278	0	c5	H2AFX
0	1.25847610438866	0.598	0.383	0	c5	ODC1
0	1.25367191276806	0.908	0.697	0	c5	KLF6
0	1.23620734806131	0.882	0.673	0	c5	JUN
0	1.57403400139253	0.361	0.158	0	c5	RASGEF1B
0	1.19269154186038	0.73	0.53	0	c5	CD69
0	1.05556294462164	0.763	0.572	0	c5	TUBA1A
0	1.16319678061886	0.854	0.677	0	c5	HSPA1A
0	1.08081795327272	0.967	0.792	0	c5	DNAJA1
0	0.949215972526187	0.882	0.709	0	c5	RGCC
0	0.772162889873258	0.94	0.775	0	c5	JUNB
0	0.922273398238633	0.946	0.789	0	c5	ZFP36
0	0.830706700609018	0.875	0.731	0	c5	TNFAIP3
0	0.963561571163991	0.977	0.836	0	c5	DNAJB1
0	0.972973769991728	0.922	0.783	0	c5	TSC22D3
0	0.881901810179788	0.94	0.836	0	c5	CRIP1
0	0.783722611695181	0.973	0.89	0	c5	UBB
0	0.7383242992732	0.976	0.897	0	c5	HSP90AB1
0	0.679414476875047	0.989	0.944	0	c5	HSP90AA1
0	0.812400262505601	0.994	0.956	0	c5	HSPA8
0	0.565210112433761	0.997	0.974	0	c5	H3F3B
0	0.588036213446051	0.998	0.979	0	c5	EIF1
0	0.396526704739723	0.999	0.987	0	c5	PTMA
0	0.371262854819147	0.999	0.989	0	c5	TPT1
2.22467128690153e-301	0.699713865983324	0.962	0.887	4.40262447677812e-297	c5	ZFP36L2
2.14582731337234e-286	0.442862422993876	0.988	0.949	4.24659225316386e-282	c5	UBC
1.46942773136205e-277	0.887782662879924	0.732	0.559	2.90799748036549e-273	c5	BTG2
1.46998344352636e-270	0.308566433843695	1	0.996	2.90909723473867e-266	c5	RPLP1
4.83003296726437e-250	0.946453735435049	0.736	0.574	9.55863524221619e-246	c5	NFKBIA
7.5779086664093e-250	1.52367112988434	0.341	0.17	1.4996681250824e-245	c5	ATF3
6.81064409764074e-249	1.24713922601807	0.415	0.233	1.3478264669231e-244	c5	BAG3
1.42112152492051e-245	2.81000798168711	0.067	0.011	2.81239949781769e-241	c5	FOXJ1
2.95976446048678e-238	0.631671788637669	0.837	0.677	5.85737386730335e-234	c5	HSPH1
1.01001981473414e-234	0.72021251662267	0.802	0.677	1.99882921335887e-230	c5	DYNLL1
2.36566667414918e-233	2.04204832672498	0.121	0.034	4.68165434814124e-229	c5	ID1
1.58404343803755e-228	0.477723758491698	0.796	0.641	3.13482196387632e-224	c5	TUBA1B
4.54906915427543e-222	0.680502392452924	0.79	0.623	9.00260785631108e-218	c5	NR4A2
9.8128233898072e-222	1.06127406730316	0.474	0.3	1.94195774884285e-217	c5	ANKRD37
9.15254029306853e-221	0.958925132328294	0.538	0.365	1.81128772399826e-216	c5	XBP1
4.48169899003856e-216	0.823650277788639	0.777	0.663	8.8692823012863e-212	c5	ZFP36L1
3.35768515798935e-212	0.594473298386044	0.958	0.893	6.64485892766093e-208	c5	VIM
2.71011141610978e-208	0.958764261744404	0.552	0.392	5.36331049248125e-204	c5	EIF4A3
7.32636002221087e-208	1.26759969017124	0.296	0.147	1.44988664839553e-203	c5	TUBB2A
4.07730733305618e-206	0.91105341762147	0.584	0.427	8.06899121211818e-202	c5	DDX3X
4.37623337517186e-205	1.16742318759586	0.372	0.209	8.66056584946512e-201	c5	MARCKSL1
7.00527334228142e-201	0.85611345614465	0.658	0.508	1.38634359443749e-196	c5	IER2
4.3173956381889e-197	0.581719873848374	0.745	0.598	8.54412596797583e-193	c5	HSPA5
4.00338146628599e-196	1.1626999086419	0.367	0.211	7.92269192177998e-192	c5	IER5
7.46568608506415e-195	0.684725375728529	0.757	0.632	1.47745927623419e-190	c5	BRD2
6.78104459780246e-194	0.994192345691383	0.464	0.301	1.34196872590511e-189	c5	PLK3
2.18379160217632e-189	1.50003125537453	0.249	0.117	4.32172358070693e-185	c5	HSPA6
2.92674993137334e-187	0.966488044435004	0.478	0.316	5.79203811418784e-183	c5	CKS2
3.90811974816819e-183	0.636388917711405	0.675	0.513	7.73416898162485e-179	c5	TAGAP
1.50680328738536e-179	2.51460811674658	0.064	0.014	2.98196370573564e-175	c5	EMP1
8.8602501207076e-179	0.695298660602686	0.757	0.639	1.75344349888803e-174	c5	H2AFZ
1.28033711149846e-178	0.776635030712133	0.565	0.375	2.53378714365545e-174	c5	KLF2
1.22502783850724e-174	0.99402292061318	0.414	0.26	2.42433009240583e-170	c5	AQP3
1.74878944415429e-174	1.47827112511492	0.208	0.093	3.46085430998134e-170	c5	ANKRD28
7.7020037185456e-174	1.24637889125382	0.24	0.114	1.52422653590017e-169	c5	TNF
2.66494131656951e-168	1.03072346531825	0.379	0.232	5.27391886549106e-164	c5	ARL4A
1.48332901866006e-165	0.484446428241776	0.905	0.867	2.93550812792825e-161	c5	DDX5
1.14891004581975e-163	1.46384326368476	0.211	0.098	2.27369298067728e-159	c5	SGK1
1.94976045668488e-159	1.98909677851055	0.1	0.031	3.85857594377938e-155	c5	PLK2
2.76639355790823e-155	1.31978363608908	0.229	0.113	5.47469285110038e-151	c5	RGS16
6.980322596481e-150	0.90129221213371	0.437	0.296	1.38140584184359e-145	c5	TUBA1C
5.26381147788274e-148	0.881696242302054	0.442	0.297	1.04170829147299e-143	c5	PTGER4
2.37605646239359e-147	1.56847386701765	0.134	0.052	4.70221573907691e-143	c5	ZNF296
8.08128113815002e-145	0.51238243736348	0.827	0.724	1.59928553723989e-140	c5	TAGLN2
1.03405780253247e-144	0.887468157073437	0.441	0.299	2.04640039121176e-140	c5	ZFAND2A
5.30149748177373e-144	0.402717607491816	0.922	0.849	1.04916635164302e-139	c5	PNRC1
1.24765618705346e-143	0.996653771522184	0.486	0.346	2.46911159417879e-139	c5	GADD45B
2.01689589821722e-141	0.937461647395198	0.388	0.244	3.99143698257187e-137	c5	KLRB1
2.42208484724305e-138	0.82262338717162	0.465	0.327	4.793305912694e-134	c5	ATP1A1
4.07056813024302e-137	1.09510069004912	0.343	0.209	8.05565432975093e-133	c5	AREG
1.06900980842846e-136	2.04088221602707	0.075	0.021	2.11557041087992e-132	c5	CCDC184
2.38296919230771e-135	0.797462161430353	0.469	0.336	4.71589603157695e-131	c5	AMD1
4.1557612505723e-133	1.0233701632852	0.402	0.273	8.22425151488258e-129	c5	TOB1
2.86333266644938e-132	0.310035104120789	0.97	0.935	5.66653534690331e-128	c5	CALM1
8.94819535573292e-129	0.195954845145242	0.999	0.991	1.77084786089954e-124	c5	RPS12
6.45083379887566e-128	0.72291254862303	0.466	0.333	1.27662000879749e-123	c5	SLC38A2
5.68928072667562e-126	0.785678970516967	0.427	0.291	1.1259086558091e-121	c5	MYLIP
8.51894378365627e-125	0.417275549559262	0.788	0.652	1.68589897478558e-120	c5	YPEL5
1.56777493279184e-123	0.807712875433976	0.409	0.277	3.10262659199505e-119	c5	CDC42EP3
1.37071689533612e-122	0.701724256891998	0.572	0.455	2.71264873587019e-118	c5	GTF2B
2.23004296682612e-121	0.962597352108868	0.374	0.25	4.4132550313489e-117	c5	CHMP1B
3.10187702293829e-121	2.23654204848141	0.053	0.013	6.13861462839488e-117	c5	FOSL1
2.62065863495876e-119	0.324423549022813	0.938	0.901	5.18628343858339e-115	c5	MT-ND2
4.10747385933153e-118	0.657871974677637	0.554	0.431	8.12869076761709e-114	c5	MRPL18
4.68545571282421e-117	0.800407326211673	0.418	0.294	9.27251685567911e-113	c5	DNAJB9
3.35165463445166e-115	0.49278405754253	0.739	0.633	6.63292452157983e-111	c5	MCL1
3.2835026598684e-111	0.573567799864894	0.62	0.513	6.49805176387957e-107	c5	IDS
6.71497043319168e-110	1.58172189022673	0.227	0.128	1.32889264872863e-105	c5	CEBPD
7.52754780977837e-110	0.55960557728993	0.721	0.652	1.48970171155514e-105	c5	SAP18
4.512235426029e-109	0.340714282158802	0.996	0.974	8.92971390811139e-105	c5	FTH1
1.94582406883569e-107	0.176279033642976	1	0.997	3.85078583222584e-103	c5	EEF1A1
7.88899159817513e-107	0.272334310717501	0.986	0.969	1.56123143727886e-102	c5	MT-ND1
1.00449441320309e-106	0.272493266043894	0.974	0.936	1.98789444372891e-102	c5	SRGN
1.26078415801691e-105	1.21546340960653	0.154	0.073	2.49509184871546e-101	c5	PTGER2
1.37741262199891e-105	0.452313546477179	0.748	0.64	2.72589957893584e-101	c5	S100A11
4.14918827561264e-105	0.680151719128336	0.554	0.448	8.21124359743742e-101	c5	ZC3HAV1
1.13753369821654e-104	0.689977299811056	0.43	0.31	2.25117918877054e-100	c5	IFRD1
3.84545279014054e-103	0.455124780178666	0.801	0.718	7.61015107168813e-99	c5	S100A10
4.48628374691625e-101	0.363014783223264	0.866	0.773	8.87835553514725e-97	c5	HSPE1
7.66097847550635e-101	1.16937999013156	0.203	0.111	1.51610764030271e-96	c5	TSC22D2
2.06944565936538e-99	0.71275578334038	0.467	0.353	4.09543295988408e-95	c5	IVNS1ABP
3.82461743368106e-99	0.383518912256596	0.914	0.852	7.56891790125482e-95	c5	CXCR4
1.11231996489043e-95	1.57944391368537	0.104	0.043	2.20128121051817e-91	c5	TNFRSF12A
1.02320051656937e-94	1.62306725356109	0.091	0.036	2.02491382229079e-90	c5	HSPA2
1.24995742954243e-94	2.04354897620066	0.048	0.013	2.47366575306447e-90	c5	IQCN
1.2732025894282e-93	0.79361226393109	0.45	0.336	2.51966792447841e-89	c5	ID2
3.77185802933452e-93	1.73256682319304	0.066	0.022	7.46450704005302e-89	c5	KLF5
8.01106610350632e-93	1.2898826157674	0.135	0.064	1.5853899818839e-88	c5	IER3
1.24172216539683e-92	0.166731830954686	0.996	0.988	2.45736816532033e-88	c5	RPS27A
1.52210055057564e-91	1.1061908718756	0.16	0.081	3.01223698958919e-87	c5	CD40LG
2.19879734619452e-91	0.467305833930223	0.752	0.691	4.35141994811895e-87	c5	FUS
2.49158138006811e-90	2.40284991246092	0.036	0.008	4.93083955115478e-86	c5	CA2
5.54471114747975e-90	1.17195460852569	0.194	0.109	1.09729833608624e-85	c5	KLF10
1.44559807762824e-88	0.207058902256865	0.988	0.97	2.86083859562628e-84	c5	RPLP0
7.38104113401331e-88	0.184067598963312	0.997	0.988	1.46070804042123e-83	c5	MT-CYB
5.94370573519257e-87	1.41909055744728	0.093	0.038	1.17625936499461e-82	c5	DUSP6
7.23808246152229e-87	1.90910797834101	0.048	0.014	1.43241651913526e-82	c5	EGR3
1.33614275644333e-84	0.382145725103698	0.809	0.752	2.64422651500135e-80	c5	CALM2
3.35350357109232e-83	1.6100338174225	0.078	0.03	6.6365835671917e-79	c5	RASD1
6.42501196025743e-83	0.669022376974543	0.484	0.385	1.27150986693494e-78	c5	JUND
1.51616421105427e-81	0.610683260696936	0.46	0.351	3.00048897367639e-77	c5	CD55
5.00023973117736e-81	1.26008934795487	0.133	0.066	9.89547442799999e-77	c5	MLF1
8.34654054771325e-81	0.937781147842606	0.233	0.144	1.65178037439245e-76	c5	FAM53C
1.20810261531806e-80	0.776770111368106	0.35	0.25	2.39083507571444e-76	c5	DDIT3
4.2877959197224e-78	0.944997347663866	0.28	0.189	8.48554812513062e-74	c5	ZC3H12A
2.01044688058304e-77	0.531549832321175	0.584	0.498	3.97867437667383e-73	c5	RSRP1
1.32454895084471e-75	0.61086032664585	0.491	0.405	2.62128237372169e-71	c5	TRA2B
1.25797766035515e-74	1.28252797220911	0.108	0.051	2.48953778984284e-70	c5	PLAUR
3.10779970282957e-74	0.879803944459615	0.257	0.168	6.15033561189972e-70	c5	PERP
5.53743912973949e-74	0.544331421051597	0.525	0.438	1.09585920377545e-69	c5	ARF4
8.03401642675365e-74	0.293547687243346	0.968	0.945	1.58993185085455e-69	c5	FTL
1.03010825326953e-73	0.530335768338206	0.478	0.38	2.03858423322039e-69	c5	ZFAND5
9.54264737424745e-73	0.145247379603033	0.999	0.995	1.88848991536357e-68	c5	RPL10
9.59062419597843e-72	0.180906028609954	0.871	0.756	1.89798452838413e-67	c5	S100A4
1.7636391185206e-71	0.6618964539815	0.397	0.304	3.49024181555226e-67	c5	ATF4
3.64746875323939e-71	0.344831103505598	0.768	0.691	7.21834066266075e-67	c5	EIF5
4.88011590027657e-71	0.224487765667545	0.918	0.882	9.65774936664733e-67	c5	EEF1B2
1.20108406330423e-69	0.605358396863116	0.426	0.334	2.37694536127906e-65	c5	HNRNPAB
5.66842204026435e-69	0.614661179944068	0.443	0.352	1.12178072176831e-64	c5	NASP
1.5897896882485e-68	1.98252782241824	0.03	0.007	3.14619379304378e-64	c5	SLC4A10
2.54801196192535e-68	1.3454403804574	0.084	0.036	5.04251567265028e-64	c5	CYB561
4.11841956684377e-68	0.224643757627764	0.988	0.977	8.15035232278383e-64	c5	MT-ATP6
4.50591545572231e-68	1.24377943801921	0.1	0.047	8.91720668687446e-64	c5	DHRS3
6.62787407255364e-68	0.127435534751489	0.997	0.985	1.31165627895837e-63	c5	RPL32
1.2525662294368e-67	0.681105017403392	0.345	0.252	2.47882856805542e-63	c5	TIPARP
3.81553322093618e-67	0.566695199249309	0.515	0.414	7.55094024423271e-63	c5	RGS2
1.92133993090317e-66	0.479620031718794	0.516	0.421	3.80233172325736e-62	c5	ADGRE5
1.94253698567388e-65	0.408852717992603	0.641	0.545	3.84428069464862e-61	c5	SLC2A3
1.99756596734591e-65	0.476175824634607	0.672	0.596	3.95318304937756e-61	c5	SQSTM1
2.52476215146114e-63	0.677654533798611	0.358	0.269	4.9965042977416e-59	c5	SOD2
9.35784252905742e-63	0.631456656681132	0.367	0.28	1.85191703650046e-58	c5	PRNP
2.06810987540033e-61	1.83029477599008	0.041	0.013	4.09278944341725e-57	c5	BAMBI
1.87759426085459e-60	0.266457880099626	0.788	0.694	3.71575904223122e-56	c5	HSPD1
2.63670346323559e-60	0.971769801856642	0.165	0.098	5.21803615374323e-56	c5	SMAD7
3.744555079537e-60	0.846960716594283	0.198	0.125	7.41047450240372e-56	c5	ERO1B
1.68286570398497e-59	0.776409993894936	0.219	0.143	3.33039122818626e-55	c5	TLE4
2.95425048689826e-59	0.56535039780336	0.234	0.151	5.84646171357165e-55	c5	HOPX
4.41728945098604e-59	0.411179174242593	0.642	0.578	8.74181582350138e-55	c5	EIF4A2
2.7846914888002e-58	0.416292282132347	0.561	0.482	5.51090445633559e-54	c5	CCNL1
3.32800675897868e-58	1.42783110954943	0.063	0.026	6.5861253760188e-54	c5	LTC4S
5.10270160247439e-58	1.22888298945373	0.099	0.049	1.00982464712968e-53	c5	FXYD7
9.2873564613888e-58	0.417090849481269	0.591	0.524	1.83796784370884e-53	c5	MAP1LC3B
1.73979259091247e-57	0.134789510183678	0.998	0.99	3.44304953741579e-53	c5	RPS3
1.78759121835646e-57	0.910280170894198	0.181	0.113	3.53764302112743e-53	c5	NXF1
2.00310068573602e-57	0.886484228613556	0.198	0.127	3.96413625707158e-53	c5	GLA
4.10058245654863e-57	1.38478164271477	0.09	0.044	8.11505268150973e-53	c5	ARG2
5.62318209554771e-57	0.32509258461671	0.714	0.655	1.11282773670889e-52	c5	SERP1
4.80945069480049e-56	0.306567857462464	0.619	0.53	9.51790292501016e-52	c5	AHNAK
8.62056567713864e-56	0.646120227860287	0.342	0.261	1.70600994750574e-51	c5	INSIG1
1.57520987394721e-55	1.5216946697424	0.058	0.023	3.11734034054153e-51	c5	FSCN1
1.75834775828498e-55	0.150071923175259	0.985	0.971	3.47977021364598e-51	c5	RPL3
1.13967422284049e-54	2.22093106444485	0.023	0.005	2.25541528700134e-50	c5	ARC
1.23563368457689e-54	0.682862698609453	0.241	0.164	2.44531906177767e-50	c5	FKBP11
1.61297761722907e-53	0.615747666209031	0.308	0.225	3.19208270449634e-49	c5	ERN1
2.04918377289999e-53	0.118176515483872	0.995	0.986	4.05533468656907e-49	c5	RPS14
4.37881177341085e-53	0.868480333153307	0.199	0.13	8.66566849958007e-49	c5	ABHD5
4.85187209547152e-53	1.48674261889355	0.042	0.015	9.60185487693813e-49	c5	SNAI1
4.91527923640622e-53	0.439615320570302	0.58	0.497	9.72733760884791e-49	c5	SOCS1
8.13700341410939e-53	0.994739979581696	0.109	0.059	1.61031297565225e-48	c5	DPP4
2.04335785377127e-52	1.16883735822397	0.082	0.039	4.04380519261334e-48	c5	ARL4D
2.80379198267453e-52	0.58812764040086	0.314	0.23	5.5487043337129e-48	c5	SCML4
4.53369812724516e-52	0.213458098705478	0.9	0.856	8.97218859381817e-48	c5	PABPC1
8.2671959651031e-51	0.482246832862968	0.436	0.351	1.6360780814939e-46	c5	RORA
3.72573725901189e-50	1.3932120344195	0.06	0.026	7.37323403558453e-46	c5	SVIL
3.92887909412437e-50	1.14314603241881	0.101	0.054	7.77525172727213e-46	c5	DSE
1.70104397504029e-49	0.15047817936393	0.957	0.936	3.36636602660473e-45	c5	RPL9
6.12164870378928e-49	0.735947791836454	0.189	0.122	1.2114742784799e-44	c5	KCNA3
8.34524008641477e-49	0.887844639516122	0.156	0.097	1.65152301310148e-44	c5	PRKCA
1.09487197401313e-48	1.00663944814518	0.104	0.056	2.16675163657198e-44	c5	SORBS3
1.21288543324776e-48	0.504256850028428	0.461	0.379	2.40030027239732e-44	c5	GPR183
1.7414840104257e-48	0.123887897828466	0.996	0.989	3.44639685663245e-44	c5	MT-ND4L
2.36496335022577e-48	0.80230384891363	0.221	0.151	4.68026247009679e-44	c5	GLUL
7.2496662376306e-48	1.09694877225401	0.079	0.039	1.4347089484271e-43	c5	PLCB1
2.67678000230396e-46	0.476068324894758	0.437	0.364	5.29734762455955e-42	c5	CLK1
5.64799422572812e-46	1.00275287017456	0.121	0.07	1.11773805727159e-41	c5	IER5L
5.75438586112801e-46	1.64166772357186	0.041	0.015	1.13879296191723e-41	c5	GRASP
6.38991206841893e-46	0.475902155365228	0.448	0.374	1.26456359834011e-41	c5	SKIL
7.10424086668214e-46	0.116670562043862	0.99	0.979	1.4059292675164e-41	c5	RPL34
9.55121343819234e-46	1.41879040883299	0.056	0.024	1.89018513941826e-41	c5	MUC12
2.24168336602994e-45	1.590469280719	0.043	0.016	4.43629138137325e-41	c5	ZNF703
1.33696751815939e-44	0.885307917512017	0.159	0.101	2.64585871843742e-40	c5	ETV3
1.48044262755952e-44	0.708518984482843	0.229	0.162	2.92979595994029e-40	c5	LRIF1
1.62309691226487e-44	0.338510836748817	0.607	0.534	3.21210878937217e-40	c5	TGFB1
2.01735705170151e-44	0.344860051343178	0.638	0.584	3.99234960531729e-40	c5	RBM8A
2.97910541798301e-44	0.132877280649979	0.998	0.99	5.89564962218839e-40	c5	RPS19
3.63794663154542e-44	1.33753459683377	0.061	0.028	7.19949638382839e-40	c5	EFNB2
8.58294488823428e-44	0.477617659520349	0.293	0.216	1.69856479338156e-39	c5	CAPG
1.07684750027809e-43	1.32107175412034	0.074	0.037	2.13108120305034e-39	c5	BAIAP2
1.56200939697456e-43	0.113376878843019	0.992	0.979	3.09121659661266e-39	c5	RPS3A
3.02164142032817e-43	0.815209890462713	0.1	0.055	5.97982837082946e-39	c5	ADRB2
4.69427069500818e-43	1.36448688319195	0.039	0.015	9.28996170542119e-39	c5	CFH
5.73003403339875e-43	0.712033520304816	0.245	0.179	1.13397373520961e-38	c5	OAT
8.11121161487064e-43	0.721664021504606	0.24	0.174	1.6052087785829e-38	c5	MIDN
8.25218712131102e-43	0.337047093009985	0.674	0.613	1.63310783130745e-38	c5	SRSF2
1.88476096728218e-42	0.468621518429422	0.394	0.319	3.72994195425143e-38	c5	FLT3LG
2.21577377256656e-42	0.69520140242092	0.229	0.164	4.38501629590923e-38	c5	SLC1A5
3.41398377605685e-42	0.303996081219943	0.702	0.662	6.7562738928165e-38	c5	ATP6V0C
1.04807358313259e-41	0.170305350176399	0.995	0.973	2.0741376210194e-37	c5	BTG1
2.59298910366355e-41	0.227575087422824	0.856	0.827	5.13152543615017e-37	c5	YWHAZ
6.85393772254044e-41	1.50206001549676	0.039	0.015	1.35639427529075e-36	c5	HBEGF
7.86851773850172e-41	0.209584256108389	0.898	0.865	1.55717966044949e-36	c5	NPM1
9.87975774750194e-41	0.663003240739195	0.227	0.163	1.95520405823063e-36	c5	NR1D2
1.16257856928317e-40	1.78850147160549	0.031	0.011	2.30074298861139e-36	c5	NRIP3
1.77368810363938e-40	0.11219144584317	0.99	0.975	3.51012875710233e-36	c5	RPS6
4.40053053334474e-40	2.11613916507128	0.021	0.006	8.70864992548924e-36	c5	NTN4
4.48422427255784e-39	1.16263523100756	0.107	0.063	8.87427983539197e-35	c5	PHLDA2
4.93361079510435e-39	0.64431979366988	0.292	0.229	9.76361576351151e-35	c5	EIF4A1
1.16862671744301e-38	1.4753719422295	0.041	0.017	2.31271227381971e-34	c5	MAP1A
1.30895882743547e-38	0.105906127505762	0.994	0.984	2.5904295194948e-34	c5	RPS18
1.31678195676504e-38	0.132791934642426	0.997	0.991	2.60591149243802e-34	c5	MT-CO3
2.48551075228812e-38	1.23689709036788	0.069	0.035	4.91882577877819e-34	c5	IL4I1
2.63584728912728e-38	1.87456278122958	0.023	0.007	5.21634178518288e-34	c5	VASN
6.0312859507301e-38	0.131478039033048	0.971	0.952	1.19359148964949e-33	c5	RPS5
6.46989482026188e-38	0.111187865906065	0.991	0.973	1.28039218492983e-33	c5	RPLP2
8.03231300706392e-38	0.239947485978472	0.744	0.708	1.58959474409795e-33	c5	RPS20
1.29440395839434e-37	0.617237501002845	0.282	0.219	2.56162543366239e-33	c5	PER1
1.55188863120037e-37	1.01473322918616	0.09	0.05	3.07118760114553e-33	c5	ERRFI1
2.09339598161046e-37	0.63512371820402	0.274	0.212	4.1428306476071e-33	c5	RNF139
5.02286866320992e-37	0.48960377992197	0.364	0.291	9.94025708449244e-33	c5	PHLDA1
7.52090505711386e-37	0.586835353472999	0.279	0.216	1.48838711080283e-32	c5	KDM6B
8.30733334242641e-37	0.371084138119682	0.56	0.511	1.64402126846619e-32	c5	CYCS
1.38423093409801e-36	0.248285179441491	0.746	0.708	2.73939301857996e-32	c5	CD44
2.30627624705422e-36	0.520982256843786	0.351	0.287	4.56412069292029e-32	c5	DEDD2
4.08644752263353e-36	1.06762697146332	0.078	0.042	8.08707964729176e-32	c5	SPART
4.09361497094465e-36	0.406079640028133	0.485	0.428	8.10126402749946e-32	c5	TCP1
1.02028600975959e-35	1.9371002913472	0.02	0.006	2.01914601331422e-31	c5	ADAM23
2.04560963306564e-35	0.564806437175032	0.193	0.134	4.04826146383691e-31	c5	SYTL2
4.17953227572612e-35	0.573138007730519	0.259	0.198	8.271294373662e-31	c5	UPP1
1.54624361810192e-34	1.74225206468285	0.023	0.007	3.06001612022371e-30	c5	TSPAN15
2.12428018472242e-34	1.92696924651495	0.017	0.005	4.20395048556568e-30	c5	LTK
4.32190629585534e-34	1.066196744454	0.113	0.07	8.55305255949773e-30	c5	CCL20
7.31276200567235e-34	1.52780605991922	0.031	0.012	1.44719560092256e-29	c5	CDKN1C
1.84007535825581e-33	0.441995852650186	0.288	0.223	3.64150913398824e-29	c5	MGAT4A
2.51102192852209e-33	0.451945062847285	0.428	0.375	4.96931239654521e-29	c5	MAT2A
2.91013096396374e-33	0.786164710440935	0.142	0.095	5.75914917768423e-29	c5	CA5B
4.03175423936496e-33	0.72712562506235	0.097	0.057	7.97884163970326e-29	c5	ANK3
4.77619488198666e-33	0.121921599809173	0.966	0.945	9.45208967145161e-29	c5	RPL21
7.53916367924451e-33	2.09170175371128	0.014	0.003	1.49200049212249e-28	c5	SCART1
7.99283825491246e-33	0.804887980694561	0.185	0.133	1.58178269064718e-28	c5	DNAAF2
1.41586316768257e-32	0.634047357185922	0.24	0.184	2.80199320884381e-28	c5	RARA
3.15748225666302e-32	0.131754881107677	0.979	0.963	6.24865738593612e-28	c5	MT-ND3
7.49212841740908e-32	1.21729609662029	0.068	0.037	1.48269221380526e-27	c5	EGR2
1.98668797590904e-31	0.765453166549795	0.117	0.074	3.931655504324e-27	c5	TNFSF13B
2.46175545929836e-31	1.44212039770584	0.057	0.029	4.87181405395145e-27	c5	IL23A
3.59063608149605e-31	1.58014330088585	0.027	0.01	7.10586880528069e-27	c5	WDR86
1.51690925392967e-30	1.58241129774398	0.04	0.018	3.00196341352682e-26	c5	DYRK3
1.70177024970339e-30	0.503160554392634	0.358	0.302	3.367803324163e-26	c5	PPP1R10
2.18283948510837e-30	0.937140103395851	0.108	0.068	4.31983934102946e-26	c5	ERF
4.8743497724007e-30	0.9548525382193	0.076	0.043	9.64633819958098e-26	c5	CRIP2
7.49498281162363e-30	0.353799853361192	0.493	0.445	1.48325709842032e-25	c5	WSB1
4.28582574502599e-29	1.42031986682101	0.031	0.013	8.48164914940644e-25	c5	STX3
4.79688182946253e-29	1.88458983374923	0.044	0.021	9.49302914050635e-25	c5	KLF4
1.64673858723526e-28	1.03612736034388	0.044	0.021	3.25889566413859e-24	c5	TNFRSF10D
1.87555101195531e-28	0.112796906759592	0.958	0.938	3.71171545265955e-24	c5	MT-ND5
3.953493413834e-28	0.79175510505011	0.146	0.102	7.82396346597749e-24	c5	IRS2
4.50209074136453e-28	1.06819408044415	0.067	0.037	8.90963757716041e-24	c5	NSG1
5.92102210722894e-28	0.349047314100903	0.548	0.493	1.17177027502061e-23	c5	HSPB1
6.77024225973109e-28	1.16433398759673	0.048	0.024	1.33983094320078e-23	c5	FHL1
7.01845715383861e-28	0.416918509888586	0.37	0.317	1.38895267074466e-23	c5	CDK17
7.13537375382048e-28	0.268131705607536	0.594	0.544	1.41209046588107e-23	c5	HERPUD1
1.413245547477e-27	1.0989179770172	0.061	0.033	2.79681293845698e-23	c5	KIF9
1.91650743378796e-27	1.3644128869024	0.029	0.012	3.79276821146638e-23	c5	C4orf47
7.75377507948792e-27	0.136121709480068	0.914	0.897	1.53447208823066e-22	c5	MT-ND4
1.38316403375698e-26	0.578914663479351	0.125	0.083	2.73728162280506e-22	c5	PLAC8
1.53208796437537e-26	0.821095182214097	0.064	0.036	3.03200208149885e-22	c5	IGFBP3
2.93277910134769e-26	0.595296455340957	0.253	0.205	5.80396984156708e-22	c5	NXT1
3.34121316547399e-26	1.91176878455817	0.012	0.003	6.61226085447302e-22	c5	TPBG
4.75309968513799e-26	0.423616858500988	0.387	0.338	9.40638427688809e-22	c5	SBDS
6.39320808899691e-26	0.583522901483125	0.211	0.162	1.26521588081249e-21	c5	INTS6
8.42830465688552e-26	0.649737929529601	0.17	0.124	1.66796149159765e-21	c5	HEXIM1
1.83471929292102e-25	0.356269326733773	0.392	0.34	3.63090948069071e-21	c5	RBMS1
4.42483826908057e-25	2.1164177129675	0.012	0.003	8.75675493451044e-21	c5	RAB6B
6.38201835925665e-25	0.656344076633698	0.188	0.142	1.26300143329689e-20	c5	TOB2
1.33348639874618e-24	0.335968102522581	0.597	0.568	2.63896958311868e-20	c5	PRDX1
3.32188665538464e-24	1.61041281823235	0.019	0.007	6.57401369100619e-20	c5	DSEL
3.72028682170956e-24	0.136108729696197	0.848	0.823	7.36244762016322e-20	c5	RPL38
3.91635144407405e-24	0.345393637562303	0.49	0.452	7.75045950782255e-20	c5	YWHAQ
6.18534431970656e-24	0.403854243049326	0.478	0.442	1.22407964086993e-19	c5	SDCBP
1.03357935958352e-23	1.48757237162997	0.016	0.005	2.04545355261578e-19	c5	ADM
2.02424242425031e-23	1.71738499673427	0.016	0.005	4.00597575759137e-19	c5	ARHGEF40
2.76218589744977e-23	0.89537969742002	0.1	0.067	5.4663658910531e-19	c5	FAM241A
7.42671449169768e-23	0.672428546359593	0.17	0.128	1.46974679790697e-18	c5	MPZL3
1.9177595261449e-22	1.20270354226848	0.042	0.021	3.79524610224076e-18	c5	NLRP3
4.50224440388251e-22	1.16637788944759	0.041	0.021	8.90994167528348e-18	c5	HIC1
5.71358418186314e-22	1.42087235601801	0.025	0.01	1.13071830959072e-17	c5	TGFA
6.24396702310239e-22	0.527274857111134	0.236	0.191	1.23568107387196e-17	c5	KDSR
9.04261836240787e-22	0.53126077602141	0.179	0.135	1.78953417392052e-17	c5	LSR
1.04658649100986e-21	0.472503141091995	0.301	0.255	2.07119466570851e-17	c5	PIM1
3.7571421303009e-21	0.777175871361724	0.114	0.079	7.43538427586549e-17	c5	ARL5B
1.52512277741852e-20	0.638713993829501	0.084	0.054	3.01821797651125e-16	c5	ITGA6
1.62051512345488e-20	0.395665707160075	0.32	0.272	3.20699942931721e-16	c5	NFKBIZ
1.65682121717581e-20	0.34006413316154	0.404	0.365	3.27884918879094e-16	c5	ARHGAP15
3.19977736570893e-20	0.692839670302865	0.105	0.072	6.33235940673797e-16	c5	C1orf162
1.49244752711281e-19	0.655841303629259	0.152	0.114	2.95355365615625e-15	c5	NAF1
1.58826987617093e-19	0.18952587521208	0.571	0.533	3.14318608494227e-15	c5	CD48
1.85013348832637e-19	1.59199391985011	0.015	0.005	3.66141417339788e-15	c5	RRAD
2.11185607381286e-19	0.720518381969677	0.119	0.085	4.17936317007566e-15	c5	HMGCS1
2.818711857793e-19	0.681481757999808	0.147	0.111	5.57823076657235e-15	c5	CRY1
8.3210761995864e-19	0.82262094490635	0.083	0.055	1.64674097989815e-14	c5	ATP1B1
8.72104905145431e-19	0.626908618016895	0.193	0.155	1.72589560728281e-14	c5	EHD1
1.51307885016628e-18	1.07052379075808	0.051	0.03	2.99438304447907e-14	c5	QPCT
2.29020156637795e-18	1.4736743451966	0.016	0.006	4.53230889986197e-14	c5	ACVR1C
2.46949228414747e-18	1.35694218512375	0.019	0.008	4.88712523032785e-14	c5	IL5RA
3.073501630258e-18	1.63303389114665	0.015	0.005	6.08245972628057e-14	c5	IL17RE
3.08446504311112e-18	0.740946193479712	0.091	0.062	6.1041563203169e-14	c5	ETS2
4.66508100608538e-18	0.970522864016022	0.039	0.021	9.23219531104297e-14	c5	SLC40A1
5.34650879046255e-18	0.878675781767107	0.13	0.097	1.05807408963254e-13	c5	SERPINH1
6.37830391565967e-18	0.897681502545032	0.052	0.031	1.26226634490905e-13	c5	PDE8A
6.40791763797146e-18	0.657702903645933	0.111	0.08	1.26812690055455e-13	c5	MAFF
1.05116300311491e-17	0.735568597073477	0.066	0.042	2.08025158316441e-13	c5	ZSCAN18
1.55767998347481e-17	1.2669026589464	0.025	0.012	3.08264868729664e-13	c5	FAM84B
1.72053377347749e-17	0.141601326270331	0.762	0.728	3.40493633771195e-13	c5	NCL
1.77186849739294e-17	0.376434860328127	0.207	0.165	3.50652775634064e-13	c5	TIMP1
3.01202201155472e-17	0.193994167940872	0.568	0.529	5.96079156086679e-13	c5	PLP2
3.52124620523957e-17	1.35412613329191	0.019	0.008	6.96854624016911e-13	c5	PLEKHG3
5.17735856578004e-17	0.733538096212815	0.063	0.04	1.02459926016787e-12	c5	USP53
5.36399043764089e-17	1.69112712308189	0.017	0.007	1.06153370760913e-12	c5	AXIN2
7.35091088896983e-17	1.23622958691948	0.016	0.006	1.45474526492713e-12	c5	ME1
7.86837011078696e-17	1.50414419157495	0.015	0.006	1.55715044492474e-12	c5	TLE1
8.39464234862127e-17	0.809632241854573	0.076	0.051	1.66129972079215e-12	c5	CHD7
1.32547583635898e-16	0.72739376117792	0.085	0.059	2.62311668015442e-12	c5	SSBP2
1.42341647747206e-16	0.639401674618393	0.098	0.069	2.81694120891722e-12	c5	ANTXR2
2.31818670854636e-16	0.119242664780574	0.85	0.846	4.58769149621325e-12	c5	ITM2B
3.09405843757206e-16	0.177932764838306	0.693	0.661	6.1231416479551e-12	c5	SELENOK
3.18165644609349e-16	0.455053480689294	0.259	0.223	6.29649810681902e-12	c5	GRPEL1
3.65857619692487e-16	1.29092500140725	0.02	0.009	7.24032229371432e-12	c5	ZNF165
3.85433512358588e-16	1.23547535732657	0.027	0.013	7.62772920957645e-12	c5	TUFT1
4.54092491461892e-16	0.801673106331802	0.054	0.033	8.98649040603084e-12	c5	THRA
1.31469943320482e-15	0.825783247022621	0.121	0.091	2.60179017831235e-11	c5	MID1IP1
1.44820522484391e-15	0.382265348813366	0.268	0.232	2.8659981399661e-11	c5	NOP56
1.72069158519171e-15	0.887424748962098	0.045	0.027	3.4052486470944e-11	c5	CITED4
1.85751179907987e-15	0.736470889496597	0.054	0.034	3.67601585037907e-11	c5	GSTM3
2.42789723318348e-15	0.304123106425117	0.416	0.381	4.80480862447011e-11	c5	GLIPR1
3.15181353024214e-15	0.517636022413613	0.143	0.11	6.2374389763492e-11	c5	CAMK1D
4.7093213313327e-15	0.927276825844513	0.043	0.026	9.31974691470741e-11	c5	ZBTB16
6.62106738117274e-15	0.752371983579662	0.075	0.051	1.31030923473409e-10	c5	MYBL1
1.53442286641078e-14	0.287925160168745	0.213	0.174	3.03662285262693e-10	c5	TCF7
1.83661364989509e-14	0.411938165514378	0.122	0.091	3.63465841314238e-10	c5	CTSL
3.2138276845171e-14	0.55977112483957	0.158	0.127	6.36016498765934e-10	c5	MBNL2
3.91311550931616e-14	1.2342423413306	0.024	0.012	7.74405559293668e-10	c5	RORC
4.84695647010986e-14	0.881878735872575	0.045	0.027	9.59212685434742e-10	c5	GCSAM
4.99929457631355e-14	0.39166117926624	0.303	0.273	9.89360396652451e-10	c5	OSER1
5.42487614805853e-14	0.259293611610243	0.298	0.257	1.07358298970078e-09	c5	STOM
5.94452492865157e-14	1.14914147028734	0.023	0.012	1.17642148338015e-09	c5	NCKAP5L
6.13090202980875e-14	0.679846380706524	0.053	0.034	1.21330551169915e-09	c5	RASL11A
6.390891170587e-14	0.326299830770739	0.352	0.32	1.26475736265917e-09	c5	AKIRIN1
7.94492863193387e-14	1.63477012889211	0.01	0.004	1.57230137625971e-09	c5	BLK
9.77596398477159e-14	1.11054893333612	0.019	0.009	1.9346632725863e-09	c5	VIPR1
1.18415390705032e-13	0.805407515091657	0.065	0.044	2.34344058205258e-09	c5	SIK1B
1.50075216225583e-13	1.36451335166567	0.019	0.009	2.96998852910428e-09	c5	ESPN
1.83372730316653e-13	0.100704893285719	0.822	0.809	3.62894633296657e-09	c5	EEF1G
2.09937921763157e-13	1.4370629980233	0.017	0.008	4.15467147169287e-09	c5	LATS2
2.10603965830866e-13	0.44537569277147	0.171	0.138	4.16785248379283e-09	c5	DYNLT3
2.17942152559422e-13	0.290674320628578	0.424	0.401	4.31307519915096e-09	c5	BCAS2
3.89995102044048e-13	0.519770679291204	0.147	0.117	7.7180030694517e-09	c5	UAP1
5.62877342011888e-13	0.752257040898513	0.076	0.053	1.11393425984153e-08	c5	ING1
6.71818608359458e-13	0.302656177714757	0.364	0.33	1.32952902594337e-08	c5	FKBP4
6.78767882796152e-13	1.34983913396019	0.017	0.008	1.34328164005359e-08	c5	LONRF3
7.17789020361294e-13	0.827077645061387	0.042	0.026	1.420504471295e-08	c5	NR1D1
1.1779108589327e-12	1.02573697596637	0.029	0.016	2.3310855898278e-08	c5	PGLYRP2
1.33726621341246e-12	0.836964159038914	0.049	0.031	2.64644983634325e-08	c5	TMEM273
1.37640233865751e-12	1.00158665819499	0.023	0.012	2.72390022820322e-08	c5	RIMKLB
1.83494301976522e-12	1.52762776277698	0.01	0.004	3.63135223611537e-08	c5	LSMEM1
1.94375557836041e-12	0.427073829479183	0.197	0.166	3.84669228957526e-08	c5	RGS14
2.24356840129489e-12	0.450837446517781	0.251	0.22	4.4400218661626e-08	c5	ODF2L
2.57352159991783e-12	1.00094432252195	0.027	0.015	5.09299924623739e-08	c5	BCORL1
2.92777318789404e-12	0.438740694248883	0.152	0.122	5.7940631388423e-08	c5	RBKS
3.02245159176844e-12	0.506646543748838	0.165	0.136	5.98143170010973e-08	c5	MED31
3.30525806832471e-12	1.07498291803222	0.028	0.015	6.5411057172146e-08	c5	CCDC173
4.53015351036731e-12	0.544633004188453	0.085	0.062	8.96517379701691e-08	c5	NFKBID
6.23533087677153e-12	0.777995269571324	0.051	0.034	1.23397198051309e-07	c5	EFCAB2
6.47928204344583e-12	0.73634573877377	0.065	0.045	1.28224991639793e-07	c5	TMIGD2
6.70012725947472e-12	0.346138078221454	0.293	0.265	1.32595518465005e-07	c5	MAPRE2
6.9743941917454e-12	0.231201568459459	0.453	0.425	1.38023261054641e-07	c5	CHORDC1
8.08955680760082e-12	0.559300169094959	0.088	0.065	1.6009232922242e-07	c5	CTSH
1.21709402837319e-11	0.569641889516576	0.088	0.065	2.40862908215055e-07	c5	CSKMT
1.74871899132895e-11	1.37794707330759	0.012	0.005	3.46071488384e-07	c5	TRIQK
1.76384733496721e-11	1.27136449362398	0.015	0.007	3.49065387590012e-07	c5	PGF
1.78054110887912e-11	0.43636766608799	0.102	0.077	3.52369085447178e-07	c5	SPINT2
2.120322382507e-11	0.102853585942344	0.68	0.626	4.19611799498135e-07	c5	CACYBP
2.22146131735617e-11	0.475475874597085	0.198	0.17	4.39627194704786e-07	c5	SPTY2D1
2.27492423107734e-11	1.39357048498221	0.01	0.004	4.50207505330206e-07	c5	RTL5
2.60828573346308e-11	0.5827671023608	0.086	0.063	5.16179746652343e-07	c5	COQ10A
2.87029824602163e-11	0.286346082489192	0.464	0.446	5.6803202288768e-07	c5	RPL22L1
3.7127772887183e-11	0.363535584413459	0.218	0.188	7.34758625437352e-07	c5	THEM4
4.62043177978558e-11	0.84363495925443	0.033	0.02	9.14383449219567e-07	c5	SBF2
5.29053329811876e-11	1.50582397622421	0.01	0.004	1.0469965396977e-06	c5	KIAA0895
5.76021613246256e-11	0.436583480662419	0.148	0.12	1.13994677261434e-06	c5	ZNF10
6.14661071602379e-11	0.775653336694452	0.049	0.033	1.21641426070111e-06	c5	KIF5C
6.5232486950947e-11	0.615706607730311	0.083	0.061	1.29095091675924e-06	c5	BIK
7.27202347220039e-11	0.195553349750988	0.48	0.446	1.43913344514846e-06	c5	AHSA1
8.19108672556433e-11	0.758808769267138	0.059	0.041	1.62101606298918e-06	c5	SNTA1
8.52618782779225e-11	0.947920003462952	0.027	0.015	1.68733257112009e-06	c5	HOOK1
9.88197139708643e-11	0.153513179258997	0.534	0.518	1.95564213948341e-06	c5	ARL6IP1
1.1522048243592e-10	0.177775957666337	0.607	0.589	2.28021334740686e-06	c5	SAMSN1
1.19666790493444e-10	0.402207167754303	0.137	0.111	2.36820578386526e-06	c5	LMO4
1.34886462905582e-10	0.908639590512117	0.03	0.018	2.66940310090147e-06	c5	TMEM67
1.41309235654629e-10	0.814226529532685	0.047	0.032	2.79650977360512e-06	c5	TMEM200A
1.49715747149728e-10	1.33334665888548	0.016	0.008	2.96287463609311e-06	c5	HPCAL4
1.84485522331403e-10	1.41974312038269	0.012	0.005	3.65096848693847e-06	c5	PYGM
2.36332753730103e-10	0.195422440126629	0.615	0.604	4.67702519631873e-06	c5	PPP1R2
2.4617076178679e-10	0.372493193719453	0.153	0.126	4.87171937576058e-06	c5	RASGRP2
3.14883462066124e-10	0.611647146758739	0.052	0.035	6.2315437142886e-06	c5	CD300A
3.37032666153212e-10	1.06154529903884	0.024	0.014	6.66987646317206e-06	c5	IL23R
3.81871461804039e-10	0.51953753103167	0.086	0.065	7.55723622910192e-06	c5	KLF9
4.32204815344766e-10	0.959569046984664	0.021	0.012	8.55333329567292e-06	c5	JAM3
4.45624314410221e-10	0.233752888098249	0.35	0.323	8.81890518217828e-06	c5	RALGAPA1
6.71530275145256e-10	0.917672788447969	0.024	0.014	1.32895841451246e-05	c5	ABCA1
6.98325888072202e-10	1.26011305882374	0.012	0.006	1.38198693249489e-05	c5	CFAP54
7.17106119506631e-10	0.747410893588045	0.047	0.032	1.41915301050362e-05	c5	ZBTB10
1.04601916569416e-09	1.15566636808219	0.017	0.009	2.07007192890875e-05	c5	SPINK2
1.16724383453669e-09	0.835393590602699	0.058	0.041	2.3099755485481e-05	c5	SPRY1
1.28401149334922e-09	0.414329973397932	0.057	0.04	2.54105874533811e-05	c5	ABCB1
1.60450096085116e-09	0.276338656247923	0.373	0.351	3.17530740152445e-05	c5	CCNH
1.65566149465246e-09	1.02621208360101	0.017	0.009	3.27655409791723e-05	c5	PELI2
2.22888207996877e-09	0.894298572294312	0.037	0.024	4.4109576362582e-05	c5	CHAC1
2.53947286135202e-09	1.24284217090787	0.013	0.006	5.02561679261566e-05	c5	ZNF365
2.56270448722699e-09	0.712996187576054	0.051	0.036	5.07159218022222e-05	c5	TAF4B
2.81697952705795e-09	0.157442503778098	0.643	0.613	5.57480248404768e-05	c5	IRF1
3.19449965130345e-09	0.607960380739593	0.104	0.083	6.32191480992954e-05	c5	DNAJA4
3.43441697247229e-09	0.203559291342023	0.543	0.535	6.79671118852266e-05	c5	SRSF5
3.800198995286e-09	0.852331115626296	0.029	0.018	7.52059381167099e-05	c5	MYO1D
4.2472412387839e-09	0.431456360639251	0.126	0.103	8.40529041155334e-05	c5	PPP3CA
4.81631732723055e-09	1.03453173345195	0.012	0.006	9.53149199058927e-05	c5	FMN1
5.50436063573791e-09	0.593731595882383	0.065	0.048	0.000108931296981253	c5	NME4
6.65857849336134e-09	0.614417420151029	0.069	0.051	0.000131773268383621	c5	TNFRSF10B
7.31254051879032e-09	0.965400050501954	0.017	0.009	0.00014471517686686	c5	FRY
8.17477449750901e-09	0.806012154717741	0.06	0.044	0.000161778787305703	c5	ULBP2
9.38783294358961e-09	0.153758893876688	0.571	0.548	0.000185785213953638	c5	SLC25A5
9.44562611766326e-09	1.30493292236926	0.012	0.006	0.000186928940868556	c5	EDA
1.0027573342383e-08	1.13067435270407	0.014	0.007	0.000198445676445759	c5	AZIN2
1.11466320578636e-08	0.922082449632316	0.025	0.015	0.000220591848425121	c5	CCDC112
1.31888736157297e-08	0.807143459994144	0.024	0.014	0.000261007808855291	c5	ELOVL4
1.39781933764947e-08	1.10324248164536	0.015	0.008	0.00027662844692083	c5	CDC42EP4
1.70330738489759e-08	0.964454916449966	0.032	0.02	0.000337084531471233	c5	RASGRF2
1.73809904482535e-08	0.646880214267378	0.037	0.025	0.000343969800970937	c5	ACSL6
1.83918131235873e-08	0.405494890870228	0.206	0.183	0.000363973981715792	c5	TRADD
1.9126206808642e-08	0.417876180657895	0.121	0.099	0.000378507632743026	c5	ENO2
2.62918962081645e-08	0.606169463355648	0.04	0.027	0.000520316625959575	c5	PLXND1
3.04728913036417e-08	0.480982894088881	0.069	0.052	0.00060305851889907	c5	PATJ
3.37309929266512e-08	0.432004648789564	0.128	0.107	0.000667536350018428	c5	FNIP1
3.39605375438908e-08	0.608168325781352	0.034	0.022	0.0006720790379936	c5	SPEF2
3.42417691591537e-08	0.189806805467543	0.339	0.31	0.000677644611659653	c5	TSPYL2
3.81195607618324e-08	0.941475083023866	0.011	0.005	0.000754386107476663	c5	GPR157
3.84567025958653e-08	0.704811898668101	0.067	0.05	0.000761058144372174	c5	MYC
3.85969827865178e-08	0.253883262376033	0.301	0.277	0.000763834289345187	c5	GLS
4.65862111618249e-08	0.699040962970379	0.061	0.045	0.000921941118892515	c5	MAP9
4.83325899747662e-08	0.51766505440517	0.111	0.091	0.000956501955600623	c5	SNAPC1
4.85339386064736e-08	1.19414043342105	0.014	0.007	0.000960486645022112	c5	SERPINE1
4.95152348904642e-08	0.379189097227316	0.205	0.182	0.000979906498482287	c5	CDKN2AIP
5.98255336976622e-08	0.437549916450126	0.109	0.089	0.00118394731187674	c5	CD226
6.1111798217604e-08	0.432453071146818	0.152	0.13	0.00120940248672638	c5	NDRG1
6.35935896261064e-08	0.340983904962609	0.215	0.192	0.00125851713870065	c5	DNAJB4
6.70226863433984e-08	1.32845898369781	0.01	0.004	0.00132637896273585	c5	PCSK5
7.32781279022096e-08	0.113776525227651	0.639	0.617	0.00145017415118473	c5	DNAJB6
7.44602294340479e-08	0.528236626727534	0.042	0.029	0.00147356794049981	c5	EPS8
7.78421140656799e-08	0.372181159755951	0.156	0.133	0.00154049543735981	c5	C16orf54
7.88003587652491e-08	0.990017577210085	0.011	0.005	0.00155945909996428	c5	CCDC65
8.18144902593806e-08	0.130656950087897	0.333	0.298	0.00161910876223314	c5	CCR7
8.42751478208824e-08	0.399919657028929	0.121	0.1	0.00166780517537526	c5	TPD52
8.73213497856005e-08	0.910679137415134	0.019	0.011	0.00172808951225703	c5	NR3C2
8.81914363844329e-08	0.1577975573594	0.501	0.474	0.00174530852604793	c5	TENT5C
9.3528448146327e-08	0.62359867819177	0.072	0.056	0.00185092798881581	c5	SIRT1
9.80412777182563e-08	1.04149755341259	0.017	0.009	0.00194023688604429	c5	MAPRE3
1.01039971090817e-07	0.517349849744607	0.13	0.11	0.00199958102788728	c5	HOOK2
1.07196869273179e-07	0.272270116160353	0.175	0.152	0.0021214260429162	c5	SORL1
1.11599135172385e-07	1.431721042194	0.012	0.006	0.0022085468850615	c5	EGR4
1.19820012568254e-07	1.04863880392563	0.014	0.008	0.00237123804872574	c5	LOXL1
1.25169758660133e-07	0.929314391962055	0.016	0.009	0.00247710952388404	c5	C8orf88
1.29924455649051e-07	0.351608899212447	0.149	0.127	0.00257120497729472	c5	ADAM8
1.48356075823675e-07	0.46597490633902	0.097	0.078	0.00293596674055052	c5	SLC25A4
1.50279550736411e-07	0.431624466696734	0.16	0.139	0.00297403230907358	c5	JAZF1
1.56820958606548e-07	0.668660040650926	0.025	0.015	0.00310348677082359	c5	LTB4R2
2.00846544912961e-07	0.805160501489203	0.035	0.024	0.0039747531238275	c5	CLCF1
2.22250319975804e-07	1.22880193912224	0.012	0.006	0.00439833383232116	c5	SPDYA
2.33893324484187e-07	0.461718946953872	0.103	0.084	0.00462874889154206	c5	GADD45G
2.47836685989764e-07	0.781360187377396	0.037	0.026	0.00490468801573742	c5	SLCO3A1
2.49686036247609e-07	1.15906846276985	0.015	0.008	0.00494128665734017	c5	TJP3
2.76502329875309e-07	0.649124958019339	0.083	0.066	0.00547198110823237	c5	ICAM1
2.78090073633295e-07	0.360057317106638	0.247	0.23	0.0055034025572029	c5	MORF4L2
3.1537209804362e-07	0.500729240680124	0.09	0.073	0.00624121382028324	c5	KLHL18
3.15776034885463e-07	0.833028532500296	0.013	0.007	0.0062492077303833	c5	MAFB
3.26073684172134e-07	0.423136919774559	0.145	0.125	0.00645299820976654	c5	DYNLL2
3.35187401092939e-07	0.283219817490073	0.3	0.284	0.00663335866762927	c5	PITHD1
3.43184479451493e-07	1.08368678948075	0.011	0.006	0.00679162084834505	c5	F2RL1
3.70296995376808e-07	0.976790648425292	0.022	0.013	0.00732817753850703	c5	IL2
3.73577191496838e-07	0.530258811136439	0.091	0.074	0.00739309261972243	c5	DDAH2
3.79378975315431e-07	0.52169283184565	0.069	0.053	0.00750790992149238	c5	TENT5A
3.89330722637111e-07	0.583214477326045	0.062	0.047	0.00770485500098843	c5	TRABD2A
3.96277131562521e-07	0.512545148915701	0.047	0.034	0.00784232443362229	c5	DOCK9
4.06681767771243e-07	0.339735784047704	0.289	0.269	0.0080482321841929	c5	SOCS3
4.31245886976137e-07	0.425592424940973	0.146	0.125	0.00853435610325775	c5	RHOB
5.3100800017593e-07	0.921331434384112	0.018	0.011	0.0105086483234816	c5	BPIFA1
5.78137234452169e-07	0.856675670008703	0.016	0.009	0.0114413358698084	c5	NEO1
6.04895578216545e-07	0.375033830171653	0.128	0.108	0.0119708834929054	c5	SLC39A8
6.11056301785504e-07	0.718925429592104	0.031	0.021	0.0120928042123351	c5	NKD1
6.68188791616002e-07	0.467260609845921	0.102	0.084	0.0132234561860807	c5	WDR47
6.77998446334378e-07	0.638276767964047	0.036	0.025	0.0134175892529573	c5	RARG
6.8808481101413e-07	0.330196960909704	0.212	0.191	0.0136171984099696	c5	RGS19
7.06693937034958e-07	0.804689907718123	0.035	0.024	0.0139854730139218	c5	IL18RAP
7.89167074063762e-07	1.22884542835352	0.013	0.007	0.0156176163957219	c5	MAGI3
9.06314476669758e-07	0.230991600743894	0.331	0.312	0.0179359634932945	c5	HBP1
1.01854571976512e-06	0.70829733849665	0.024	0.015	0.0201570197941517	c5	EPB41L5
1.23042326932813e-06	0.748315162871813	0.046	0.034	0.0243500765000038	c5	LST1
1.27800057467496e-06	0.63944924223703	0.036	0.026	0.0252916313728174	c5	ZNF432
1.61978299669871e-06	0.68359644102211	0.048	0.036	0.0320555055046674	c5	SIK1
1.7204915868428e-06	0.162296051195155	0.505	0.491	0.034048528503619	c5	CCT4
1.73824097704013e-06	0.647498591897613	0.052	0.04	0.0343997889356242	c5	CLU
1.79465580785362e-06	1.2476059224271	0.01	0.005	0.0355162384374231	c5	HHEX
1.92603873221231e-06	0.164987544408118	0.539	0.541	0.0381163065104816	c5	HNRNPA0
1.97778596580505e-06	0.348940529666265	0.105	0.087	0.039140384263282	c5	MGAT5
2.0814561096336e-06	0.26519554104741	0.218	0.198	0.041192016409649	c5	TNFRSF25
2.45477596997511e-06	0.398507088653372	0.13	0.112	0.0485800164458074	c5	BNIP3
2.52304087894161e-06	0.176773403213289	0.287	0.263	0.0499309789942545	c5	ABLIM1
