p_val	avg_log2FC	pct.1	pct.2	p_val_adj	cluster	gene
0	3.4594453754545	0.442	0.104	0	c31	IKZF2
6.02885255904327e-293	2.62469986128977	0.681	0.275	1.19310992143466e-288	c31	CTLA4
2.77476733863194e-259	3.14114359914271	0.413	0.104	5.49126456315261e-255	c31	IL2RA
3.69689705040149e-257	2.99829315143675	0.52	0.167	7.31615926274455e-253	c31	GK
4.1924082946194e-254	1.17343523939753	0.998	0.997	8.2967760150518e-250	c31	MT-CO1
3.28986002500365e-249	1.20616882221651	0.996	0.997	6.51063298948222e-245	c31	MT-CO2
3.98748126288308e-218	2.42033927730321	0.589	0.232	7.89122541924561e-214	c31	TNFRSF4
2.50927113130654e-217	1.68805392556633	0.928	0.882	4.96584756885565e-213	c31	PTPRC
8.76457567087725e-212	2.3460913259948	0.565	0.219	1.73450952526661e-207	c31	TNFRSF18
2.30045665567405e-210	3.79072189570536	0.286	0.062	4.55260372157895e-206	c31	CCR8
1.38015676608749e-196	1.2141749088097	0.979	0.978	2.73133024008714e-192	c31	MT-ATP6
2.86781917334912e-183	1.17917407866315	0.995	0.991	5.67541414405792e-179	c31	MT-CO3
6.25666057585988e-181	1.81633613657758	0.788	0.595	1.23819312796267e-176	c31	SPOCK2
1.47437897539864e-180	1.07878458947406	0.993	0.988	2.91779599231391e-176	c31	MT-CYB
1.97095494095131e-169	2.71909310241153	0.401	0.135	3.90051982814264e-165	c31	TBC1D4
2.57285523302335e-169	1.82845875679822	0.447	0.148	5.0916805061532e-165	c31	FOXP3
2.88296088621847e-163	1.19974651055984	0.963	0.938	5.70537959382635e-159	c31	MT-ND5
2.00768958780751e-157	2.10270038880922	0.65	0.403	3.97321769427106e-153	c31	PBXIP1
2.01762319468854e-154	1.02512855531777	0.988	0.989	3.99287630228863e-150	c31	MT-ND4L
1.04737488865356e-149	1.98834425778559	0.65	0.376	2.07275490464539e-145	c31	TIGIT
2.40187883267752e-147	2.88057076441147	0.329	0.102	4.75331820986881e-143	c31	LAYN
2.96250901044613e-147	2.06273900355506	0.658	0.405	5.8628053316729e-143	c31	ICOS
1.3806680077815e-144	3.86908491889693	0.152	0.026	2.73234198739958e-140	c31	IL1R1
9.26723995930986e-137	1.68231869104287	0.682	0.437	1.83398678794742e-132	c31	ARID5B
4.97495876885671e-133	1.86369494893739	0.69	0.511	9.84544340356743e-129	c31	RNF213
3.50384823554771e-131	2.70233238707388	0.345	0.123	6.93411565814892e-127	c31	ZC3H12D
2.77347456770543e-128	1.76618750645147	0.762	0.609	5.48870616948905e-124	c31	SAT1
4.82819497237876e-128	2.06267071200196	0.644	0.441	9.55499785033756e-124	c31	TNFRSF1B
1.81437479274831e-122	1.06703550499116	0.973	0.97	3.59064771484891e-118	c31	MT-ND1
1.80656691278926e-116	2.06010176625296	0.528	0.296	3.57519592040994e-112	c31	IL6ST
5.42548380580644e-115	2.54063895085866	0.393	0.171	1.07370324516909e-110	c31	PHTF2
1.53453107784723e-114	1.97701097104842	0.536	0.302	3.03683700305967e-110	c31	SNX9
1.29293633914458e-113	0.846168833233419	0.986	0.995	2.55872101516713e-109	c31	HLA-A
5.23321238805418e-107	2.54908325551883	0.403	0.18	1.03565273159592e-102	c31	CCR6
4.7952053949275e-106	2.10368733830711	0.595	0.418	9.48971147656153e-102	c31	SYNE2
1.75437779126794e-104	2.94822578743587	0.301	0.111	3.47191364891925e-100	c31	CCR4
1.23338938472721e-102	2.22947843453616	0.412	0.199	2.44087759237514e-98	c31	DUSP16
1.58586012318598e-99	2.81976448568573	0.306	0.116	3.13841718378504e-95	c31	TNFRSF9
4.18894038978644e-98	1.01571424176389	0.953	0.964	8.28991303138737e-94	c31	MT-ND3
5.57632471726628e-98	3.40414942688835	0.199	0.055	1.103554661547e-93	c31	F5
6.25760619586256e-95	1.21834187429762	0.894	0.897	1.2383802661612e-90	c31	MT-ND4
7.17877509110895e-95	2.2336447707063	0.37	0.169	1.42067959053046e-90	c31	ADAM10
2.98811019480937e-92	2.13484428847682	0.45	0.25	5.91347007552774e-88	c31	ZNF292
5.93925637241364e-89	1.19652560289817	0.9	0.903	1.17537883610066e-84	c31	MT-ND2
2.13126922742894e-85	1.71971586688722	0.58	0.436	4.21778180108188e-81	c31	IQGAP1
3.24626933619778e-85	2.76333738944538	0.239	0.082	6.42436701633541e-81	c31	TTN
9.19583973792886e-84	2.83853443826518	0.223	0.075	1.81985668413612e-79	c31	IL18R1
1.74588539906595e-83	2.66325497829516	0.249	0.09	3.45510720475151e-79	c31	IL12RB2
1.52244296125281e-82	2.62901261774649	0.209	0.066	3.01291462031931e-78	c31	RTKN2
2.67539139396005e-79	0.969700429791141	0.953	0.953	5.29459956864694e-75	c31	MT-ATP8
5.06355197246658e-77	2.11670837954931	0.445	0.266	1.00207693535114e-72	c31	TNIK
1.8877348633155e-75	2.4603925713743	0.257	0.099	3.73582729450137e-71	c31	MAGEH1
4.72393077042134e-75	2.9697306834261	0.192	0.062	9.34865899466383e-71	c31	ATP13A3
7.06054700741502e-75	2.57054635395863	0.241	0.091	1.39728225276743e-70	c31	MAST4
1.50031515580588e-74	1.73869347077259	0.491	0.324	2.96912369333984e-70	c31	FAM129A
1.02199207728534e-73	1.64796031152455	0.53	0.373	2.02252232094768e-69	c31	RHBDD2
4.57020167519345e-73	1.45212131728492	0.619	0.502	9.04442911520783e-69	c31	STAT3
4.85799164102781e-73	1.36721547210445	0.557	0.365	9.61396545759404e-69	c31	BATF
2.30583528663093e-71	2.65283139052431	0.202	0.069	4.56324803224261e-67	c31	NPC1
5.13657377785047e-71	3.01043267253299	0.177	0.055	1.01652795063661e-66	c31	PLCL1
2.3483644615711e-70	3.04689151247911	0.144	0.039	4.64741326944921e-66	c31	IL1R2
5.35656048203471e-70	2.52620631149393	0.296	0.133	1.06006331939467e-65	c31	FAAH2
2.36209104388826e-69	1.67882841782341	0.509	0.352	4.67457817585486e-65	c31	IL10RA
9.42691232523043e-69	1.29807524288921	0.613	0.467	1.8655859491631e-64	c31	BIRC3
1.11341143142888e-68	1.28697407938575	0.702	0.533	2.20344122279776e-64	c31	LTB
1.32633572131974e-67	1.30647018181878	0.697	0.634	2.62481839249177e-63	c31	MT-ND6
5.78086341908683e-67	0.97560482773414	0.805	0.737	1.14403287063728e-62	c31	TNFAIP3
1.49830297811575e-66	1.62998186592129	0.514	0.362	2.96514159369107e-62	c31	PTPN22
2.08269911760325e-66	2.93064282186937	0.161	0.049	4.12166155373682e-62	c31	SLC12A6
4.63375074031129e-66	2.13021324527279	0.396	0.232	9.17019271507604e-62	c31	FAS
1.19679380129286e-65	2.08963605899703	0.329	0.164	2.36845493275858e-61	c31	STAM
1.48031519753304e-60	2.19559513046481	0.325	0.17	2.92954377591788e-56	c31	NFAT5
1.78183967901958e-60	2.35385686295689	0.276	0.128	3.52626072477975e-56	c31	APLP2
5.12898975263255e-60	1.70364291988497	0.48	0.337	1.01502707204598e-55	c31	ITK
2.1453308115843e-59	2.31584549633859	0.298	0.147	4.24560967612533e-55	c31	PELI1
1.38669459270867e-58	2.7448179012302	0.14	0.042	2.74426859897046e-54	c31	CCDC141
1.01215900305931e-57	2.28644343967603	0.277	0.132	2.00306266705438e-53	c31	SLC5A3
1.23393704891296e-57	1.86749525419892	0.44	0.302	2.44196141979875e-53	c31	CD28
1.00858414026994e-56	2.39231912285249	0.229	0.097	1.99598801359421e-52	c31	THADA
1.42105068635685e-56	1.42297866226765	0.501	0.351	2.8122593083002e-52	c31	GBP5
1.96628326674955e-55	0.685650367518762	0.931	0.942	3.89127458489735e-51	c31	SARAF
4.17505509595765e-55	2.12898645103886	0.302	0.155	8.26243403490019e-51	c31	BACH1
1.25870996450527e-53	2.01895909832538	0.303	0.158	2.49098701975594e-49	c31	GOLGA8B
1.23249711477084e-52	1.67245453607972	0.417	0.26	2.4391117901315e-48	c31	SELL
2.58365892677577e-52	1.95143361493921	0.337	0.193	5.11306101608925e-48	c31	CD4
6.26444625384626e-52	1.98980245853736	0.324	0.18	1.23973391363618e-47	c31	CNST
6.91216879640186e-52	2.6389698612458	0.098	0.024	1.36791820480793e-47	c31	CD177
2.88316004968458e-51	1.91329069639342	0.332	0.184	5.70577373832578e-47	c31	PRDM1
6.51837101588553e-51	2.36978739377819	0.202	0.082	1.28998562404375e-46	c31	ENTPD1
1.36764808694178e-49	2.10291136883958	0.326	0.188	2.70657556405778e-45	c31	MALT1
1.7903282693678e-49	0.708228227189079	0.906	0.964	3.54305964507888e-45	c31	HLA-E
2.98218876521693e-49	1.1767050972892	0.63	0.582	5.9017515663643e-45	c31	ANKRD12
1.37474647203172e-48	1.94466824911103	0.35	0.211	2.72062326815077e-44	c31	RAB11FIP1
1.03687354732026e-47	1.57850706036629	0.473	0.359	2.05197275014679e-43	c31	USP15
1.58580374465844e-47	2.49783315138343	0.18	0.072	3.13830561067905e-43	c31	IL6R
3.13618177941498e-47	2.21439591184657	0.267	0.137	6.20650374146224e-43	c31	CDK6
3.24224017775482e-47	3.42190567044608	0.07	0.015	6.41639331177679e-43	c31	FLVCR2
1.33109283612603e-46	3.3649156349439	0.073	0.016	2.63423272269341e-42	c31	CD80
7.64017088787093e-46	1.71721249172314	0.457	0.346	1.51198981870966e-41	c31	ITGA4
1.91522482175324e-45	2.93599899859625	0.093	0.025	3.79022992224967e-41	c31	C15orf53
2.10478744392552e-45	2.12752649379951	0.307	0.173	4.1653743515286e-41	c31	SESN3
2.37175677118187e-45	1.69859145102177	0.4	0.273	4.69370665016893e-41	c31	MACF1
2.70743485068062e-44	2.92459969833214	0.109	0.033	5.35801356949695e-40	c31	ADAT2
1.42671575452584e-43	1.55437593303626	0.451	0.337	2.82347047820664e-39	c31	IL2RB
1.76742605808767e-43	0.9964839721877	0.641	0.62	3.49773616895551e-39	c31	JAK1
4.15956814597393e-43	2.20367966739684	0.24	0.119	8.23178536088241e-39	c31	LAX1
1.4009206792605e-42	1.07737689546173	0.625	0.593	2.77242202425653e-38	c31	STK4
3.4186396683543e-42	2.11521550492807	0.235	0.116	6.76548790367316e-38	c31	PTPRJ
7.41724869167475e-42	2.37645166571699	0.201	0.091	1.46787351608243e-37	c31	DGKE
1.74774942372654e-41	1.76663814988939	0.339	0.212	3.45879610955482e-37	c31	VPS13C
2.26252325112467e-41	1.9751473892021	0.274	0.15	4.47753351397572e-37	c31	MAF
8.6993341706991e-41	1.37353228099243	0.465	0.364	1.72159823238135e-36	c31	SPTAN1
7.82837681981601e-40	2.64593601290118	0.074	0.018	1.54923577264159e-35	c31	MGST1
8.19777671442332e-40	1.66842583375538	0.368	0.249	1.62234001178437e-35	c31	LNPEP
1.21466350055151e-39	2.67025621561799	0.072	0.018	2.40381906759143e-35	c31	FXYD3
1.47282669225766e-39	0.876988557686605	0.725	0.7	2.91472402397791e-35	c31	EZR
2.65931143113603e-39	1.06487977670627	0.609	0.588	5.2627773222182e-35	c31	RBM39
4.14494703611296e-39	2.30749974876009	0.203	0.095	8.20285018446754e-35	c31	SLC16A1
5.49460740490053e-39	1.39623073487172	0.539	0.467	1.08738280542981e-34	c31	CTSC
5.82051607068071e-39	2.66012602370416	0.123	0.043	1.15188013038771e-34	c31	FAM184A
6.47605790131391e-39	1.26845232710015	0.5	0.425	1.28161185867002e-34	c31	SF3B1
8.57396694732059e-39	0.58241214709601	0.956	0.991	1.69678805887474e-34	c31	HLA-C
1.7990813799292e-38	2.37617938494563	0.196	0.091	3.56038205087989e-34	c31	TFRC
2.48903557723424e-38	2.451898630267	0.152	0.061	4.92580140734656e-34	c31	LAPTM4B
8.52550190163594e-38	2.36947250884561	0.165	0.07	1.68719682633375e-33	c31	CREB3L2
1.48686085051871e-37	2.51417816855963	0.159	0.067	2.94249762317653e-33	c31	HIVEP1
4.51089397832364e-37	2.41946262109999	0.157	0.066	8.92705918310248e-33	c31	GPHN
4.88541092069097e-37	1.57468396053828	0.396	0.285	9.66822821204742e-33	c31	ATP2B4
5.23851320190615e-37	2.37327684848414	0.169	0.073	1.03670176265723e-32	c31	LY75
1.28774850241511e-36	1.6038063191256	0.376	0.251	2.54845428627951e-32	c31	CXCR6
3.08521480997254e-36	1.26358547442975	0.536	0.477	6.10564010893567e-32	c31	SMCHD1
3.16795961780793e-36	1.09898646239606	0.57	0.531	6.26939208364189e-32	c31	AKAP13
3.32779156058676e-36	1.36297661801326	0.46	0.376	6.58569949840121e-32	c31	PSAP
3.57577366049863e-36	2.15995349363878	0.175	0.077	7.07645607412678e-32	c31	HS3ST3B1
4.22366833492645e-36	1.89283248853507	0.327	0.215	8.35863963481944e-32	c31	NUP58
6.47504715134696e-36	1.90348104033635	0.274	0.16	1.28141183125156e-31	c31	TPP1
6.73707581252077e-36	1.23525247450587	0.53	0.458	1.33326730329786e-31	c31	REL
7.25026569490954e-36	1.93553318084589	0.195	0.091	1.4348275810226e-31	c31	LAIR2
1.34943391024979e-35	1.70027429726718	0.349	0.239	2.67052970838433e-31	c31	GLG1
2.48160516104419e-35	1.4083036713301	0.445	0.354	4.91109661370645e-31	c31	RORA
5.37480209827436e-35	0.589677214913015	0.985	0.993	1.0636733352485e-30	c31	HLA-B
7.33558295696205e-35	2.19038705828457	0.149	0.062	1.45171186718279e-30	c31	VAV3
1.18226734201647e-34	1.58965123491033	0.353	0.244	2.33970706985059e-30	c31	TLK1
1.5985519695809e-34	2.12510582555693	0.187	0.088	3.1635343478006e-30	c31	CCNG2
2.15355226690775e-34	1.62760336049531	0.335	0.223	4.26187993621044e-30	c31	JAK3
3.38014833702488e-34	2.66419712967187	0.113	0.041	6.68931355897224e-30	c31	CADM1
1.16683446844971e-33	2.46685313037193	0.087	0.027	2.30916541306199e-29	c31	SPP1
1.19132918184734e-33	1.8542729700468	0.282	0.171	2.35764045087588e-29	c31	HUWE1
2.49969577749684e-33	2.23248023306437	0.152	0.064	4.94689794366624e-29	c31	SOX4
2.70005643083888e-33	1.18260604283656	0.586	0.577	5.34341167663014e-29	c31	ARL6IP5
4.16672051860006e-33	1.51584397489208	0.359	0.252	8.24593990630951e-29	c31	OGA
6.59863568273913e-33	3.41394015045458	0.052	0.012	1.30587000161407e-28	c31	CHRNA6
2.84558820485791e-32	1.77397445648616	0.294	0.188	5.63141905741381e-28	c31	PRDM2
3.0980685898164e-32	1.56794654939987	0.396	0.299	6.13107773924665e-28	c31	P2RY10
3.50590174618882e-32	3.14876182936085	0.088	0.028	6.93817955570768e-28	c31	LGMN
7.53801706520162e-32	3.00394364889181	0.069	0.019	1.4917735772034e-27	c31	ADAM12
9.39511072171539e-32	1.50580296606577	0.381	0.273	1.85929241182748e-27	c31	NFKBIZ
1.3256060890617e-31	1.52532255972777	0.395	0.302	2.62337445025309e-27	c31	GPRIN3
1.42403312773049e-31	1.32117895237235	0.439	0.346	2.81816155977864e-27	c31	FCMR
2.09193756397608e-31	2.07359189752644	0.233	0.132	4.13994443910866e-27	c31	MTMR6
4.08186645934951e-31	1.79762794301394	0.291	0.187	8.07801372305267e-27	c31	SPPL2A
9.99501678982853e-31	1.39605784951441	0.399	0.298	1.97801382270707e-26	c31	SLFN5
1.04004314117129e-30	1.4543884279225	0.416	0.324	2.05824537637799e-26	c31	ITGB1
1.24017003859997e-30	2.17742604006872	0.137	0.057	2.45429650638934e-26	c31	GOLGA8A
1.61267006794811e-30	3.01333336459829	0.066	0.018	3.1914740644693e-26	c31	METTL7A
1.96934566062886e-30	2.36400338804187	0.136	0.057	3.89733506238452e-26	c31	FNDC3B
2.74739154748708e-30	2.74193773476435	0.101	0.036	5.43708787247693e-26	c31	FLNB
7.58217109920223e-30	0.680134342152272	0.628	0.502	1.50051166053212e-25	c31	DUSP4
7.70767454288251e-30	1.5859823679758	0.33	0.228	1.52534879203645e-25	c31	GPCPD1
1.03532422540084e-29	1.64606622468038	0.336	0.236	2.04890664206827e-25	c31	RFTN1
1.76976723519901e-29	1.04897446683421	0.575	0.572	3.50236935845884e-25	c31	MBNL1
2.8364722293877e-29	1.13754977488498	0.5	0.457	5.61337854195825e-25	c31	NOP58
2.96016792203495e-29	3.50625587603044	0.041	0.008	5.85817231770717e-25	c31	CSF2RB
3.35053307174548e-29	1.67889126261471	0.291	0.189	6.63070494898431e-25	c31	LBR
3.43860751549681e-29	1.60362898178794	0.405	0.31	6.80500427316819e-25	c31	TSPYL2
4.07568116538156e-29	1.11009535179635	0.482	0.408	8.0657730262901e-25	c31	CD27
4.55914422522384e-29	1.4506940647915	0.4	0.313	9.02254642171798e-25	c31	CBLB
4.98108629106072e-29	2.43531898703795	0.05	0.012	9.85756977000916e-25	c31	ELF3
1.19141002077472e-28	1.90402385122238	0.289	0.189	2.35780043111317e-24	c31	NABP1
1.52327385760761e-28	1.10147191526533	0.494	0.439	3.01455896420546e-24	c31	DDX17
1.84627726080598e-28	2.03722880596338	0.22	0.125	3.65378269913503e-24	c31	SPTBN1
2.35276237538482e-28	1.64132909798335	0.308	0.212	4.65611674088656e-24	c31	DOCK10
3.26328188640396e-28	1.00797708559416	0.669	0.655	6.45803485319344e-24	c31	CD7
4.3872454697389e-28	1.86494381186706	0.24	0.142	8.68235878461328e-24	c31	TUT7
6.71837423747037e-28	1.30935420764764	0.432	0.365	1.32956626159539e-23	c31	SERINC1
9.36893083697927e-28	2.20442965744185	0.061	0.017	1.8541114126382e-23	c31	AKR1C2
1.14285534635213e-27	0.824556798666353	0.634	0.644	2.26171073043087e-23	c31	STK17B
1.31594181074308e-27	1.3085330213317	0.471	0.411	2.60424884346056e-23	c31	CLEC2D
1.39878341030997e-27	1.95681705503418	0.199	0.107	2.76819236900344e-23	c31	TMEM30A
1.71044584763017e-27	1.68530168816038	0.295	0.198	3.3849723324601e-23	c31	TNFRSF25
1.84460102723807e-27	2.16595721334575	0.14	0.063	3.65046543290415e-23	c31	DIP2B
2.0247275206194e-27	1.99493832134141	0.188	0.099	4.00693576330579e-23	c31	ITPR2
2.46590081934582e-27	2.52803613316428	0.12	0.05	4.88001772148538e-23	c31	NFE2L3
3.56496632553837e-27	1.87037427520678	0.209	0.116	7.05506835824043e-23	c31	IGF2R
5.40679067212048e-27	3.22937814998665	0.051	0.013	1.07000387401264e-22	c31	ZC3H12C
5.80702208902962e-27	2.30894551944214	0.151	0.071	1.14920967141896e-22	c31	GCNT1
8.6076165921331e-27	2.68786883389415	0.038	0.008	1.70344732358314e-22	c31	ALDH3A1
9.45183516725004e-27	1.6161474396824	0.308	0.214	1.87051817959878e-22	c31	ASH1L
1.25585570661274e-26	2.60892095217081	0.059	0.017	2.48533844338661e-22	c31	SFN
1.33629094340955e-26	2.7438983505626	0.081	0.028	2.6445197770075e-22	c31	TBC1D8
1.68835518472524e-26	2.12679553404986	0.132	0.058	3.34125491057125e-22	c31	FCRL3
3.93068526861885e-26	1.62467191658584	0.276	0.179	7.77882614659669e-22	c31	AHR
4.30128995440628e-26	0.932405055810735	0.599	0.617	8.51225281977002e-22	c31	PRRC2C
4.36403040339918e-26	3.8258934825237	0.026	0.004	8.63641616832697e-22	c31	DNAH8
4.90139428753782e-26	1.48212578583286	0.4	0.32	9.69985929503735e-22	c31	CEMIP2
7.96987050560224e-26	2.2364526018017	0.121	0.052	1.57723737305868e-21	c31	LMTK2
9.29605251550753e-26	3.10977825887829	0.05	0.013	1.83968879281894e-21	c31	PTGIR
1.05414209420758e-25	2.74699063186541	0.074	0.024	2.08614720443681e-21	c31	USP51
1.1351812276333e-25	2.56586229354358	0.045	0.011	2.2465236494863e-21	c31	S100A14
1.49785794879613e-25	2.13549283204533	0.138	0.063	2.96426088066755e-21	c31	NPTN
1.56158067731817e-25	1.73515311459286	0.263	0.171	3.09036816041265e-21	c31	SEC14L1
2.19608986927774e-25	1.64623471611698	0.267	0.173	4.34606185130065e-21	c31	PARP14
2.68188240059766e-25	1.72180565018925	0.303	0.211	5.30744527078278e-21	c31	IL21R
7.83307402084015e-25	1.94568057344511	0.219	0.13	1.55016534872427e-20	c31	PHACTR2
1.04550464185235e-24	1.87370938334038	0.198	0.112	2.0690536862258e-20	c31	ABCC1
1.17930147680003e-24	3.27389660457263	0.045	0.011	2.33383762258727e-20	c31	TSHR
1.21524720925166e-24	1.5211557621014	0.357	0.274	2.40497422710904e-20	c31	SAMHD1
1.38077901651351e-24	1.44030558003745	0.342	0.257	2.73256167368024e-20	c31	TGOLN2
1.5000240563117e-24	2.0190386756104	0.167	0.086	2.96854760744086e-20	c31	MARCH3
1.84091461150056e-24	1.35922157934533	0.392	0.323	3.64317001615961e-20	c31	MYCBP2
2.13427501388005e-24	0.859481820070471	0.581	0.571	4.22373025246862e-20	c31	FYN
2.51110923390345e-24	1.80581649144924	0.2	0.113	4.96948517389493e-20	c31	KDM6A
3.47214675503386e-24	1.61447105181573	0.32	0.236	6.871378428212e-20	c31	VMP1
3.53731676307095e-24	1.5059882640207	0.352	0.27	7.00034987411741e-20	c31	ATP2B1
6.69624644802761e-24	1.86684628281958	0.202	0.116	1.32518717206466e-19	c31	TMEM245
7.06805349016177e-24	2.26317711237802	0.125	0.057	1.39876778570302e-19	c31	RAB30
9.92142534212846e-24	0.55160972145745	0.775	0.833	1.96345007520722e-19	c31	HNRNPA2B1
1.05383532850662e-23	2.26527791046036	0.129	0.06	2.08554011511461e-19	c31	TET2
1.13806604813506e-23	0.658598794585289	0.841	0.879	2.25223270925927e-19	c31	CD74
1.16514366150015e-23	1.83114126094575	0.208	0.121	2.30581930610879e-19	c31	SGMS1
1.27779077548182e-23	1.55218371311476	0.306	0.22	2.52874794467853e-19	c31	PBX4
1.58260919656786e-23	3.30832719737932	0.048	0.013	3.1319836000078e-19	c31	TNFRSF8
1.72018102058458e-23	1.91965365838318	0.178	0.098	3.40423823973688e-19	c31	PAM
3.72260271392733e-23	0.876449886450362	0.588	0.622	7.36703077086218e-19	c31	SON
6.83869243208559e-23	2.09649503759937	0.153	0.078	1.35337723230974e-18	c31	TULP4
7.0909421695461e-23	1.63857335575562	0.25	0.162	1.40329745535317e-18	c31	GLCCI1
9.31088526304329e-23	2.30585928194558	0.139	0.068	1.84262419355627e-18	c31	INPP5F
1.80314828645913e-22	1.88676812008055	0.177	0.098	3.56843045890263e-18	c31	KIDINS220
2.9289220563978e-22	3.252809046434	0.036	0.008	5.79633674961125e-18	c31	ATP6V0A1
3.166698788573e-22	1.41203588908953	0.366	0.3	6.26689690258597e-18	c31	CANX
4.04902209445935e-22	0.661938665808327	0.895	0.938	8.01301472493506e-18	c31	SRGN
5.92761307519779e-22	3.03004908170375	0.051	0.015	1.17307462758164e-17	c31	SLC9A7
6.24286076474142e-22	1.18322230390745	0.433	0.389	1.23546214534233e-17	c31	SLC38A1
1.13148542208362e-21	1.57475902283815	0.251	0.167	2.23920965030349e-17	c31	LRBA
1.24441583654096e-21	2.14524173723284	0.14	0.07	2.46269894051456e-17	c31	ANTXR2
1.36513257872238e-21	0.389683740984672	0.932	0.95	2.7015973732916e-17	c31	UBC
1.79780095410892e-21	1.48325852450438	0.313	0.235	3.55784808818155e-17	c31	CEP350
2.01659096426965e-21	1.27961277842424	0.366	0.291	3.99083351828964e-17	c31	NAMPT
3.69015434245215e-21	1.95046172191523	0.161	0.087	7.3028154437128e-17	c31	MYO5A
4.06477031084477e-21	1.87036908675326	0.191	0.113	8.04418044516179e-17	c31	MAP3K1
4.27262402222601e-21	1.07881842702153	0.462	0.431	8.45552293998527e-17	c31	ELOVL5
5.01042177245491e-21	2.50824216562665	0.034	0.008	9.91562468768827e-17	c31	PTGR1
5.9033066314762e-21	1.42790564466904	0.34	0.268	1.16826438236914e-16	c31	TMEM173
6.81301417582524e-21	1.19411604439278	0.395	0.321	1.34829550539581e-16	c31	LDLRAD4
7.69588576898093e-21	0.920127944140167	0.534	0.534	1.52301579368133e-16	c31	EPC1
8.23251574616343e-21	2.21661950246208	0.155	0.084	1.62921486616574e-16	c31	ZDBF2
1.03330221893299e-20	2.12103990972966	0.129	0.063	2.04490509126838e-16	c31	KLHL2
1.08430018401716e-20	2.87234350560341	0.048	0.014	2.14583006416996e-16	c31	MCF2L2
1.15590581634289e-20	2.56994604975906	0.068	0.024	2.28753761054258e-16	c31	PCBP3
1.25738429450036e-20	3.28191632843776	0.028	0.006	2.48836351881622e-16	c31	NCAM1
1.32738314875821e-20	3.23950118069905	0.032	0.007	2.6268912513925e-16	c31	CACNB2
1.50172858140545e-20	1.13542687163378	0.5	0.48	2.97192086260139e-16	c31	PDE4B
1.53417568322579e-20	1.31711820218206	0.358	0.292	3.03613367710385e-16	c31	DIAPH1
1.67215955766401e-20	1.74211230632625	0.198	0.119	3.30920376461708e-16	c31	KIAA1109
1.73319185369363e-20	1.92176039735299	0.187	0.111	3.4299866784597e-16	c31	TMEM154
1.82032350876244e-20	1.58568668676054	0.276	0.198	3.60242022384086e-16	c31	TM9SF2
2.03150223046357e-20	3.96557960146031	0.02	0.003	4.0203429140874e-16	c31	XKRX
2.14804567100178e-20	1.3088172915407	0.399	0.344	4.25098238291253e-16	c31	RANBP2
3.86731519476218e-20	1.63856753521413	0.23	0.151	7.65341677043436e-16	c31	UBR2
4.29378416637493e-20	1.9996694871339	0.124	0.06	8.49739886525599e-16	c31	TP53INP1
5.1918375561126e-20	2.86475337516458	0.046	0.013	1.02746465235468e-15	c31	CTTNBP2NL
6.04511927204791e-20	1.61606136217467	0.268	0.189	1.19632910393828e-15	c31	HERC1
6.43364480491647e-20	1.76341268838982	0.207	0.129	1.27321830689297e-15	c31	UBR5
9.46760738825698e-20	3.03854541683387	0.031	0.007	1.87363950213606e-15	c31	COL5A1
1.92252235779601e-19	2.938705661482	0.028	0.006	3.8046717460783e-15	c31	SFTPA1
1.94587612684312e-19	1.80022136854635	0.21	0.132	3.85088885502254e-15	c31	UHRF2
2.65136020026049e-19	1.69289656477019	0.219	0.141	5.24704183631551e-15	c31	ZMYM2
3.35678920893604e-19	0.977096737676932	0.547	0.553	6.64308584448442e-15	c31	EML4
3.70691499491235e-19	1.8877662538553	0.187	0.113	7.33598477493153e-15	c31	LIMA1
4.05868886166411e-19	2.60031309504911	0.029	0.006	8.03214525723326e-15	c31	LY6D
4.69305003008454e-19	2.29797760088141	0.092	0.04	9.28754600953731e-15	c31	SETD7
5.04679861980978e-19	0.942007014378832	0.498	0.486	9.98761446860356e-15	c31	CCNL1
6.08416086969408e-19	1.16015227429323	0.396	0.338	1.20405543611246e-14	c31	SLC38A2
7.78751241127849e-19	0.650463786988679	0.693	0.684	1.54114870619201e-14	c31	HSPH1
7.86436743073249e-19	1.87684397849598	0.169	0.097	1.55635831454196e-14	c31	ACOT9
8.4121958331717e-19	0.406619188953703	0.989	0.999	1.66477355538468e-14	c31	B2M
1.14013581322441e-18	1.78122672081811	0.179	0.107	2.25632877437111e-14	c31	DDHD1
1.17987573860122e-18	1.49006480663243	0.262	0.186	2.33497408669182e-14	c31	TSPAN5
1.27310665933532e-18	1.39623094512104	0.306	0.235	2.5194780788246e-14	c31	PTPN1
1.37356908838277e-18	0.702073625628449	0.663	0.701	2.71829322590949e-14	c31	CD2
1.45471619758006e-18	1.24149977195328	0.364	0.313	2.87888335501094e-14	c31	SDF4
1.54458289892714e-18	1.8853817229191	0.165	0.095	3.0567295569768e-14	c31	TIAM1
1.57160267794822e-18	1.79103156502673	0.203	0.128	3.11020169965952e-14	c31	MSI2
2.50533493304952e-18	1.40626442867851	0.343	0.283	4.95805783250501e-14	c31	PDE3B
3.08895593600278e-18	2.36357201366824	0.08	0.033	6.11304379734949e-14	c31	SGPP1
3.11360342557776e-18	1.46077953279311	0.288	0.217	6.1618211792184e-14	c31	SMG1
3.49138208053987e-18	1.41313806326086	0.284	0.212	6.9094451373884e-14	c31	CD46
3.70324212191301e-18	2.00442683183377	0.063	0.023	7.32871615926584e-14	c31	KRT5
4.85966753524592e-18	1.18690444203118	0.428	0.397	9.61728205225167e-14	c31	IL2RG
5.76517932628931e-18	1.13945065886907	0.464	0.447	1.14092898867265e-13	c31	WSB1
6.16479705039197e-18	2.74637442265636	0.064	0.024	1.22001333627257e-13	c31	CD274
6.82220678560627e-18	1.86183387865525	0.141	0.076	1.35011472287148e-13	c31	MFSD6
7.02791498949651e-18	2.54211141917964	0.046	0.014	1.39082437642136e-13	c31	HES1
7.16593366356931e-18	1.35384087270406	0.373	0.331	1.41813827202037e-13	c31	SRPRA
7.25079167157335e-18	3.3934589149293	0.022	0.004	1.43493167180437e-13	c31	TTBK1
7.48395251372619e-18	1.48312618953673	0.283	0.212	1.48107420246641e-13	c31	ADK
7.57608590039412e-18	1.03116067655758	0.483	0.474	1.499307399688e-13	c31	RNF149
9.09691537716173e-18	0.72212106579322	0.651	0.71	1.80027955314031e-13	c31	CD44
9.224894150765e-18	1.29935792753662	0.378	0.329	1.82560655243639e-13	c31	CMTM6
1.3359281583669e-17	1.18698520121524	0.369	0.309	2.6438018254081e-13	c31	GBP2
2.18594796141662e-17	1.32586425283552	0.326	0.258	4.32599101564348e-13	c31	ZBTB38
2.20898271796754e-17	1.55748985967238	0.258	0.187	4.37157679885777e-13	c31	SETX
2.49218822732301e-17	0.723515637028903	0.597	0.62	4.93204050187224e-13	c31	MYH9
3.1117071253128e-17	1.36536762986042	0.28	0.211	6.15806840099404e-13	c31	XRN1
3.69569756492908e-17	2.01090278314343	0.156	0.091	7.31378548099465e-13	c31	MAP3K5
3.89243329995747e-17	1.53351632847339	0.242	0.169	7.70312550061583e-13	c31	GBP4
4.3597632634764e-17	2.21102315950236	0.12	0.062	8.62797149841979e-13	c31	ZC2HC1A
4.5534557307186e-17	1.02883620561024	0.445	0.425	9.01128889109211e-13	c31	N4BP2L2
4.72084334222684e-17	0.3911517910573	0.226	0.414	9.34254897426692e-13	c31	GSTP1
4.73833565225066e-17	1.37392402593528	0.304	0.238	9.37716625580405e-13	c31	GOLGB1
5.16828291875931e-17	1.44637570505798	0.282	0.215	1.02280318962247e-12	c31	B4GALT1
6.51877841104811e-17	1.79132000137137	0.153	0.088	1.29006624754642e-12	c31	SUSD6
7.94342755405857e-17	1.76552860269314	0.173	0.105	1.57200431294819e-12	c31	NSF
1.07340769401204e-16	1.88852797927799	0.17	0.103	2.12427382644982e-12	c31	TMEM131L
1.17678387769977e-16	1.06969023908976	0.444	0.405	2.32885529396785e-12	c31	SYTL3
1.20932838580467e-16	1.30281522450356	0.306	0.243	2.39326087550744e-12	c31	PAG1
1.47962180456021e-16	0.820432216161788	0.579	0.59	2.92817155122465e-12	c31	SAMSN1
1.71853393037991e-16	1.35177980726656	0.306	0.242	3.40097864822185e-12	c31	PPP1R16B
1.73194468432417e-16	0.693064755969438	0.564	0.592	3.42751853027754e-12	c31	EIF4G2
1.82663841537655e-16	1.18191492964607	0.395	0.353	3.61491742403019e-12	c31	PIK3IP1
2.69737506229803e-16	1.52470852590938	0.23	0.159	5.33810524828781e-12	c31	ASXL2
2.76668300926316e-16	1.48182428213449	0.279	0.213	5.47526567533178e-12	c31	BIRC6
2.81593460296919e-16	1.70580086392795	0.209	0.14	5.57273457927602e-12	c31	TRAF3
2.99642193427242e-16	1.59830285067446	0.223	0.154	5.92991900792512e-12	c31	USP48
3.10562430469714e-16	1.65703921102936	0.166	0.1	6.14603049899565e-12	c31	ZZEF1
3.5189837456357e-16	0.717843050491736	0.637	0.695	6.96406883261304e-12	c31	FUS
4.01018430748612e-16	1.46417879213829	0.267	0.199	7.93615474451502e-12	c31	NUMA1
4.09244863539812e-16	2.15023690488477	0.1	0.048	8.09895584945289e-12	c31	KCNN4
4.40847273731874e-16	1.93246128598512	0.127	0.069	8.72436754715378e-12	c31	ATP2C1
6.25596080714143e-16	1.30720694552699	0.292	0.224	1.23805464373329e-11	c31	ITGAL
6.5442450119535e-16	1.39394684462625	0.27	0.204	1.2951060878656e-11	c31	OS9
7.19854023829569e-16	0.948517747079417	0.348	0.273	1.42459111315872e-11	c31	PMAIP1
7.86309886626158e-16	1.58367295885347	0.214	0.147	1.55610726563317e-11	c31	TRIP12
1.00523173958615e-15	1.21324975745547	0.407	0.367	1.98935361264099e-11	c31	RNF19A
1.15253608220637e-15	2.15300061251599	0.096	0.046	2.28086890668641e-11	c31	PLEKHG2
1.62877683414881e-15	2.64598962841637	0.031	0.008	3.2233493547805e-11	c31	IL1B
1.98215716006502e-15	1.275041669081	0.359	0.315	3.92268901976868e-11	c31	AKAP9
2.171142474172e-15	0.718204065627609	0.617	0.707	4.29669095638638e-11	c31	TMBIM6
2.28732294814305e-15	0.951705119527611	0.481	0.491	4.5266121143751e-11	c31	CD247
2.35158170114922e-15	3.08121583448187	0.028	0.007	4.6537801865743e-11	c31	MYO5C
2.99047760077895e-15	2.02567035564405	0.062	0.024	5.91815517194154e-11	c31	KRT17
3.29221224170345e-15	0.876855611628461	0.487	0.474	6.51528802633113e-11	c31	CDKN1B
3.89216783777835e-15	2.19169910394509	0.03	0.008	7.70260015096335e-11	c31	AKR1B10
3.93130319434738e-15	1.43600044828453	0.243	0.177	7.78004902161346e-11	c31	TRAF1
4.13314669256727e-15	3.76663152288275	0.013	0.002	8.17949730459062e-11	c31	PHKA1
4.79461033978273e-15	1.7413498961071	0.178	0.115	9.48853386243002e-11	c31	ITPR1
5.77049533969231e-15	0.796282918291577	0.586	0.643	1.14198102772511e-10	c31	SF1
6.22022957996423e-15	1.14117275622291	0.394	0.357	1.23098343387492e-10	c31	ATRX
9.1370252122064e-15	1.81626451783728	0.177	0.115	1.80821728949565e-10	c31	BTAF1
1.14121905814013e-14	1.79088764883928	0.15	0.09	2.25847251605932e-10	c31	SELENOI
1.49542785723493e-14	1.33405534795273	0.343	0.293	2.95945172946793e-10	c31	HNRNPLL
1.6830930759724e-14	1.62773610552756	0.227	0.162	3.33084119734938e-10	c31	SLAMF1
1.90963101002503e-14	1.2892511116583	0.344	0.303	3.77915976883953e-10	c31	LAPTM4A
2.19596638695393e-14	1.52164290007656	0.239	0.175	4.34581747978183e-10	c31	NEDD9
2.94747923611642e-14	1.82005639533075	0.135	0.078	5.83306140827439e-10	c31	CLCN3
3.49302573877044e-14	2.13233636330141	0.085	0.041	6.91269793702671e-10	c31	RRAGB
3.74830053761882e-14	2.627574875675	0.046	0.016	7.41788676394764e-10	c31	LRRC32
3.82884040269283e-14	1.48793038885484	0.231	0.166	7.57727515692911e-10	c31	HTATIP2
4.1290228337675e-14	3.16742741815976	0.024	0.006	8.17133618802588e-10	c31	CPE
4.30296237892035e-14	0.952210494684964	0.527	0.534	8.51556254788337e-10	c31	AHNAK
4.38972656740447e-14	3.33082951063715	0.014	0.002	8.68726887689344e-10	c31	ST14
4.82284587413846e-14	3.09445781713447	0.036	0.011	9.54441198492002e-10	c31	SLC16A10
4.82746113602293e-14	1.71732803986612	0.175	0.113	9.55354558818939e-10	c31	CDC14A
5.11414706971247e-14	2.1475863363645	0.076	0.034	1.0120897050961e-09	c31	MYO1E
5.23220244920954e-14	0.788436281451487	0.403	0.352	1.03545286469857e-09	c31	CARD16
6.78803990567725e-14	2.16157150749993	0.089	0.044	1.34335309733353e-09	c31	TRIM59
7.22403560177717e-14	1.2717264397648	0.328	0.281	1.4296366455917e-09	c31	NIPBL
8.46196401125862e-14	2.19702827405091	0.092	0.046	1.67462267782808e-09	c31	ZBTB32
8.83425629658418e-14	1.88818155467719	0.129	0.074	1.74829932109401e-09	c31	HAPLN3
8.8460530213085e-14	1.96749645434136	0.109	0.058	1.75063389291695e-09	c31	SDC4
9.0868097565009e-14	1.39069451379964	0.26	0.199	1.79827965081153e-09	c31	CASP8
1.16109827032254e-13	1.69302178538123	0.115	0.063	2.29781347696831e-09	c31	CD9
1.22535062530002e-13	1.99513949883796	0.116	0.065	2.42496888746873e-09	c31	BTLA
1.30034348404239e-13	0.796702593439889	0.5	0.502	2.57337975491989e-09	c31	RSRP1
1.30606432386479e-13	1.07862484161579	0.402	0.381	2.58470129692842e-09	c31	TPR
1.31627466048333e-13	1.95793711455335	0.123	0.07	2.60490755309652e-09	c31	TTC7A
1.41087191011621e-13	2.18520337227833	0.073	0.033	2.79211551011998e-09	c31	NOMO2
1.43720453752003e-13	1.71018947186006	0.167	0.108	2.84422777975214e-09	c31	CEP120
1.54980624969439e-13	1.78201479750479	0.122	0.069	3.06706656814519e-09	c31	SLC9A9
1.55627737653597e-13	2.74106211797524	0.04	0.013	3.07987292816469e-09	c31	CYP7B1
1.72962089494243e-13	2.34585396935232	0.026	0.007	3.42291975109107e-09	c31	NDUFA4L2
2.13087785909619e-13	2.21878906389079	0.061	0.026	4.21700728315136e-09	c31	HLF
2.64308945523459e-13	1.11789933556928	0.394	0.367	5.23067403190926e-09	c31	CD82
2.65086631310856e-13	1.55742907344378	0.191	0.13	5.24606443364183e-09	c31	ATP11B
2.75766992780474e-13	1.98806352364513	0.113	0.062	5.45742878712558e-09	c31	NETO2
4.41913993616798e-13	1.8458034435336	0.108	0.059	8.74547793367644e-09	c31	MED23
4.69110157643724e-13	1.57287605779847	0.19	0.13	9.28369001976929e-09	c31	SPEN
4.83894343717278e-13	1.86535141852549	0.137	0.083	9.57626906216492e-09	c31	RIC1
5.05296377558468e-13	2.22761839212946	0.06	0.025	9.99981531188207e-09	c31	SERPINE2
5.24924149667225e-13	1.64853400290754	0.158	0.101	1.03882489219144e-08	c31	MBTPS1
5.87829282856407e-13	2.64754562491352	0.037	0.012	1.16331415077283e-08	c31	MCAM
6.550812701146e-13	2.03235940641588	0.08	0.038	1.29640583355679e-08	c31	ITGAV
6.55395305577e-13	1.92904062688663	0.089	0.045	1.29702730973688e-08	c31	MAN1A1
6.79925375775889e-13	1.49307763512899	0.121	0.069	1.34557231866048e-08	c31	CSF1
6.87029027051703e-13	1.8961469724479	0.112	0.062	1.35963044453532e-08	c31	WDR44
7.73615253887594e-13	2.07503400112219	0.094	0.049	1.53098458744355e-08	c31	SLC35D1
8.02862875830619e-13	1.57748538947336	0.157	0.1	1.5888656312688e-08	c31	ZNF831
8.55546742396977e-13	1.4903080799158	0.252	0.196	1.69312700320362e-08	c31	FAM118A
8.75132149845724e-13	1.35210837193365	0.256	0.199	1.73188652454469e-08	c31	PTPRA
9.68050883020958e-13	0.923281188388238	0.45	0.448	1.91577269749848e-08	c31	NSD3
1.03506088039305e-12	1.54735072088225	0.2	0.141	2.04838548229785e-08	c31	NCOA3
1.05168187647036e-12	3.05436205238221	0.019	0.004	2.08127843353484e-08	c31	KRT6B
1.1515536099265e-12	1.63258199567053	0.159	0.102	2.27892459404455e-08	c31	SLC38A10
1.16811345660009e-12	1.96908067922264	0.096	0.05	2.31169653061158e-08	c31	VDR
1.22182552702727e-12	1.39734987253236	0.274	0.219	2.41799271798696e-08	c31	SATB1
1.3372054803854e-12	1.4396581341602	0.242	0.185	2.64632964568271e-08	c31	CCDC47
1.44951036516523e-12	0.731419516204935	0.536	0.566	2.86858101266199e-08	c31	HNRNPU
1.81417635824939e-12	2.00544566442853	0.102	0.055	3.59025501297555e-08	c31	KAT2B
2.25260190564579e-12	1.78442750769124	0.124	0.073	4.45789917127301e-08	c31	CASK
2.44242024071687e-12	1.28570260334441	0.3	0.25	4.83354965637869e-08	c31	UGP2
2.64639677839908e-12	2.34697671700204	0.06	0.026	5.23721922445177e-08	c31	COL9A2
2.76895412513327e-12	1.6880941482985	0.163	0.107	5.47976021363874e-08	c31	LPP
3.40654796789153e-12	0.412041992650263	0.74	0.792	6.74155842845733e-08	c31	SRSF7
3.51936116137379e-12	1.22697292461695	0.295	0.246	6.96481573835872e-08	c31	CHST11
3.60822179121886e-12	2.53965355647191	0.059	0.026	7.14067092482212e-08	c31	CPM
3.70205980272541e-12	3.54663998060696	0.012	0.002	7.32637634959359e-08	c31	C2CD4A
3.84681319268486e-12	1.16472354399486	0.286	0.228	7.61284330832335e-08	c31	LYST
4.05247407765296e-12	2.04778143495108	0.092	0.049	8.01984619967521e-08	c31	SLC35E3
4.60106367566203e-12	3.76045124660858	0.014	0.003	9.10550501413516e-08	c31	MAGI1
4.96943280274527e-12	1.73035421472868	0.129	0.078	9.83450751663289e-08	c31	UTY
5.12339964723162e-12	2.39197034662161	0.031	0.01	1.01392079018714e-07	c31	CTTN
5.21727830622327e-12	1.69472031058287	0.016	0.004	1.03249937680158e-07	c31	CGA
5.88929204444283e-12	2.11941314650526	0.083	0.042	1.16549089559524e-07	c31	TAB3
5.928611718422e-12	1.65664175968898	0.117	0.068	1.17327225907571e-07	c31	VPS13B
5.9446018362769e-12	1.60381774469817	0.181	0.125	1.1764367033992e-07	c31	KDM5B
6.21940335913548e-12	1.59426478584367	0.17	0.114	1.23081992477291e-07	c31	FNDC3A
6.45040952050315e-12	2.3264592835074	0.039	0.014	1.27653604410757e-07	c31	TRIM73
6.7984338961335e-12	1.24979061157558	0.37	0.348	1.34541006804482e-07	c31	CNOT6L
7.28751070138377e-12	2.94037061404767	0.015	0.003	1.44219836780385e-07	c31	KRTDAP
7.53759816213199e-12	1.60430404685289	0.173	0.117	1.49169067628592e-07	c31	OSTM1
7.81538061891084e-12	0.86328023214407	0.471	0.49	1.54666382448246e-07	c31	ARID4B
7.83373799499509e-12	1.42327630263483	0.233	0.179	1.55029674920953e-07	c31	CLTC
8.81406079282151e-12	1.49752072175524	0.234	0.18	1.74430263089938e-07	c31	USP47
9.25881087978082e-12	2.76304706068932	0.033	0.011	1.83231867310862e-07	c31	SLC41A2
1.24203612287339e-11	1.78064404797267	0.122	0.073	2.45798948716644e-07	c31	DAPP1
1.40614789920068e-11	1.62410605210223	0.161	0.108	2.78276669251814e-07	c31	PPP1R15B
1.57035171819695e-11	1.62586589755651	0.159	0.106	3.10772605031177e-07	c31	CSGALNACT2
1.63243238119181e-11	1.78171376253585	0.103	0.058	3.23058368237859e-07	c31	NPIPB5
1.73825753525438e-11	1.64792146431266	0.153	0.1	3.44001166226842e-07	c31	BCL2L11
1.83696051266593e-11	1.2544366576291	0.249	0.194	3.63534485456587e-07	c31	PYHIN1
1.87775775454011e-11	2.76124738160559	0.016	0.003	3.71608259623488e-07	c31	SOX2
2.15612457663071e-11	1.55195560965324	0.047	0.018	4.26697053715218e-07	c31	AKR1C1
2.15696629414477e-11	1.6086840832178	0.18	0.126	4.26863629611249e-07	c31	UGCG
2.51246278663489e-11	2.43698182559199	0.137	0.087	4.97216385475045e-07	c31	CMSS1
2.64423839025838e-11	1.25526451671142	0.31	0.272	5.23294777432134e-07	c31	ZBTB1
3.07299504997793e-11	2.06086155422141	0.089	0.048	6.08145720390632e-07	c31	SGPP2
3.25976939700824e-11	1.72898288270193	0.133	0.083	6.45108363667931e-07	c31	SH3TC1
3.38652066868532e-11	1.48694147248198	0.239	0.186	6.70192440332824e-07	c31	DCP2
3.75255539808073e-11	0.82245841550898	0.498	0.522	7.42630713280177e-07	c31	ETS1
3.9629078704179e-11	0.354584524312189	0.8	0.869	7.84259467555703e-07	c31	DDX5
4.07794304042431e-11	1.28275060087661	0.263	0.212	8.0702492769997e-07	c31	ATM
4.18330775255855e-11	1.56612977861055	0.198	0.142	8.27876604231337e-07	c31	FRMD4B
4.25937215034938e-11	2.50548864969028	0.024	0.007	8.42929748554142e-07	c31	PLXNB2
4.6543442328683e-11	1.71304903150654	0.108	0.062	9.21094723684636e-07	c31	FBXL20
4.72345009184471e-11	1.55826561333263	0.172	0.119	9.34770773176067e-07	c31	CLSTN1
5.45450573041915e-11	1.39913418507566	0.233	0.178	1.07944668404995e-06	c31	ACP5
5.57132821861238e-11	1.52945812028152	0.222	0.171	1.10256585446339e-06	c31	BCL2
5.84774778806594e-11	1.19613134332088	0.319	0.28	1.15726928725825e-06	c31	ANKRD11
5.99126095413349e-11	1.42750786546566	0.235	0.185	1.18567054282302e-06	c31	MORC3
6.01787663015376e-11	1.28532883015239	0.239	0.187	1.19093778510743e-06	c31	ETNK1
6.5110854450514e-11	1.50206078818341	0.203	0.15	1.28854380957567e-06	c31	MAN1A2
7.0867827780685e-11	1.61358370739169	0.136	0.086	1.40247431177976e-06	c31	LAMP2
8.13052781300355e-11	1.14930020043928	0.303	0.259	1.6090314541934e-06	c31	SERPINB9
8.55784145838918e-11	1.66382860942759	0.106	0.061	1.69359682461522e-06	c31	CHST7
8.79963777572252e-11	2.03095145729445	0.075	0.038	1.74144831581549e-06	c31	HACD1
1.04497531858661e-10	1.56914038737615	0.179	0.128	2.06800615548291e-06	c31	RAPGEF6
1.09212640581305e-10	3.1138523233113	0.025	0.008	2.16131815710403e-06	c31	PDCD1LG2
1.16946897741066e-10	1.33240043965989	0.371	0.356	2.31437910629569e-06	c31	SYNGR2
1.19576287624237e-10	1.62965340406213	0.154	0.103	2.36641473208364e-06	c31	IRS2
1.28577202464154e-10	1.70926355834909	0.126	0.079	2.54454283676561e-06	c31	CD79B
1.3316042755702e-10	2.21533847582308	0.058	0.027	2.63524486135343e-06	c31	PLAGL1
1.33931161291826e-10	2.94764733297522	0.011	0.002	2.65049768196524e-06	c31	SCGB3A2
1.47600201642704e-10	1.0154920721129	0.384	0.367	2.92100799050912e-06	c31	CLK1
1.51548859506867e-10	2.6755658277216	0.027	0.009	2.9991519296409e-06	c31	COCH
1.59895515092915e-10	3.25837880550324	0.013	0.002	3.16433224368878e-06	c31	ARHGEF4
1.7134331767661e-10	2.74722844885766	0.035	0.013	3.39088425682011e-06	c31	PLA2G4C
1.7321906661232e-10	1.65822520829077	0.145	0.095	3.4280053282578e-06	c31	YPEL2
1.75484615822946e-10	1.51334605957884	0.156	0.106	3.4728405471361e-06	c31	STX16
1.77256102347795e-10	2.23475240570051	0.075	0.038	3.50789826546287e-06	c31	HPSE
1.91903529157333e-10	0.77406862905277	0.548	0.581	3.79777084202361e-06	c31	NR3C1
1.92177564692016e-10	1.43041400409647	0.077	0.039	3.80319400525499e-06	c31	JCHAIN
1.9462789411174e-10	1.90684008028388	0.115	0.07	3.85168602447134e-06	c31	PDE4A
1.94724448395082e-10	1.49261432111116	0.131	0.082	3.85359683373867e-06	c31	RETREG3
2.03802608745508e-10	1.03853180908966	0.36	0.336	4.03325362707361e-06	c31	WNK1
2.08677066904669e-10	1.46180644547939	0.172	0.121	4.12971915404339e-06	c31	CCNT2
2.12653730210725e-10	1.65542124691199	0.14	0.091	4.20841732087025e-06	c31	TOR1AIP2
2.27696969513167e-10	2.69893627078178	0.031	0.011	4.50612302666558e-06	c31	FLCN
2.30739985472241e-10	2.68144821707181	0.011	0.002	4.56634431249565e-06	c31	DSC3
2.47652479218091e-10	1.26247585667563	0.272	0.228	4.90104256372602e-06	c31	APOL6
2.55879889376917e-10	1.03866514175179	0.371	0.358	5.06386301076918e-06	c31	DDX6
2.57515640095782e-10	1.41134066197483	0.202	0.151	5.09623451749553e-06	c31	TTC17
2.62521213804488e-10	1.55520891652067	0.133	0.085	5.19529482119083e-06	c31	RNF111
2.69199292953607e-10	1.23855592419224	0.261	0.214	5.32745400755189e-06	c31	KDM2A
3.31623516429883e-10	1.26393571804926	0.241	0.193	6.56282939014739e-06	c31	PRKDC
3.42430304087308e-10	1.62461609218564	0.162	0.113	6.77669571788782e-06	c31	CRY1
3.46824845706265e-10	1.4327761261544	0.187	0.135	6.86366369652699e-06	c31	HOOK3
3.48700495861292e-10	2.79176213304379	0.033	0.012	6.90078281309497e-06	c31	DLGAP1
3.50661153814284e-10	1.26842776251967	0.261	0.216	6.93958423398469e-06	c31	OGT
3.54695438905254e-10	2.1384426293874	0.019	0.005	7.01942273593499e-06	c31	LTBR
3.70229016004156e-10	1.82907682684241	0.101	0.059	7.32683222672225e-06	c31	GPR155
3.84205759033837e-10	0.898015016794747	0.55	0.6	7.60343197127963e-06	c31	SQSTM1
3.97245168156593e-10	1.41742864340859	0.23	0.183	7.86148187781898e-06	c31	HECTD1
4.61210723123747e-10	1.53760350503024	0.177	0.127	9.12736021061895e-06	c31	SEL1L
4.64684224016907e-10	2.32959886680859	0.028	0.009	9.19610079329458e-06	c31	RNASE1
4.98162253697925e-10	1.52736694651825	0.159	0.11	9.85863100068193e-06	c31	AP1G1
5.01580907292524e-10	0.926807290691757	0.424	0.436	9.92628615531906e-06	c31	GPBP1
5.03167944488384e-10	2.5437717012193	0.043	0.018	9.95769362142512e-06	c31	CEACAM1
5.72670617474979e-10	1.43437738809082	0.147	0.098	1.13331515198298e-05	c31	TNRC6A
6.21051731036132e-10	1.3964596948692	0.201	0.151	1.2290613757205e-05	c31	SPG7
6.83015453930479e-10	1.53881925865807	0.193	0.145	1.35168758332842e-05	c31	IL4R
7.10413213386809e-10	0.121394429096654	0.187	0.312	1.40590774929249e-05	c31	SERPINB1
7.1406779090819e-10	1.25923812933866	0.255	0.211	1.41314015820731e-05	c31	NRDC
7.71944377204945e-10	1.84253523716581	0.089	0.05	1.52767792248859e-05	c31	PCYOX1L
7.99596513113332e-10	1.2245903123181	0.284	0.247	1.58240149945128e-05	c31	LMAN1
8.2974693752261e-10	2.1181288274233	0.057	0.027	1.64206918935725e-05	c31	EBI3
9.31532086116649e-10	1.43847897188449	0.135	0.088	1.84350199842485e-05	c31	FAM53B
9.98150765185187e-10	1.69597313142254	0.12	0.076	1.97534036430149e-05	c31	MICAL2
1.13582146166217e-09	1.12215704788606	0.345	0.315	2.24779067262943e-05	c31	GLUD1
1.18774268057474e-09	1.63305863950889	0.122	0.077	2.35054276485742e-05	c31	ATP2A2
1.29284258919074e-09	0.139904616205065	0.127	0.226	2.55853548400848e-05	c31	ATG3
1.30559157752813e-09	1.83769831374948	0.098	0.058	2.58376573192817e-05	c31	UGGT1
1.31279313811528e-09	2.39463360436209	0.024	0.008	2.59801762033014e-05	c31	KRT16
1.36688045371735e-09	1.71588315828593	0.125	0.081	2.70505641790664e-05	c31	HSPA13
1.432110830857e-09	3.10259067012032	0.012	0.002	2.834147334266e-05	c31	ST5
1.5409345483919e-09	2.54754055265224	0.032	0.012	3.04950947126757e-05	c31	DMGDH
1.62824919437392e-09	1.29171680233047	0.284	0.248	3.222305155666e-05	c31	EVI2A
1.73929071961749e-09	0.347228727530978	0.242	0.391	3.44205633412301e-05	c31	JUND
1.86321851692088e-09	1.60087523098884	0.123	0.079	3.68730944498642e-05	c31	PIKFYVE
1.88073084356817e-09	0.97974428347029	0.385	0.386	3.72196633942141e-05	c31	CD164
1.99173029104346e-09	1.87696842545734	0.074	0.039	3.941634245975e-05	c31	DGKH
2.11587146746349e-09	1.97902975083076	0.028	0.01	4.18730963411024e-05	c31	CALML3
2.13158379373447e-09	1.74817861696444	0.083	0.046	4.21840432780051e-05	c31	MZB1
2.16042750583183e-09	1.61587462101066	0.129	0.084	4.27548603404118e-05	c31	TMX3
2.16673921739632e-09	1.90995050680879	0.068	0.035	4.28797691122733e-05	c31	PIK3R3
2.27502963838073e-09	1.48664550755017	0.177	0.129	4.50228365435547e-05	c31	ERBIN
2.30773150450966e-09	0.110250871800847	0.137	0.237	4.56700064742462e-05	c31	UBE2J1
2.3493942081122e-09	1.97312617037076	0.062	0.031	4.64945113785404e-05	c31	ARHGEF12
2.3756206125583e-09	0.600312750119091	0.661	0.699	4.70135319225287e-05	c31	HSPD1
2.39026632171642e-09	1.7906334317067	0.113	0.07	4.73033705067679e-05	c31	PIGB
2.3919664467485e-09	1.55910558289571	0.16	0.112	4.73370159811529e-05	c31	NAB1
2.51275039766919e-09	2.11662673597355	0.021	0.006	4.97273303698732e-05	c31	CES1
2.78596713499796e-09	1.64628263591033	0.131	0.087	5.51342896016096e-05	c31	RALGAPB
2.80622114895133e-09	1.65709558005527	0.131	0.087	5.55351165377468e-05	c31	USP12
3.0324731630163e-09	1.6079488587908	0.183	0.137	6.00126438960926e-05	c31	ZC3H7A
3.27279739690795e-09	1.92764456736575	0.062	0.031	6.47686604848083e-05	c31	PIK3CA
3.64745828410489e-09	1.62792263979664	0.116	0.074	7.21831994424357e-05	c31	SETD1B
3.74237251305547e-09	1.64546882843177	0.082	0.046	7.40615520333678e-05	c31	KDM5D
3.77779545408321e-09	0.105358224953605	0.202	0.327	7.47625720363068e-05	c31	LPXN
4.30056714937844e-09	1.82388246227554	0.124	0.081	8.51082238861993e-05	c31	SLC1A4
4.44276911840514e-09	1.64251780648645	0.082	0.046	8.79224008532377e-05	c31	CST3
4.49361820520024e-09	0.322461745189983	0.878	0.901	8.89287042809127e-05	c31	HSP90AB1
4.49397944748189e-09	1.01012919610261	0.326	0.292	8.89358532656666e-05	c31	PFKFB3
4.5157357232599e-09	0.996665805845052	0.378	0.376	8.93664099633135e-05	c31	CHD2
4.64007546595077e-09	1.21360460039736	0.262	0.221	9.18270934711658e-05	c31	KMT2A
4.70722291845807e-09	1.76317542102971	0.113	0.072	9.31559415562851e-05	c31	LRIG1
4.89452848978428e-09	1.62992130359721	0.168	0.12	9.68627188128309e-05	c31	MDM2
5.17398831265782e-09	1.40193836708678	0.209	0.163	0.000102393228707498	c31	CYP20A1
5.17427829913886e-09	1.563857857445	0.172	0.126	0.000102398967539958	c31	UBE4A
5.22311520386242e-09	0.863715129070638	0.44	0.453	0.000103365449884437	c31	ZC3HAV1
5.29326098085227e-09	0.146305207189645	0.249	0.399	0.000104753634811066	c31	XRCC5
5.31190412321925e-09	2.19532554979514	0.043	0.018	0.000105122582598509	c31	IL1RAP
5.33829603192907e-09	1.52579443797293	0.136	0.092	0.000105644878471876	c31	NBEAL2
5.35044907670303e-09	1.88746953179728	0.075	0.041	0.000105885387227953	c31	EPAS1
5.51977593919468e-09	2.43803515005439	0.024	0.008	0.000109236365836663	c31	DST
5.57726646814043e-09	1.65657320320991	0.136	0.092	0.000110374103404499	c31	PSEN1
5.6091049565884e-09	0.87198148764875	0.41	0.422	0.000111004187090884	c31	SRSF11
5.67782869358158e-09	1.52391939554935	0.167	0.12	0.00011236422984598	c31	NPAT
6.60574656865875e-09	2.30769180142714	0.037	0.015	0.000130727724593757	c31	ZBED6
7.07341139283223e-09	0.100497869044146	0.085	0.162	0.00013998281146415	c31	COMMD1
7.2494506449422e-09	1.58361624956185	0.17	0.125	0.000143466628263406	c31	STIM1
7.28426344133644e-09	1.92304880737392	0.089	0.052	0.000144155573504048	c31	PRMT3
7.76163710365299e-09	2.32029876496732	0.017	0.005	0.000153602798281293	c31	CLDN1
7.84095879941343e-09	1.81438098615246	0.081	0.045	0.000155172574640392	c31	IFNAR2
7.90631154373414e-09	1.73439760412242	0.115	0.074	0.000156465905450499	c31	TMEM131
7.90635110009849e-09	1.56793490526834	0.143	0.098	0.000156466688270949	c31	METTL8
8.00645059573758e-09	1.39560116886484	0.16	0.114	0.000158447657289647	c31	SYT11
8.10570696854471e-09	0.612627046612257	0.531	0.594	0.0001604119409075	c31	HCLS1
8.56157081421334e-09	0.112988125827685	0.128	0.22	0.000169433486413282	c31	ZNF394
8.64325309336016e-09	2.86705448502443	0.02	0.006	0.000171049978717598	c31	RNF207
8.91518877591517e-09	1.14156012073477	0.296	0.266	0.000176431585875361	c31	ATF7IP
9.0409359379134e-09	1.97530074027699	0.023	0.008	0.000178920122211306	c31	CCL22
9.08940595227075e-09	2.26591846304496	0.064	0.033	0.000179879343795438	c31	RGPD2
9.11235767795898e-09	1.37523126138037	0.177	0.131	0.000180333558446808	c31	EP300
9.23915315942983e-09	1.10033221022361	0.435	0.459	0.000182842841025116	c31	HSP90B1
9.3506584110548e-09	1.32048205041803	0.199	0.152	0.000185049529954775	c31	ST8SIA4
9.9199316696257e-09	1.96156180287271	0.026	0.009	0.000196315447741893	c31	TACSTD2
1.03202730625563e-08	2.55426766027846	0.013	0.003	0.000204238203907989	c31	EGFR
1.0878728138098e-08	1.23622998179947	0.228	0.185	0.000215290029852959	c31	TRPC4AP
1.11679194337604e-08	0.942684993249334	0.371	0.365	0.000221013125594118	c31	DOCK8
1.16013191487892e-08	1.36371191542486	0.224	0.184	0.000229590105954537	c31	TOR1AIP1
1.17355438853791e-08	1.27225130665131	0.246	0.208	0.000232246413491652	c31	CHD3
1.17556122660857e-08	1.62251930411545	0.061	0.031	0.000232643566745836	c31	WFDC2
1.23711474659841e-08	1.60161292542318	0.097	0.058	0.000244825008351826	c31	NF1
1.37323816422813e-08	3.06142827107394	0.013	0.003	0.000271763832700747	c31	MACC1
1.39108090273771e-08	1.51178968454248	0.13	0.087	0.000275294910651793	c31	GTF3C1
1.40585165019542e-08	1.13627068342118	0.331	0.312	0.000278218041573674	c31	JMJD1C
1.41424241722398e-08	2.27115615619198	0.041	0.018	0.000279878574368627	c31	PDGFA
1.46249270512614e-08	1.2888027596671	0.229	0.187	0.000289427306344464	c31	POM121C
1.48529464343215e-08	1.45476298127221	0.189	0.145	0.000293939809935223	c31	USP34
1.50377916087208e-08	1.19858885624208	0.215	0.173	0.000297597895936585	c31	PJA2
1.65658293326119e-08	1.16963297474688	0.307	0.283	0.00032783776249239	c31	PRNP
1.67082530666929e-08	2.34018340794697	0.032	0.013	0.000330656328189853	c31	LYZ
1.77765216368449e-08	1.93541569860727	0.07	0.038	0.000351797363193161	c31	CEP128
1.80232598278044e-08	2.42112673112264	0.034	0.014	0.00035668031199225	c31	CDKL2
2.09125499672017e-08	0.122101101208078	0.146	0.247	0.000413859363850923	c31	SDHC
2.10145670585431e-08	1.42521486461076	0.163	0.119	0.000415878282088569	c31	MON2
2.12531211243057e-08	0.977572811437297	0.405	0.413	0.000420599267050009	c31	CAST
2.19199106490684e-08	2.05968901049469	0.023	0.008	0.000433795031745064	c31	SELENOP
2.19599497381595e-08	0.124348292676031	0.206	0.332	0.000434587405318177	c31	MED10
2.30529798596827e-08	1.43396800662155	0.149	0.105	0.00045621847142312	c31	RPS6KA5
2.37291505795291e-08	1.92003797820706	0.029	0.011	0.000469599889968881	c31	CXCL8
2.4642810027079e-08	2.71039769681749	0.025	0.009	0.000487681210435894	c31	IRAK3
2.69545796415281e-08	1.95632703175077	0.069	0.038	0.00053343113110584	c31	SGSH
2.69727642679591e-08	1.173718088556	0.341	0.325	0.000533791004862911	c31	FOXP1
3.18189193017312e-08	1.62752395074946	0.102	0.064	0.00062969641298126	c31	FYCO1
3.36592757930031e-08	0.108377973458217	0.132	0.222	0.000666117067943532	c31	UBA2
3.42028556918599e-08	0.128369388117792	0.12	0.204	0.000676874514141907	c31	PDCD7
3.48540467485491e-08	1.32106252304529	0.206	0.162	0.000689761585153787	c31	TBL1XR1
3.52281656574479e-08	1.38321480443591	0.137	0.094	0.000697165398360893	c31	EXOC4
3.53119775537703e-08	0.116018037330418	0.126	0.215	0.000698824035789114	c31	CEP57
3.5700104229108e-08	1.61948583731825	0.074	0.041	0.000706505062694047	c31	ZNF282
3.85350380344777e-08	2.04191089627922	0.049	0.024	0.000762608402702313	c31	SLC11A2
3.91752273322229e-08	0.12854508750158	0.102	0.179	0.000775277748904692	c31	SRSF8
3.98034309836293e-08	0.120323943002244	0.126	0.214	0.000787709899166024	c31	METAP2
4.06079802879089e-08	2.65408387417463	0.011	0.002	0.000803631929897718	c31	TRIM29
4.25730455731926e-08	1.47104958482702	0.165	0.123	0.000842520571893482	c31	ANKH
4.28636400399865e-08	1.2805185941296	0.23	0.192	0.000848271436391334	c31	RIOK3
4.63649215393564e-08	1.44209319023465	0.147	0.105	0.000917561797263862	c31	FAM214A
4.69083799248372e-08	1.13119674476273	0.302	0.278	0.000928316838712527	c31	GLS
4.70367341698561e-08	1.09066604474679	0.29	0.261	0.000930856969221451	c31	GOLGA4
5.30343190127313e-08	0.179721887803063	0.14	0.231	0.00104954917326195	c31	INPP4B
5.3524034634828e-08	1.7743559325702	0.062	0.033	0.00105924064542325	c31	DIRC2
5.96452345173745e-08	1.63063335032882	0.153	0.111	0.00118037919109884	c31	ETV6
6.66970949819429e-08	0.173028385590139	0.377	0.54	0.00131993550969265	c31	CD69
6.67640696022902e-08	0.133413453316073	0.1	0.177	0.00132126093742932	c31	PWP1
6.95999019901145e-08	0.96507605938678	0.371	0.368	0.00137738206038437	c31	CD5
7.17710849869819e-08	0.175698787879805	0.184	0.294	0.00142034977189237	c31	CMTM3
7.39251953848245e-08	1.24549615546144	0.217	0.177	0.00146297961666568	c31	NSD1
7.40908212745864e-08	0.186374227449546	0.22	0.347	0.00146625735302407	c31	NDUFS7
7.42287660828636e-08	1.57993830650848	0.102	0.065	0.00146898728077987	c31	NOTCH2
7.59502978343817e-08	1.16148302614337	0.305	0.288	0.00150305639414241	c31	SERINC3
7.59741726765076e-08	1.95467739935465	0.063	0.034	0.00150352887726809	c31	RHBDD1
8.05135448169782e-08	2.01642546143937	0.04	0.018	0.001593363051928	c31	C1QC
8.05764207629207e-08	2.47849975376821	0.016	0.005	0.0015946073668982	c31	TMPRSS6
8.34827798101441e-08	0.793222440918324	0.459	0.503	0.00165212421244275	c31	SRRM2
8.74068872291844e-08	1.95431862399692	0.043	0.02	0.00172978229826556	c31	CLEC7A
9.23518634566769e-08	0.228521324345764	0.14	0.231	0.00182764337780764	c31	WBP11
9.48879556273181e-08	0.113940757594692	0.144	0.235	0.00187783264186462	c31	RAB8A
9.49383171550986e-08	0.162824534334963	0.179	0.288	0.0018788292964994	c31	RBM17
9.7067934787658e-08	1.409605069881	0.13	0.09	0.00192097442944775	c31	SEL1L3
9.83246585670883e-08	0.858447161544795	0.408	0.418	0.00194584499304268	c31	PAK2
1.00790908306762e-07	0.362099539271807	0.145	0.238	0.00199465207539081	c31	TRABD
1.03839659607219e-07	1.52446653294567	0.034	0.014	0.00205498686362687	c31	GPX2
1.05856389421021e-07	1.25780234390366	0.26	0.23	0.00209489794664201	c31	ASXL1
1.06424692122517e-07	2.04756895350927	0.048	0.023	0.00210614465710462	c31	SLC9A6
1.0993744526887e-07	0.161549373601243	0.109	0.188	0.00217566204187093	c31	EIF4E2
1.11083195577518e-07	1.32283570730158	0.166	0.124	0.00219833644047908	c31	FAM160B1
1.17251943278919e-07	0.100565074292337	0.076	0.14	0.00232041595748981	c31	TMEM18
1.17472815087054e-07	2.26665657551026	0.036	0.016	0.00232478701057279	c31	SUOX
1.20079067244616e-07	0.127699926187781	0.114	0.194	0.00237636474077096	c31	ISG20L2
1.2081173801094e-07	1.77816876276521	0.074	0.042	0.00239086429523649	c31	GALNT7
1.2521811816669e-07	1.47218349978268	0.174	0.133	0.00247806655851879	c31	ARID1B
1.29121514902532e-07	1.33725378012463	0.188	0.147	0.00255531477992112	c31	UBR4
1.31261365529695e-07	1.49202777889643	0.113	0.075	0.00259766242383265	c31	MFSD14C
1.31780623115153e-07	0.157060347459106	0.096	0.168	0.00260793853144887	c31	ILKAP
1.37804318782059e-07	0.188073236424204	0.228	0.357	0.00272714746869695	c31	PSIP1
1.38565429629063e-07	0.153617345044219	0.114	0.192	0.00274220985235916	c31	SCAMP3
1.40633902728796e-07	2.57694628355208	0.02	0.007	0.00278314493500287	c31	EVI5
1.46868779099281e-07	0.15765548365242	0.165	0.265	0.00290653313837477	c31	USP36
1.50522835990201e-07	1.4806311759255	0.162	0.122	0.00297884692424607	c31	TRPM7
1.50779958894114e-07	0.128341750380684	0.146	0.237	0.00298393538651451	c31	WBP2
1.55009291644458e-07	2.06537244589512	0.059	0.032	0.00306763388164383	c31	MBOAT1
1.59061266855939e-07	1.33051228660253	0.208	0.169	0.00314782247107904	c31	KAT6B
1.60961624960517e-07	2.07507148727407	0.067	0.037	0.00318543055796864	c31	FAM13A
1.61327434731446e-07	0.106172478792535	0.24	0.37	0.00319266993333532	c31	HNRNPL
1.64473706359502e-07	0.159018317885532	0.108	0.184	0.00325493464885455	c31	PSMC2
1.65841116127391e-07	0.101794831090738	0.111	0.187	0.00328199568816107	c31	DBF4
1.7708287203649e-07	1.70219818566265	0.088	0.054	0.00350447003760213	c31	HMGCR
1.77131691838325e-07	1.3685282126359	0.197	0.158	0.00350543618148045	c31	CLIP1
1.7773680493613e-07	2.70046590959615	0.01	0.002	0.003517411369686	c31	RASEF
1.85916265602733e-07	1.2333326024352	0.216	0.178	0.00367928289627808	c31	KMT2C
1.86242216797133e-07	1.64892333388015	0.086	0.053	0.00368573347041527	c31	TMED8
1.88966493218991e-07	0.1161076003626	0.123	0.205	0.00373964690080383	c31	THUMPD1
1.89661065463352e-07	0.245915499918885	0.128	0.212	0.00375339248551973	c31	NDUFB5
1.89753917476448e-07	1.22865673358651	0.219	0.181	0.00375523002685891	c31	CTNNB1
1.95411951961832e-07	0.190176318137768	0.086	0.155	0.00386720252932466	c31	USF2
1.9546590126702e-07	1.06713600594849	0.28	0.254	0.00386827018607432	c31	PRPF8
1.96632599429351e-07	2.21898168790058	0.037	0.016	0.00389135914270686	c31	SH3PXD2A
1.96917963148214e-07	0.168873205742249	0.078	0.142	0.00389700649070316	c31	SMAD2
1.98910223757811e-07	2.36238927558476	0.016	0.005	0.00393643332816707	c31	RBM47
2.01221584935316e-07	2.44559314444676	0.028	0.011	0.0039821751658699	c31	CNKSR2
2.01874864102141e-07	0.175526195267256	0.089	0.158	0.00399510356058138	c31	HTATSF1
2.07324997323291e-07	0.160381150777451	0.106	0.18	0.00410296169702793	c31	FAM204A
2.08263413476373e-07	0.143041929812941	0.302	0.458	0.00412153295269743	c31	GNAS
2.27964649476165e-07	0.189968227661132	0.136	0.222	0.00451142041313331	c31	PER1
2.28764484751641e-07	2.16380002229929	0.026	0.01	0.00452724915323498	c31	ITGA3
2.31312931955263e-07	1.70014854951964	0.096	0.061	0.00457768292339466	c31	TCP11L2
2.31677431272665e-07	1.62713229045851	0.109	0.072	0.00458489636488604	c31	PHKB
2.32073294272528e-07	0.83163981091123	0.385	0.391	0.00459273049365332	c31	ACTR2
2.37103002951789e-07	1.44596215444349	0.185	0.146	0.0046922684284159	c31	STAT5B
2.42847829404488e-07	0.144656694728221	0.277	0.426	0.00480595854391482	c31	REEP5
2.45024251054965e-07	0.246169396463489	0.121	0.202	0.00484902992837775	c31	PSMB4
2.45744149594711e-07	0.110043145052698	0.077	0.14	0.00486327672047933	c31	PKN1
2.46989173391597e-07	1.45108653645668	0.135	0.096	0.0048879157414197	c31	LEMD3
2.54518063885859e-07	1.56937082508406	0.106	0.069	0.00503691248430115	c31	ATP13A1
2.63461566891415e-07	3.09895152081872	0.014	0.004	0.0052139044087811	c31	FOXB1
2.70419822509579e-07	1.50048330188772	0.13	0.091	0.00535160828746457	c31	EIF4G3
2.77124983125595e-07	0.168584665395511	0.165	0.259	0.00548430341605553	c31	C4orf48
2.77683624774841e-07	1.38860580979696	0.046	0.022	0.0054953589342941	c31	KRT6A
2.94644060037949e-07	0.161106622199456	0.153	0.243	0.00583100594815101	c31	DNMT1
2.95687979637876e-07	0.188096386578272	0.208	0.322	0.00585166511703357	c31	RAB2A
2.96745215751363e-07	0.103942494075515	0.173	0.27	0.00587258781971948	c31	PNPLA2
3.06942569859784e-07	2.98460213232201	0.014	0.004	0.00607439345752513	c31	OSBP2
3.09754445560294e-07	0.105625257103541	0.301	0.449	0.00613004047763821	c31	SP100
3.1157553684133e-07	0.187900814821719	0.19	0.301	0.00616607987408991	c31	DNAJB9
3.13606220764173e-07	2.52048878507858	0.018	0.006	0.00620626710892298	c31	MYOF
3.16474830061951e-07	2.48138083501974	0.027	0.011	0.00626303688692601	c31	CDK14
3.17015120171715e-07	0.184917810302679	0.098	0.169	0.00627372922819824	c31	TIMM17A
3.22725683145234e-07	2.36002765824678	0.029	0.012	0.00638674126944418	c31	SV2A
3.23288897382222e-07	2.02893082422805	0.029	0.012	0.00639788727919418	c31	S100A16
3.23920916623405e-07	2.76109549459697	0.016	0.005	0.00641039493997719	c31	ITGB8
3.43473313989061e-07	2.91118359240884	0.02	0.007	0.00679733688384351	c31	CABLES1
3.53160643542104e-07	1.45960287172404	0.151	0.112	0.00698904913569824	c31	FBXW11
3.62464024322534e-07	1.49104930341021	0.12	0.083	0.00717316304134294	c31	ANKRD36C
3.63513456711073e-07	1.68848566708251	0.062	0.034	0.00719393130831213	c31	SLC41A1
3.74937917251112e-07	1.45434052627378	0.159	0.121	0.0074200213823995	c31	ANKLE2
3.79545894356373e-07	1.42491391661933	0.169	0.13	0.00751121324931261	c31	ZEB1
3.90056477191529e-07	1.89254469921394	0.065	0.037	0.00771921768362035	c31	MANEA
3.98177218426524e-07	1.68919862789034	0.076	0.045	0.00787992715266091	c31	ATG2B
3.99845936688183e-07	1.77246334865834	0.081	0.049	0.00791295108705914	c31	SLC9A8
4.05081476156314e-07	0.180560050194575	0.145	0.234	0.00801656241313345	c31	UBAC2
4.05860424180655e-07	2.46473831398896	0.016	0.005	0.00803197779453517	c31	PPIC
4.08385283166442e-07	0.176616246404093	0.174	0.272	0.00808194475386389	c31	KDELR2
4.93427532403899e-07	0.169574062618342	0.192	0.298	0.00976493086627317	c31	WASF2
4.99281161329681e-07	1.30522881313076	0.222	0.188	0.00988077418271438	c31	ZNF267
5.25665761572525e-07	0.192096145806381	0.163	0.256	0.0104029254215203	c31	EIF5B
5.39730975731292e-07	0.2105548135237	0.132	0.214	0.0106812760097223	c31	MFF
5.51602650926982e-07	2.67165835382233	0.01	0.002	0.010916216461845	c31	SCNN1A
5.61683184412452e-07	2.4506257855864	0.015	0.004	0.0111157102195224	c31	GPRC5A
5.6788059547324e-07	0.155583361138733	0.113	0.188	0.0112383569844154	c31	PRKAR2A
5.7405752427223e-07	1.75918748188863	0.083	0.052	0.0113605984053474	c31	CLEC16A
5.84763323612793e-07	0.17995427422083	0.146	0.232	0.0115724661742972	c31	TGFBR2
5.86369087344746e-07	0.197779863033959	0.198	0.307	0.0116042442385525	c31	USP16
6.11837687457638e-07	1.62388531579102	0.03	0.013	0.0121082678347867	c31	DSP
6.22606009624221e-07	1.6774853386207	0.092	0.059	0.0123213729304633	c31	SSH1
6.22681753833189e-07	2.1774533258017	0.032	0.014	0.0123228719083588	c31	IL23R
6.25367450262023e-07	0.115895979504507	0.092	0.157	0.0123760218406854	c31	POP5
6.32620602846601e-07	0.161601744765507	0.159	0.248	0.0125195617303342	c31	RTF1
6.48670587505225e-07	1.39060007155139	0.158	0.12	0.0128371909267284	c31	NCOA2
6.52826634266871e-07	1.53472054407411	0.135	0.097	0.0129194390921414	c31	POU2F2
6.66506797196129e-07	1.83346901450236	0.061	0.034	0.0131901695165114	c31	SLC35F2
6.81472376484337e-07	2.62658117295213	0.016	0.005	0.013486338330625	c31	NEK10
6.93206963934503e-07	1.6830178783761	0.126	0.09	0.0137185658162638	c31	KIAA0319L
7.11883152766051e-07	1.27376991481952	0.203	0.167	0.0140881675932402	c31	IGFLR1
7.21528910277952e-07	1.44931657074073	0.157	0.12	0.0142790571344007	c31	TXNDC11
7.27958412577892e-07	1.81211629167422	0.068	0.039	0.0144062969849165	c31	TRIB1
7.28585886902115e-07	0.150464409541606	0.081	0.143	0.0144187147017929	c31	DHX29
7.32179145564149e-07	1.63534878719555	0.11	0.075	0.0144898252907145	c31	PEX3
7.5150136506891e-07	2.71134054089494	0.01	0.002	0.0148722120147137	c31	HAP1
7.53707191276213e-07	1.65739596511974	0.049	0.026	0.0149158653153563	c31	TSPAN13
7.57946874668048e-07	1.35924284099535	0.167	0.129	0.0149997686496807	c31	PICALM
7.81524477552285e-07	0.135019090577568	0.085	0.148	0.0154663694107597	c31	MRPL32
7.84422766759174e-07	1.20216725980868	0.205	0.167	0.0155237265541641	c31	SMC4
7.88983499038908e-07	0.138646400141263	0.209	0.321	0.01561398344598	c31	DNAJA2
7.98794948432848e-07	0.236364426890932	0.094	0.162	0.0158081520294861	c31	THAP7
7.99254510026071e-07	1.78764714832723	0.079	0.048	0.015817246753416	c31	IKZF4
8.12250048462671e-07	1.35167163980104	0.174	0.135	0.0160744284590763	c31	ARHGEF6
8.55340525973184e-07	0.300291175071782	0.241	0.357	0.0169271890090093	c31	CD55
8.61094083905476e-07	1.47293107616029	0.104	0.069	0.0170410519204894	c31	HAVCR2
8.6631822824286e-07	0.207698482296063	0.122	0.199	0.0171444377369262	c31	CIR1
8.75092712845726e-07	0.208238444915019	0.117	0.193	0.0173180847872169	c31	CDC40
8.90284427422078e-07	0.118759525225907	0.071	0.128	0.0176187288186829	c31	MRPL44
9.14183444924282e-07	1.13691608242564	0.274	0.252	0.0180916903750515	c31	TNRC6B
9.47650404948268e-07	0.752118070877697	0.461	0.497	0.0187540015139262	c31	G3BP2
1.00383872650982e-06	0.157125051707939	0.071	0.128	0.0198659683976293	c31	SRP68
1.00796505795818e-06	1.38153563928625	0.161	0.125	0.0199476284969924	c31	SACM1L
1.02396899363246e-06	1.58736197909257	0.137	0.1	0.0202643463839864	c31	PCNX4
1.02530828956203e-06	0.48917103143535	0.665	0.706	0.0202908510504326	c31	KLF6
1.07539790071153e-06	2.1000067932195	0.032	0.014	0.0212821244550811	c31	DHX32
1.07585368326033e-06	1.23426524648658	0.228	0.199	0.0212911443917219	c31	CCNT1
1.1193806267922e-06	0.143815541817774	0.086	0.148	0.0221525426042177	c31	CNOT8
1.22371805941652e-06	0.175380776695237	0.102	0.169	0.024217380395853	c31	PMVK
1.23086370583762e-06	0.125454242476877	0.277	0.41	0.0243587927385265	c31	TRA2B
1.23996892886071e-06	0.274054126757379	0.12	0.196	0.0245389851021534	c31	RAB22A
1.24193439048351e-06	2.20217207572611	0.037	0.017	0.0245778815876687	c31	CHST2
1.29975307640831e-06	0.147552074632782	0.356	0.535	0.0257221133821204	c31	SPCS1
1.31776327561631e-06	1.10594586717012	0.256	0.228	0.0260785352244469	c31	CCDC88C
1.33029481475244e-06	1.50230336083393	0.093	0.06	0.0263265343839508	c31	SQLE
1.36745707700415e-06	1.69501643109196	0.054	0.03	0.0270619755539122	c31	RCBTB1
1.37299391151056e-06	0.193090459453249	0.271	0.404	0.0271715495087941	c31	MAPK1IP1L
1.41818418434182e-06	1.30241558406094	0.171	0.134	0.0280658650081247	c31	ARNTL
1.43311599493727e-06	2.1832780562145	0.015	0.004	0.0283613655398087	c31	EFNA1
1.43494796643061e-06	1.34301823617219	0.189	0.154	0.0283976202556618	c31	SPAG9
1.44802207800895e-06	1.32660206789471	0.19	0.155	0.0286563569237971	c31	BRWD1
1.50796259974586e-06	0.128474524694014	0.097	0.163	0.0298425798489705	c31	HPS1
1.5270435130447e-06	0.149055123999582	0.148	0.234	0.0302201911231547	c31	PHF1
1.57341298660961e-06	1.96733133818087	0.021	0.008	0.0311378430050041	c31	EPHX1
1.58150043563351e-06	2.07388349255671	0.042	0.021	0.0312978936211871	c31	FOXK2
1.58269974864745e-06	3.25745310064221	0.015	0.004	0.0313216280257331	c31	SLC1A1
1.62336226391567e-06	1.88739476882374	0.058	0.033	0.032126339202891	c31	MOB1B
1.62912146163692e-06	1.78573830331884	0.028	0.012	0.0322403137257946	c31	AGR2
1.63440527638933e-06	0.706101200075862	0.441	0.48	0.0323448804197448	c31	HLA-F
1.67159353168734e-06	0.147596329731093	0.108	0.176	0.0330808359920925	c31	WIPI2
1.69607620448603e-06	1.13713564555745	0.259	0.235	0.0335653480867785	c31	RAB10
1.71153737641985e-06	0.22278575287162	0.079	0.138	0.0338713246793489	c31	XAB2
1.7380486885744e-06	1.66843182610301	0.077	0.047	0.0343959835468873	c31	ICA1
1.77186684936099e-06	1.41706531831515	0.145	0.108	0.0350652449488539	c31	CPD
1.86720281046699e-06	0.132254307261117	0.095	0.158	0.0369519436191418	c31	NDEL1
1.87359855969562e-06	1.30396382799454	0.114	0.078	0.0370785154963764	c31	HPGD
1.93248828989317e-06	1.44035742813245	0.115	0.081	0.0382439432569859	c31	FAF2
1.9784035980808e-06	0.186251259576594	0.159	0.244	0.039152607206019	c31	ADD3
1.98335226415529e-06	1.46198586108308	0.14	0.104	0.0392505413076332	c31	BANP
2.03417525687556e-06	1.10714026498468	0.15	0.11	0.0402563283335673	c31	GEM
2.06834989704702e-06	0.225231292632597	0.204	0.31	0.0409326444625605	c31	IK
2.07018008744082e-06	0.120300256683357	0.146	0.225	0.0409688639304537	c31	BNIP3L
2.08860964453288e-06	1.20564125770915	0.174	0.136	0.0413335848653058	c31	ATXN1
2.15684757991544e-06	2.05801240918945	0.036	0.017	0.0426840136065266	c31	QSOX2
2.16627369440511e-06	3.20287149558138	0.011	0.003	0.0428705564122771	c31	TLR5
2.20095939631114e-06	1.6751490676174	0.079	0.049	0.0435569864529974	c31	GNS
2.26255254069184e-06	0.123009811962102	0.052	0.101	0.0447759147802915	c31	EXOSC6
2.34577723708816e-06	1.94522604342815	0.058	0.033	0.0464229315219747	c31	FANK1
2.3497788462372e-06	2.144605224553	0.036	0.017	0.0465021233670342	c31	SAMD12
2.36028274025363e-06	1.66752577308916	0.085	0.055	0.0467099954296194	c31	PIGG
2.36859735969296e-06	0.177074299780481	0.177	0.272	0.0468745417483237	c31	ARIH2
2.39086651814622e-06	1.74501330764261	0.073	0.045	0.0473152483941138	c31	LMBRD2
2.45528864327306e-06	1.53164721254414	0.096	0.064	0.0485901622503738	c31	HECTD4
2.51563091713006e-06	1.58499607905859	0.116	0.083	0.0497843358500039	c31	STAT2
