p_val	avg_log2FC	pct.1	pct.2	p_val_adj	cluster	gene
0	1.38849094637105	0.873	0.341	0	c16	GZMK
0	1.30472377252196	0.935	0.419	0	c16	NKG7
0	1.19669971230372	0.811	0.37	0	c16	CCL4
0	1.16004253309279	0.796	0.376	0	c16	CD8A
0	0.889936594843641	0.993	0.579	0	c16	CCL5
0	0.727775589001895	0.834	0.454	0	c16	GZMA
0	1.57191257549781	0.598	0.238	0	c16	ITM2C
0	1.39490629222056	0.973	0.615	0	c16	CST7
0	1.33496840052861	0.563	0.24	0	c16	CCL4L2
0	1.73792091225947	0.906	0.586	0	c16	TUBA4A
0	1.53642108365514	0.615	0.298	0	c16	JMJD6
0	0.825884860906064	0.795	0.493	0	c16	DUSP4
0	1.16065856354346	0.523	0.222	0	c16	GZMH
0	2.68724308387652	0.356	0.062	0	c16	ENC1
0	1.15490450077575	0.66	0.372	0	c16	APOBEC3G
0	1.95297938407362	0.389	0.109	0	c16	CRTAM
0	1.01116099060276	0.897	0.621	0	c16	NR4A2
0	0.79892640114887	0.731	0.464	0	c16	UBE2S
0	2.24350662403139	0.354	0.088	0	c16	TNFSF9
0	1.03266121959953	0.908	0.649	0	c16	YPEL5
0	1.25397742062141	0.982	0.731	0	c16	DUSP2
0	1.03727016687268	0.745	0.498	0	c16	LITAF
0	1.28056272744667	0.467	0.222	0	c16	CMC1
0	1.42320919814143	0.331	0.117	0	c16	AOAH
0	0.838448502964739	0.879	0.677	0	c16	HSPH1
0	1.68205207469668	0.274	0.084	0	c16	PLEK
0	0.952327533696607	0.895	0.71	0	c16	RGCC
0	0.928013153625245	0.901	0.726	0	c16	LDHA
0	2.3038827806625	0.212	0.043	0	c16	DKK3
0	0.755136187110045	0.96	0.794	0	c16	DNAJA1
0	0.77030828071281	0.982	0.837	0	c16	DNAJB1
0	0.963915429628375	0.992	0.85	0	c16	CXCR4
0	0.685593364215691	0.98	0.875	0	c16	CD74
0	0.65987928321142	0.98	0.898	0	c16	HSP90AB1
0	0.703689460842204	0.988	0.944	0	c16	HSP90AA1
0	0.486501647815643	0.999	0.974	0	c16	H3F3B
9.90697213335488e-305	0.804995132554622	0.913	0.787	1.96058978519093e-300	c16	SRSF7
9.12512547354151e-298	0.924375577370341	0.753	0.511	1.80586233121386e-293	c16	ZNF331
3.13152213403231e-297	0.487336447664793	0.997	0.956	6.19728230324994e-293	c16	HSPA8
3.3604528873067e-293	1.36974862316808	0.473	0.244	6.65033626397997e-289	c16	NR4A3
4.45009419107804e-292	1.39842036214283	0.335	0.133	8.80673640414345e-288	c16	AUTS2
3.74726321067241e-290	0.538414003360525	0.974	0.891	7.4158338939207e-286	c16	UBB
1.33711047522473e-286	0.852587428435797	0.558	0.276	2.64614163046973e-282	c16	CD8B
6.66419434671923e-263	0.755470536230602	0.83	0.664	1.31884406121573e-258	c16	COTL1
8.12060958692259e-261	0.945813110939931	0.647	0.422	1.60706863725198e-256	c16	GZMM
2.48573886625598e-242	0.719577827723439	0.868	0.692	4.91927721632057e-238	c16	HSPD1
3.19486872686503e-238	2.42785115851183	0.076	0.012	6.32264521046589e-234	c16	LGR6
5.27602357933925e-238	1.16132560283642	0.472	0.265	1.04412506635124e-233	c16	NAA50
1.18226308032752e-234	1.14449992909327	0.31	0.128	2.33969863596816e-230	c16	KLRG1
7.02227248996047e-225	0.993579907718341	0.523	0.308	1.38970772576318e-220	c16	SLC7A5
5.97058559545633e-223	0.682562366397339	0.719	0.483	1.18157888934081e-218	c16	HLA-DPB1
1.564412250973e-220	1.45668723147768	0.196	0.065	3.09597184467556e-216	c16	DTHD1
4.34559914360679e-212	0.642444745566656	0.9	0.773	8.59994070519783e-208	c16	HSPE1
3.1131963696024e-210	0.63927929843269	0.845	0.689	6.16101561544314e-206	c16	EIF5
1.3264403688455e-207	0.431822506966367	0.979	0.935	2.62502548994525e-203	c16	CALM1
1.2134966769107e-206	0.699319159316991	0.813	0.621	2.40150992360627e-202	c16	HSPA1B
1.26315810255826e-206	0.686821765655771	0.783	0.612	2.4997898849628e-202	c16	DNAJB6
1.14963711218537e-205	0.721510173860262	0.773	0.61	2.27513184501486e-201	c16	SRSF2
1.85546087404425e-205	1.13885137729176	0.339	0.16	3.67195706973357e-201	c16	SAMD3
2.14344779105779e-201	0.70508879026255	0.839	0.679	4.24188317850336e-197	c16	HSPA1A
1.13864981468637e-199	1.37480547474146	0.274	0.118	2.25338798326433e-195	c16	YBX3
3.53201447363473e-199	0.534240765052851	0.782	0.602	6.98985664332313e-195	c16	TUBB4B
3.69626182411543e-198	0.508616387863632	0.926	0.791	7.31490214992444e-194	c16	ZFP36
2.40924185266075e-196	1.00519385215733	0.462	0.261	4.76788962641562e-192	c16	FABP5
4.56730194490165e-196	2.17900885674004	0.107	0.027	9.03869054896037e-192	c16	NXPH4
1.68290900818092e-191	0.760395831800764	0.775	0.609	3.33047692719004e-187	c16	IRF1
2.3011204130581e-190	0.439435287038684	0.965	0.896	4.55391729744197e-186	c16	OAZ1
1.29745122255971e-189	0.623031070426438	0.788	0.633	2.56765596944566e-185	c16	BRD2
3.38234945217605e-189	1.94631599376867	0.106	0.026	6.69366956585641e-185	c16	PLCG2
3.76771422925769e-187	1.05932083583108	0.492	0.31	7.45630645970097e-183	c16	IFRD1
5.72272378261539e-186	0.75598056023658	0.459	0.26	1.13252703657958e-181	c16	OASL
4.428312674361e-185	0.937532069552782	0.513	0.325	8.76363078256041e-181	c16	NFATC2
4.63511340635569e-185	0.763420745755114	0.66	0.461	9.1728894311779e-181	c16	MYADM
5.80674121046685e-185	0.394996637507904	0.998	0.973	1.14915408555139e-180	c16	BTG1
1.43791101838929e-183	0.567486575037959	0.728	0.493	2.8456259053924e-179	c16	HLA-DRB1
1.454780001051e-181	0.939019362491822	0.488	0.299	2.87900962207993e-177	c16	RUNX3
2.71441213544056e-181	1.24114666466573	0.308	0.15	5.37182161603687e-177	c16	GGA2
6.64606233914387e-177	1.15634615550292	0.239	0.098	1.31525573691657e-172	c16	EOMES
8.98344663639384e-171	0.742922613044462	0.519	0.327	1.77782408934234e-166	c16	SERTAD1
4.30193111432926e-168	0.296592480079924	0.998	0.979	8.51352167525761e-164	c16	EIF1
5.59098342654996e-166	0.853829569071337	0.501	0.318	1.10645562011424e-161	c16	RALGAPA1
7.90507541102452e-165	0.779004220601717	0.615	0.442	1.56441442384175e-160	c16	AHSA1
2.98935726016148e-161	1.1406235482146	0.393	0.232	5.91593801785957e-157	c16	SRRT
1.37408263554922e-160	0.883778748734615	0.491	0.314	2.7193095357519e-156	c16	CEMIP2
2.61337742111403e-159	0.558273461073137	0.687	0.521	5.17187391638466e-155	c16	HIST1H4C
3.02334733232681e-159	1.24930833862437	0.186	0.071	5.98320437067476e-155	c16	SLAMF7
3.01432043200824e-157	0.900545177543854	0.577	0.41	5.96534013494431e-153	c16	PIK3R1
1.61918906835192e-156	1.64284936006273	0.144	0.049	3.20437516626846e-152	c16	SMARCD3
1.53026464631022e-155	0.664378655785874	0.671	0.502	3.02839373504792e-151	c16	FAM177A1
2.73258308078697e-154	1.65070840843934	0.122	0.038	5.40778191687741e-150	c16	C1orf21
1.63052911968506e-153	0.959290116820247	0.489	0.323	3.22681712785673e-149	c16	IDI1
2.14501844008172e-152	0.598878422117156	0.724	0.561	4.24499149292172e-148	c16	BTG2
5.98025476295048e-152	0.542933515747113	0.8	0.657	1.1834924175879e-147	c16	SELENOK
6.82368105764597e-149	0.566850917638028	0.682	0.486	1.35040648130814e-144	c16	HLA-DPA1
5.44228569949442e-148	1.66803726492175	0.145	0.052	1.07702833992995e-143	c16	IL9R
4.75610490533278e-147	1.82213598145017	0.133	0.045	9.41233160765357e-143	c16	SERTAD3
3.56485738240421e-143	0.687262527686073	0.429	0.247	7.05485275977794e-139	c16	CTSW
3.09613706712234e-140	0.947817117789094	0.328	0.175	6.1272552558351e-136	c16	ZEB2
8.71160888500109e-140	0.284023603606827	0.993	0.949	1.72402739834172e-135	c16	UBC
1.67754276082107e-138	1.0412998338961	0.35	0.2	3.31985712366489e-134	c16	ABI3
5.27730234554872e-138	0.62578616212183	0.644	0.469	1.04437813418409e-133	c16	TENT5C
1.97204397766878e-137	0.871683439409247	0.548	0.403	3.90267503180651e-133	c16	CLDND1
6.91367197757628e-137	2.10848431448957	0.069	0.016	1.36821568436235e-132	c16	B3GNT5
3.61514777631927e-135	0.764168061181507	0.582	0.411	7.15437744933584e-131	c16	CLEC2B
3.04080981649041e-132	0.79306834700933	0.569	0.421	6.01776262683452e-128	c16	CHORDC1
3.39761336722981e-130	0.49440576049315	0.835	0.696	6.7238768537478e-126	c16	EZR
2.3316771149839e-129	0.698968696716279	0.58	0.42	4.61438901055315e-125	c16	ADGRE5
4.84396107125327e-127	0.948511947728159	0.361	0.213	9.58619896001022e-123	c16	SLA2
8.24805518182525e-124	0.493423798999043	0.737	0.6	1.63229012048322e-119	c16	HSPA5
1.26924018613452e-122	1.74871528231708	0.153	0.062	2.51182632836021e-118	c16	FAM83D
7.34086665732556e-122	0.53592205577676	0.764	0.624	1.45275751148473e-117	c16	CACYBP
1.18155345930114e-121	1.0296673118877	0.311	0.177	2.33829429595695e-117	c16	USP11
1.44003029275942e-121	0.752252391515974	0.514	0.362	2.84981994937089e-117	c16	RNF19A
6.55109143771212e-119	0.618853582009935	0.48	0.308	1.29646099552323e-114	c16	HLA-DRA
1.82254170422273e-118	0.416880584010321	0.878	0.708	3.60681003265679e-114	c16	CREM
1.22095216043596e-115	0.669901551693997	0.526	0.372	2.41626432550277e-111	c16	SKIL
3.48931807006089e-113	0.94423988272553	0.192	0.086	6.9053604606505e-109	c16	CCL3L1
5.28430539415778e-113	0.835707207073418	0.522	0.382	1.04576403750382e-108	c16	SLA
5.28815236734133e-113	0.363667813631105	0.87	0.733	1.04652535349685e-108	c16	TNFAIP3
1.50355561199083e-112	0.791707609087947	0.426	0.277	2.97553655612986e-108	c16	TRAT1
4.44511686548971e-112	0.469087073382255	0.839	0.752	8.79688627680413e-108	c16	CALM2
8.67420460716745e-112	0.903545784079698	0.39	0.251	1.71662509175844e-107	c16	TIPARP
9.55159358985861e-112	0.957163219951562	0.302	0.172	1.89026037143302e-107	c16	MIDN
1.09818155354337e-111	1.77961750007167	0.078	0.023	2.17330129446233e-107	c16	PDLIM1
8.13788538388518e-111	1.15699081373174	0.242	0.127	1.61048751747088e-106	c16	PPP1R14B
2.90317241168052e-109	0.538185002681058	0.696	0.567	5.74537820271575e-105	c16	FYN
4.98506298936621e-108	0.919723673410349	0.393	0.259	9.86543965595572e-104	c16	KPNA2
2.63096907803775e-107	0.740214661576253	0.463	0.319	5.2066878054367e-103	c16	CKS2
5.52521254807175e-106	0.949764685309166	0.338	0.207	1.0934395632634e-101	c16	GYG1
9.23075360292064e-106	0.862273335475914	0.414	0.282	1.82676613801799e-101	c16	CMC2
2.44657802013146e-105	1.03861436707401	0.164	0.071	4.84177790184016e-101	c16	PECAM1
5.3684876778482e-102	0.836861701531113	0.462	0.327	1.06242371144616e-97	c16	FKBP4
6.95660907440451e-102	1.07926040988633	0.196	0.094	1.37671293582465e-97	c16	PPP2R2B
7.21011024027349e-102	1.43458077248493	0.152	0.066	1.42688081655012e-97	c16	ITPRIP
1.97645288717646e-101	1.62374329403944	0.102	0.036	3.91140026372221e-97	c16	CHI3L2
3.77652989273968e-101	0.624182729455549	0.662	0.533	7.47375265773183e-97	c16	TGFB1
6.91192088290204e-100	0.786320585510376	0.483	0.351	1.36786914272631e-95	c16	ATP1B3
4.99888273927074e-99	0.470976348868129	0.796	0.674	9.89278894101679e-95	c16	SFPQ
8.48583793601522e-99	0.541600496170943	0.611	0.475	1.67934732753741e-94	c16	PDE4B
9.79667466451539e-98	1.18399729966839	0.227	0.119	1.9387619161076e-93	c16	HSPA6
3.76321362751395e-97	1.51767195163276	0.082	0.026	7.4473997688501e-93	c16	PLXDC1
4.91909813698409e-97	0.617017754446987	0.423	0.283	9.73489521309152e-93	c16	H2AFX
2.69301714760828e-96	0.222869083808284	0.989	0.964	5.32948093511679e-92	c16	RPL23A
3.16345619035306e-96	0.780014867420217	0.341	0.211	6.26047980070871e-92	c16	MARCKSL1
5.45038571297284e-95	0.860101894207278	0.283	0.163	1.07863133259733e-90	c16	RASGEF1B
1.30007780651225e-94	0.534846546968752	0.668	0.539	2.57285397908775e-90	c16	CNN2
1.40904753574571e-94	0.664528046021537	0.439	0.298	2.78850507324075e-90	c16	TC2N
5.21336408869638e-93	0.981883333479931	0.277	0.163	1.03172475315301e-88	c16	SLC1A5
2.65475335832008e-92	0.698485057734201	0.477	0.348	5.25375689611543e-88	c16	AKNA
3.04079583887842e-91	0.792345548870341	0.427	0.301	6.0177349651404e-87	c16	ZFAND2A
2.40522020262616e-90	0.938556561874923	0.262	0.15	4.75993078099718e-86	c16	TUBB2A
8.65565071055465e-90	0.891069802573481	0.202	0.102	1.71295327561877e-85	c16	F2R
2.24574171699449e-89	0.616246584539035	0.433	0.294	4.44432285793209e-85	c16	SH2D1A
7.29222427458658e-89	0.969120118286789	0.294	0.18	1.44313118394068e-84	c16	MLLT3
1.25408813257191e-87	0.751820262866237	0.451	0.337	2.48184041435981e-83	c16	UBE2A
4.99337198949971e-87	0.254400609793515	0.983	0.936	9.88188316721992e-83	c16	SRGN
8.69376815867529e-87	0.384716355187403	0.757	0.64	1.72049671860184e-82	c16	LCP1
2.48221695711808e-86	0.453001211650434	0.793	0.679	4.91230735813668e-82	c16	DYNLL1
1.93761596837429e-84	0.723755988341773	0.354	0.232	3.83454200141272e-80	c16	APMAP
5.00622047788138e-84	0.573197476485209	0.607	0.502	9.90731032572725e-80	c16	TERF2IP
7.43871712579973e-84	0.474775032043451	0.629	0.515	1.47212211919577e-79	c16	ARL6IP1
7.51556093593544e-83	0.554159465035248	0.569	0.456	1.48732950922162e-78	c16	GTF2B
1.59796589621518e-82	0.751199657077838	0.37	0.25	3.16237450860985e-78	c16	DDIT3
2.47310059746957e-82	1.14316633229256	0.188	0.098	4.89426608239227e-78	c16	EIF4EBP1
8.13778103684141e-82	1.07546692128049	0.237	0.138	1.61046686719092e-77	c16	TRMO
1.3401663983297e-81	0.484167629648258	0.234	0.128	2.65218930229447e-77	c16	IFNG
2.15400382168626e-81	0.223193597888784	0.54	0.384	4.26277356311711e-77	c16	FOSB
3.64162726642398e-81	1.40137052974069	0.127	0.056	7.20678036025305e-77	c16	TP53INP2
7.36527580907309e-81	0.201718570553727	0.999	0.987	1.45758808261556e-76	c16	PTMA
1.5970453888327e-80	2.03420063434306	0.047	0.012	3.16055282449992e-76	c16	TUBB4A
5.64497217250134e-80	0.451072188658456	0.585	0.454	1.11713999293802e-75	c16	REL
3.130604177754e-79	0.172754572162932	0.999	0.992	6.19546566777516e-75	c16	RPL28
3.22809325493515e-79	0.388601096333609	0.758	0.652	6.38839655151667e-75	c16	CALR
4.84159594789754e-79	0.986984300913924	0.208	0.114	9.58151838088923e-75	c16	TBX21
4.92558334560679e-79	0.598646133851492	0.511	0.389	9.74772944095584e-75	c16	CSRNP1
9.89737666969562e-79	0.939231455834712	0.156	0.075	1.95869084293276e-74	c16	XCL2
1.24691681831783e-78	0.671508056143908	0.456	0.336	2.46764838345099e-74	c16	VPS37B
1.30697059989831e-78	0.433500457258736	0.747	0.66	2.58649481719876e-74	c16	ATP6V0C
3.01674574008884e-78	0.633571032932976	0.426	0.303	5.97013981963581e-74	c16	ANKRD37
2.13555281393788e-77	1.03092786560864	0.215	0.122	4.22625901878306e-73	c16	PMEPA1
2.47233345642367e-76	0.955704402098833	0.271	0.17	4.89274791026244e-72	c16	CASP3
1.26751767460668e-75	0.772806091076922	0.338	0.225	2.50841747804662e-71	c16	LYST
1.98616007645921e-75	0.483348160469269	0.729	0.635	3.93061079131277e-71	c16	MCL1
5.77007172297023e-75	0.13150637178583	1	0.995	1.14189719397581e-70	c16	HLA-A
2.40818064015354e-74	0.48768889082345	0.341	0.216	4.76578948686387e-70	c16	LAG3
1.4509788085328e-73	1.22043088565356	0.114	0.05	2.87148706208641e-69	c16	PRR5L
1.69920592136903e-73	0.650698470937133	0.388	0.273	3.36272851838931e-69	c16	PITPNC1
1.82862857561815e-73	0.763258490631371	0.395	0.286	3.61885595114831e-69	c16	DEDD2
1.97595883207505e-73	0.478325272759464	0.37	0.241	3.91042252867652e-69	c16	HLA-DQA1
3.1480346434796e-73	0.988077631897325	0.205	0.115	6.22996055944613e-69	c16	TBCD
3.16988702079481e-73	0.385721436303453	0.79	0.697	6.27320641415294e-69	c16	PTGES3
5.21291206720837e-73	1.18684272233316	0.148	0.073	1.03163529810054e-68	c16	METRNL
2.82512958814783e-72	0.6547184287374	0.446	0.337	5.59093145494455e-68	c16	ORAI1
3.66812103809379e-72	0.743578469186585	0.415	0.305	7.2592115343876e-68	c16	RBM38
3.73056436544596e-72	1.80093216722487	0.046	0.012	7.38278687921755e-68	c16	FGR
5.18848760200714e-72	0.166678929857085	0.999	0.989	1.02680169643721e-67	c16	RPS15A
1.4922009407713e-71	1.08203188667024	0.182	0.098	2.95306566178639e-67	c16	SMAD7
1.51513169943113e-71	1.22334945069695	0.113	0.05	2.99844563317421e-67	c16	EPHA4
1.98110469959979e-71	1.05467377194039	0.217	0.127	3.92060620050798e-67	c16	CDC34
2.82983403510022e-71	1.0248001391883	0.159	0.08	5.60024155546333e-67	c16	FASLG
3.88246230151711e-71	0.597491326827916	0.481	0.373	7.68339289470237e-67	c16	MAT2A
4.06496379069369e-71	0.93890116718935	0.243	0.147	8.04456334178281e-67	c16	PDE4DIP
4.19359127929411e-71	0.432502386913102	0.655	0.542	8.29911714172305e-67	c16	HERPUD1
6.98260453172294e-71	0.870977184546373	0.284	0.184	1.38185743682797e-66	c16	B3GNT2
8.50106008455778e-71	0.757607016237875	0.229	0.131	1.68235979073399e-66	c16	MATK
8.77565537657088e-71	0.519677400601952	0.505	0.395	1.73670219902338e-66	c16	EIF4A3
1.76453925614308e-70	0.906214997599957	0.267	0.169	3.49202318790715e-66	c16	MRPL10
5.30905450036202e-70	0.198381060414984	0.987	0.962	1.05066188562164e-65	c16	HLA-E
1.44096233111728e-69	0.520295626846299	0.548	0.439	2.85166445328111e-65	c16	JPT1
3.46740831414633e-69	1.1083082673532	0.151	0.076	6.86200105369559e-65	c16	TNIP3
3.82366415922118e-69	1.04135955072724	0.225	0.136	7.56703137109872e-65	c16	CKAP2
5.68707879162322e-69	0.851361814880499	0.277	0.179	1.12547289286224e-64	c16	OAT
6.84913557185871e-67	0.432392877100233	0.71	0.614	1.35544392967084e-62	c16	ELF1
8.82001025143753e-67	0.312793694840728	0.733	0.624	1.74548002875949e-62	c16	RARRES3
2.56873590553574e-66	0.335726634810847	0.783	0.707	5.08352835705523e-62	c16	CD44
2.10535578278084e-65	0.926651029218678	0.218	0.13	4.16649909412329e-61	c16	ZFYVE28
7.99648990364785e-65	0.648326113940091	0.44	0.339	1.58250535193191e-60	c16	AMD1
2.02641928884361e-63	0.484537682000256	0.621	0.532	4.0102837726215e-59	c16	SRSF5
2.53698347237399e-63	0.784593934238712	0.313	0.214	5.02069029182813e-59	c16	HMGA1
3.53175406672043e-63	0.998753964403246	0.092	0.039	6.98934129803973e-59	c16	VCAM1
2.78184606537749e-62	1.43195055496096	0.147	0.078	5.50527336338206e-58	c16	BPGM
3.44643057658076e-62	0.404930184219889	0.675	0.578	6.82048611105332e-58	c16	TUBA1A
4.15440171820256e-62	0.340572519316664	0.808	0.727	8.22156100032287e-58	c16	NCL
5.31287917569608e-62	1.46922276933705	0.089	0.038	1.05141878887025e-57	c16	NOCT
9.1249166759615e-62	0.649273436593473	0.377	0.272	1.80582101017278e-57	c16	GABARAPL1
9.59138901556206e-62	1.20288202020605	0.138	0.07	1.89813588617973e-57	c16	IER5L
1.75749212797675e-61	1.3149725883737	0.126	0.062	3.47807692126599e-57	c16	ZNF184
1.9981358063299e-61	0.225924633709185	0.939	0.887	3.95431076072687e-57	c16	PTPRCAP
2.68666396405064e-61	0.946560335895393	0.239	0.152	5.31690798485621e-57	c16	STX11
3.37854929062151e-60	0.678473267236926	0.338	0.24	6.68614904613997e-56	c16	PPP1R16B
5.23259191447157e-60	0.637474359207738	0.398	0.299	1.03552993987392e-55	c16	TUBA1C
1.74470777914563e-59	0.448921524637569	0.602	0.511	3.45277669492921e-55	c16	CYCS
3.02407931937789e-59	0.84039182209782	0.232	0.145	5.98465297304885e-55	c16	FAM53C
6.63241475041291e-59	0.632872094163556	0.356	0.253	1.31255487910672e-54	c16	NEU1
6.07833636987803e-58	0.538217400317923	0.453	0.35	1.20290276759886e-53	c16	RNF125
6.08674092714619e-58	1.13292660103546	0.125	0.063	1.20456602948223e-53	c16	MCOLN2
1.03450548510722e-57	0.409434263661185	0.671	0.58	2.04728635502718e-53	c16	SRSF3
1.08220992062619e-57	0.340114617128788	0.538	0.415	2.14169343291924e-53	c16	RGS2
5.77677756387528e-57	0.285028924419691	0.894	0.826	1.14322427989092e-52	c16	YWHAZ
9.44718431769029e-57	0.615339918068296	0.353	0.255	1.86959777647091e-52	c16	ARAP2
2.33296296333473e-56	2.03017329229466	0.028	0.006	4.61693370443942e-52	c16	PACSIN1
3.84630487451117e-56	0.739406411507151	0.267	0.176	7.61183734665761e-52	c16	LYAR
3.78238152024497e-55	0.716824560837366	0.284	0.192	7.48533302856479e-51	c16	MAP3K8
8.87152579657628e-55	0.821013923745811	0.208	0.127	1.75567495514245e-50	c16	SLF1
1.26826872512332e-54	0.430085971246328	0.606	0.514	2.50990380701905e-50	c16	GNG2
1.43236204841555e-54	0.210148287928459	0.998	0.992	2.83464449381436e-50	c16	HLA-B
1.90220332270557e-54	0.318386902579757	0.729	0.653	3.76446037563433e-50	c16	SAP18
4.04646102393154e-54	1.21853003714944	0.127	0.066	8.00794636636051e-50	c16	SPATA2L
6.16835386095079e-54	0.575689333874875	0.3	0.202	1.22071722908216e-49	c16	THEMIS
8.45735096624165e-54	0.549250542230109	0.31	0.212	1.67370975621922e-49	c16	AREG
1.22893056409523e-53	0.828763039786501	0.272	0.186	2.43205358634446e-49	c16	MTFP1
2.07939817918819e-53	0.538079212714737	0.463	0.369	4.11512899661344e-49	c16	SLBP
2.38684013075291e-53	0.245758769313664	0.918	0.85	4.72355661876001e-49	c16	PNRC1
2.55720304024709e-53	0.468046291680676	0.486	0.389	5.060704816649e-49	c16	ODC1
3.73722813089365e-53	0.272682228623617	0.908	0.867	7.39597447103854e-49	c16	DDX5
4.03007096189315e-53	0.438852008597145	0.535	0.433	7.97551043358654e-49	c16	MRPL18
5.49356691748211e-53	0.995715354983566	0.119	0.06	1.08717689296971e-48	c16	ARHGAP26
9.14963092306838e-53	0.468002079839658	0.526	0.439	1.81071195967523e-48	c16	ARF4
1.42788179701341e-52	0.191833381918637	0.71	0.58	2.82577807628954e-48	c16	RGS1
2.98713404142595e-52	1.03220758117926	0.141	0.077	5.91153826798196e-48	c16	SLC25A4
7.10038873458224e-52	1.12889941791347	0.091	0.041	1.40516693057382e-47	c16	EPHA1
9.57369299875734e-52	0.737128230323306	0.211	0.13	1.89463384445408e-47	c16	CD81
2.36273521302393e-51	0.425273719452067	0.57	0.483	4.67585298657435e-47	c16	SLC9A3R1
4.2664492763742e-51	0.531135053005669	0.318	0.219	8.44330311794455e-47	c16	HLA-DQB1
4.30897797070046e-51	0.876198300667982	0.155	0.087	8.52746740401621e-47	c16	CPNE7
6.43360148098224e-51	0.385709860551116	0.614	0.516	1.27320973308638e-46	c16	TAGAP
1.07462659336207e-50	0.562657968125431	0.187	0.11	2.12668602826354e-46	c16	ITGA1
2.25614808059448e-50	0.336831458656421	0.743	0.673	4.46491705149647e-46	c16	PSMA7
6.16580914749418e-50	1.28798296595815	0.087	0.04	1.2202136302891e-45	c16	ARL4D
6.34613488773462e-50	1.16228976202071	0.081	0.036	1.25590009428268e-45	c16	JAKMIP2
7.1749274379244e-50	0.698386847931068	0.225	0.143	1.41991813996524e-45	c16	PLA2G16
7.44057118193339e-50	1.20096376753826	0.098	0.047	1.47248903690462e-45	c16	CXCR5
1.22883285202342e-49	0.582747829342094	0.519	0.44	2.43186021415434e-45	c16	SDCBP
1.33816274288583e-49	1.30436275616634	0.073	0.031	2.64822406817106e-45	c16	PIK3AP1
3.13901109496931e-49	0.658123891946764	0.299	0.212	6.21210295694427e-45	c16	GLIPR2
1.05894628508828e-48	1.67099839887376	0.032	0.009	2.0956546981897e-44	c16	SLC4A4
1.18186943575192e-47	0.308585258275528	0.903	0.838	2.33891961335306e-43	c16	CRIP1
2.00783997391084e-47	0.464470836450136	0.51	0.427	3.97351530836956e-43	c16	TCP1
2.59527180887317e-47	0.959489363413301	0.071	0.03	5.13604290976001e-43	c16	MS4A1
3.61423387468338e-47	1.00680749420614	0.141	0.079	7.15256883799842e-43	c16	MAFF
3.88284103763527e-47	1.29941035298333	0.091	0.043	7.68414241348019e-43	c16	ULBP2
1.86173431155127e-46	1.48896385365062	0.049	0.017	3.68437220255997e-42	c16	SYNM
4.47396906916411e-46	1.09357131304594	0.079	0.036	8.85398478787577e-42	c16	CD244
7.52596623908093e-46	0.570441079734571	0.428	0.348	1.48938871871412e-41	c16	EIF1AX
8.1207498981985e-46	0.69803893619784	0.231	0.153	1.60709640485348e-41	c16	ZBTB7A
1.19143504546061e-45	0.13244790117806	0.735	0.645	2.35784995496655e-41	c16	TUBA1B
1.20852843740143e-45	1.23466177233583	0.106	0.055	2.39167777761743e-41	c16	LETM2
1.28921338359434e-45	0.373771875552416	0.496	0.402	2.55135328613319e-41	c16	SYTL3
2.06400158465281e-45	1.52315873482199	0.03	0.008	4.08465913602791e-41	c16	PDGFD
2.30963525247248e-45	1.07827116402387	0.1	0.05	4.57076816464304e-41	c16	ITGA5
2.64488454363126e-45	0.851574886575979	0.147	0.085	5.23422651184627e-41	c16	LPCAT1
6.42780802392264e-45	1.37344794085657	0.058	0.023	1.27206320793429e-40	c16	POU3F1
6.79178414493199e-45	1.08411640766969	0.067	0.029	1.34409408228204e-40	c16	FCRL6
8.98126620001178e-45	0.511458623273813	0.482	0.399	1.77739258098233e-40	c16	DOK2
1.37932757858759e-44	0.72404232148414	0.268	0.191	2.72968927802485e-40	c16	ISG20L2
2.2478894744901e-44	0.345676921266784	0.715	0.642	4.4485732700159e-40	c16	H2AFZ
9.79455692269956e-44	0.663282207668171	0.257	0.179	1.93834281500224e-39	c16	PDE7A
1.22689842965884e-43	0.469082268567109	0.386	0.294	2.42803199229485e-39	c16	MYLIP
1.31821836201524e-43	0.145374373086408	0.997	0.99	2.60875413842817e-39	c16	HLA-C
2.02154186076645e-43	1.62521759473325	0.031	0.009	4.00063134245681e-39	c16	TMEM171
2.07953367130782e-43	0.256450911611445	0.746	0.644	4.11539713551818e-39	c16	UBE2B
1.18386633696219e-42	0.34875819187733	0.372	0.273	2.34287148084817e-38	c16	PRF1
2.69649680164954e-42	0.219686673116941	0.606	0.512	5.33636717046444e-38	c16	IER2
3.00408774192388e-42	0.601506846246897	0.365	0.284	5.94508964126737e-38	c16	POLR2A
3.2940872435074e-42	0.323967701809796	0.683	0.604	6.51899865490114e-38	c16	STK17A
1.15105720652671e-41	0.567267180674415	0.273	0.193	2.27794221171636e-37	c16	HLA-DMA
1.35725972915817e-41	0.99265923686074	0.114	0.062	2.68601700400402e-37	c16	HLA-DMB
3.43870123198587e-41	0.166725741150674	0.705	0.585	6.80518973810003e-37	c16	ANXA1
6.99959078862944e-41	0.201435672869713	0.897	0.844	1.38521901706977e-36	c16	RPL27A
7.10050589678275e-41	0.508229321069572	0.424	0.346	1.40519011697331e-36	c16	SELPLG
1.5910852224528e-40	1.61832052351906	0.033	0.01	3.14875765523409e-36	c16	FAM49A
3.10984444709916e-40	0.513179122642515	0.299	0.218	6.15438216080924e-36	c16	SYNE1
5.80520319144139e-40	0.256838387559585	0.723	0.641	1.14884971158625e-35	c16	STK17B
7.89652861973348e-40	0.459479594652043	0.447	0.371	1.56272301384526e-35	c16	ARHGAP9
9.70031574170813e-40	0.320607519571076	0.678	0.608	1.91969248528404e-35	c16	GUK1
1.77318258033698e-39	0.35280933205796	0.596	0.524	3.50912832648688e-35	c16	MAP1LC3B
2.17775277948347e-39	1.13353954434315	0.07	0.032	4.30977275059779e-35	c16	PPP1R13B
2.20119152134889e-39	1.44407280128755	0.051	0.021	4.35615802074946e-35	c16	HIC1
2.81325975569067e-39	0.633735778725683	0.29	0.217	5.56744105651184e-35	c16	ZNF394
4.92844049342219e-39	0.510913641893219	0.391	0.308	9.75338373648251e-35	c16	TSPYL2
8.27385528357766e-39	1.05879916216519	0.093	0.048	1.63739596062002e-34	c16	CD200R1
8.30141581461424e-39	0.760853063816175	0.225	0.157	1.64285018971216e-34	c16	N4BP1
2.06011003442033e-38	0.633183437417439	0.238	0.167	4.07695775811783e-34	c16	NIN
2.64720577241977e-38	0.434389742859957	0.434	0.35	5.23882022361873e-34	c16	FOSL2
2.81825391524649e-38	0.602867689315591	0.348	0.274	5.5773244982728e-34	c16	HERPUD2
3.38941787339918e-38	0.334388905634369	0.588	0.512	6.70765797145698e-34	c16	WIPF1
3.44864175837642e-38	0.473906422617259	0.41	0.335	6.82486203982693e-34	c16	HNRNPAB
5.46744806282026e-38	0.890722885625383	0.166	0.106	1.08200797163213e-33	c16	PLEKHO1
8.38886802500271e-38	0.540664841445775	0.385	0.314	1.66015698214804e-33	c16	DNTTIP2
9.94188413224196e-38	0.43961969445681	0.412	0.333	1.96749886977068e-33	c16	WNK1
2.4736622217071e-37	0.347413227720565	0.528	0.456	4.89537753675834e-33	c16	NCOR1
3.53675352690351e-37	0.502987537057456	0.404	0.331	6.99923522974205e-33	c16	STIP1
3.92873739661602e-37	0.35374886441241	0.574	0.504	7.7749713079031e-33	c16	PTP4A2
6.22683405071254e-37	0.741284941797899	0.187	0.123	1.23229045863601e-32	c16	SIPA1
9.68571926651355e-37	0.770027412123881	0.186	0.123	1.91680384284303e-32	c16	FAM160B1
1.06540662928286e-36	0.592877383168621	0.32	0.249	2.10843971935077e-32	c16	COQ10B
1.20384723932273e-36	1.3475640763444	0.052	0.022	2.38241368661969e-32	c16	CD8B2
2.8485382181819e-36	0.375674254201027	0.465	0.387	5.63725713378198e-32	c16	JUND
2.86831545808282e-36	0.99367576522146	0.117	0.067	5.67639629154591e-32	c16	MLF1
3.16511523221409e-36	0.899666438187268	0.167	0.109	6.26376304455169e-32	c16	TRAF4
8.53216939382653e-36	0.533978144858261	0.363	0.293	1.68851632303827e-31	c16	CCDC59
1.14110675935436e-35	1.02532015552238	0.079	0.04	2.25825027676229e-31	c16	GSE1
1.53312081969808e-35	0.484735515094846	0.408	0.338	3.0340461021825e-31	c16	SBDS
2.52712777670905e-35	0.310939163291274	0.671	0.602	5.00118587010721e-31	c16	PPP1R2
7.09158697396469e-35	1.09638761442302	0.075	0.037	1.40342506214761e-30	c16	TP53I11
8.14105044388663e-35	0.850877461308327	0.141	0.087	1.61111388284516e-30	c16	ST3GAL5
1.04994473650691e-34	0.28633346381854	0.603	0.529	2.07784063354718e-30	c16	ITGB2
1.1424216884803e-34	0.897755197881344	0.169	0.111	2.26085252150252e-30	c16	GTPBP8
1.17224070251452e-34	1.268263870975	0.04	0.015	2.31986435027623e-30	c16	TTC16
1.29455848413157e-34	0.869441840761575	0.136	0.083	2.56193124009638e-30	c16	TMEM39A
1.71865093674354e-34	1.38209465056197	0.037	0.014	3.40121020381547e-30	c16	FRMD4A
1.77002208524296e-34	0.382028396398752	0.523	0.458	3.50287370669583e-30	c16	BZW1
1.85005478720545e-34	0.40770159557478	0.413	0.336	3.66125842387958e-30	c16	SLC38A2
2.69393342491547e-34	0.479369204088012	0.421	0.354	5.33129424790772e-30	c16	NASP
4.47159445544005e-34	0.509314380286449	0.335	0.262	8.84928542731586e-30	c16	USP36
5.2573403231097e-34	0.435123425600647	0.337	0.256	1.04042764994341e-29	c16	STOM
5.31872455554118e-34	0.324984346083376	0.603	0.528	1.0525755895416e-29	c16	PLP2
9.46379209650328e-34	0.475191712018006	0.348	0.275	1.872884455898e-29	c16	DNAJC1
9.7897602508176e-34	0.297375499666096	0.681	0.623	1.9373935536368e-29	c16	DDX24
2.28455659641244e-33	0.388645893729125	0.429	0.356	4.52113750430022e-29	c16	DDX6
3.03471330821452e-33	0.523783543229137	0.353	0.286	6.00569763695653e-29	c16	CSNK1D
8.23442534545494e-33	0.93322613934302	0.077	0.04	1.62959277586553e-28	c16	USP28
8.30018513973662e-33	0.711506419708413	0.142	0.088	1.64260663915388e-28	c16	SFMBT2
1.11216881907669e-32	0.243391434516038	0.34	0.25	2.20098209295277e-28	c16	HLA-DRB5
1.37859744510471e-32	0.370932900068366	0.489	0.423	2.72824434386222e-28	c16	REEP5
1.45237972128483e-32	0.485312361209022	0.353	0.282	2.87425946842268e-28	c16	CCSER2
1.77699071663293e-32	0.781802264496792	0.211	0.151	3.51666462821658e-28	c16	PAIP1
1.80836849103927e-32	1.47055926159392	0.038	0.015	3.57876124376671e-28	c16	RCAN2
1.86497350548408e-32	1.03578496181449	0.109	0.064	3.69078256735298e-28	c16	AVPI1
3.8155982322463e-32	0.450567663008994	0.382	0.312	7.55106890161542e-28	c16	PTP4A1
5.91993348580053e-32	0.531422962468983	0.359	0.291	1.17155483683993e-27	c16	HNRNPLL
6.30570150363208e-32	1.03421439598629	0.105	0.061	1.24789832756879e-27	c16	BIK
1.00968193796379e-31	0.971408937109608	0.064	0.031	1.99816055523033e-27	c16	IGFBP2
1.01508591681482e-31	0.279815190874592	0.666	0.603	2.00885502937653e-27	c16	TRMT112
2.01874949259051e-31	0.274888249427176	0.668	0.606	3.99510524583662e-27	c16	ARF1
2.37752542738623e-31	0.232202010652942	0.787	0.713	4.70512282079735e-27	c16	SUB1
3.6616655027257e-31	0.579498953444062	0.273	0.208	7.24643602989416e-27	c16	AP3S1
3.67472334077931e-31	0.648717925311749	0.215	0.153	7.27227749140225e-27	c16	ARHGAP25
3.90608877415196e-31	0.419140465820132	0.417	0.348	7.73014968404673e-27	c16	SYAP1
6.39516319205408e-31	0.44161756438396	0.415	0.354	1.2656027957075e-26	c16	BUD31
1.16830300389665e-30	0.338002927614934	0.554	0.49	2.31207164471147e-26	c16	CCT4
1.6029117080268e-30	0.69754132147945	0.18	0.123	3.17216227018503e-26	c16	C16orf72
1.69481215968321e-30	0.316723009421531	0.245	0.175	3.35403326401308e-26	c16	ATF3
1.95853720086108e-30	0.818276551377585	0.058	0.027	3.87594512050408e-26	c16	PTGDR
2.9036256107899e-30	1.2960981287474	0.057	0.027	5.74627508375321e-26	c16	STAG3
3.10732024628937e-30	0.268095751666015	0.617	0.549	6.14938676740665e-26	c16	PDCD4
5.12426466248446e-30	0.373190075482809	0.412	0.342	1.01409197670567e-25	c16	RANBP2
5.2108074229487e-30	0.663036788398129	0.097	0.055	1.03121878900155e-25	c16	PILRB
1.44024755682144e-29	0.450940264546052	0.385	0.322	2.85024991494964e-25	c16	CHIC2
7.06850196519539e-29	0.663596641545636	0.098	0.056	1.39885653891217e-24	c16	ADRB2
7.98379619479522e-29	1.11987658904764	0.062	0.031	1.57999326694997e-24	c16	SEMA4A
8.26231104956288e-29	0.450066263723752	0.373	0.31	1.63511135670849e-24	c16	SMARCA5
1.0450841827959e-28	0.130334363339818	0.756	0.682	2.06822159775309e-24	c16	HCST
1.07100539017164e-28	0.450944296887218	0.388	0.329	2.11951966714967e-24	c16	CCT5
1.9332611782834e-28	1.0302075696596	0.048	0.021	3.82592387182286e-24	c16	PTPRM
2.46698016139371e-28	1.26151033995935	0.039	0.016	4.88215373939816e-24	c16	S1PR5
5.7571136535692e-28	0.536813423461516	0.349	0.283	1.13933279204134e-23	c16	DUSP5
8.75782153474691e-28	0.176856897016768	0.783	0.721	1.73317288172641e-23	c16	CD99
9.47354630089498e-28	1.45595540306663	0.035	0.014	1.87481481294712e-23	c16	ELOVL4
1.00807858152346e-27	0.519104133779945	0.238	0.176	1.99498751283492e-23	c16	IFNGR1
1.31857814884144e-27	0.788741356658913	0.094	0.054	2.60946615655722e-23	c16	ZNF296
1.85687905962566e-27	0.571282714682328	0.293	0.236	3.67476365899918e-23	c16	ETF1
2.24746599314701e-27	1.2325049619233	0.051	0.024	4.44773520043794e-23	c16	DUSP8
2.28859994161126e-27	0.380883016207183	0.461	0.407	4.52913928444869e-23	c16	MAGOH
2.95458313570174e-27	0.311948362431082	0.535	0.479	5.84712002555373e-23	c16	SRRM1
3.94335331650882e-27	0.483478928004461	0.341	0.283	7.80389621337096e-23	c16	PITHD1
9.1398604606069e-27	0.679409459782481	0.161	0.11	1.8087783851541e-22	c16	PTPRE
9.17159829151922e-27	0.835886227115063	0.119	0.075	1.81505930189165e-22	c16	PIK3CG
9.19119910183734e-27	0.335249745325402	0.519	0.456	1.81893830225361e-22	c16	NOP58
9.48509798617592e-27	0.515970212432892	0.292	0.232	1.87710089146421e-22	c16	NOP56
9.66528543786815e-27	1.14184766942758	0.072	0.039	1.91275998815411e-22	c16	BRMS1L
1.66879763190508e-26	0.213708295366626	0.575	0.498	3.30255051354015e-22	c16	SOCS1
1.71151921763194e-26	1.45699917423037	0.03	0.011	3.38709653169361e-22	c16	VIPR2
3.73153694567947e-26	0.310109611100381	0.386	0.311	7.38471161549968e-22	c16	CXCR3
8.94350516476719e-26	1.44832949599159	0.036	0.015	1.76991967210743e-21	c16	N4BP3
1.12570975281402e-25	0.262726914720317	0.632	0.585	2.22777960081894e-21	c16	RBM8A
2.98099361894208e-25	0.972352200741814	0.085	0.049	5.89938637188637e-21	c16	GZF1
3.32632515006204e-25	0.361782512795099	0.45	0.39	6.58279747197277e-21	c16	RSRC2
4.03616676175466e-25	0.63642398370922	0.2	0.147	7.98757402151248e-21	c16	LENG1
7.27340810930703e-25	0.397486292410318	0.451	0.393	1.43940746483186e-20	c16	MRPS6
7.81717148765193e-25	1.97398534046827	0.015	0.004	1.54701823740632e-20	c16	ACHE
8.40266321218542e-25	0.58166884541406	0.169	0.118	1.66288704969149e-20	c16	JAKMIP1
1.06979906278867e-24	0.266151142254673	0.612	0.547	2.11713234525877e-20	c16	SLC25A5
1.19839944434958e-24	0.30332981908136	0.443	0.383	2.37163250036783e-20	c16	ZFAND5
1.3999675539241e-24	0.400929963801467	0.423	0.369	2.77053578921579e-20	c16	TOP1
1.53454928143503e-24	0.632394259003014	0.177	0.126	3.03687302795993e-20	c16	KIF21A
1.89370243557793e-24	0.743304831842433	0.15	0.103	3.74763712000872e-20	c16	BANP
2.83406342283717e-24	0.407445031408711	0.423	0.367	5.60861151379477e-20	c16	PDCL3
3.38861619440726e-24	0.41568323427043	0.327	0.267	6.70607144873196e-20	c16	STK10
3.82071089895232e-24	0.99732448344495	0.061	0.032	7.56118686902664e-20	c16	KIAA1671
3.89925381210694e-24	0.374984629145036	0.422	0.364	7.71662329415964e-20	c16	CDK2AP2
4.44091651353179e-24	0.35368532685243	0.332	0.267	8.78857378027942e-20	c16	IDH2
8.65258999027041e-24	0.939485231482994	0.056	0.028	1.71234755907451e-19	c16	VNN2
1.12206543140841e-23	0.399548228681844	0.427	0.374	2.22056748875725e-19	c16	CCT2
1.2004471860384e-23	0.439157891752616	0.326	0.27	2.37568498116999e-19	c16	ZBTB1
1.34685276860486e-23	0.155116895104273	0.76	0.693	2.66542162906901e-19	c16	PSMB9
1.36955327315213e-23	0.551862080863218	0.224	0.169	2.71034592756807e-19	c16	DDX3Y
2.88899096410827e-23	0.563852744249663	0.262	0.21	5.71731311797026e-19	c16	ZPR1
5.39539261007932e-23	0.623018034916489	0.131	0.087	1.0677481975347e-18	c16	CCR5
5.60533505406385e-23	0.189631806256888	0.827	0.77	1.10929580719924e-18	c16	SOD1
6.48843687573466e-23	0.366445840498791	0.45	0.402	1.28406165770789e-18	c16	MAPK1IP1L
7.07124199740751e-23	0.375619379589925	0.321	0.259	1.39939879128695e-18	c16	C12orf75
9.97141632556552e-23	0.741382090910804	0.125	0.083	1.97334329082942e-18	c16	KDM7A
1.04720580069941e-22	0.612268228440802	0.176	0.127	2.07242027958414e-18	c16	SIRT2
1.15915864152968e-22	0.448392654892565	0.234	0.177	2.29397495158724e-18	c16	NUCB2
1.36242317720241e-22	0.23802032225502	0.636	0.581	2.69623546768357e-18	c16	ATP5F1B
1.55604360468891e-22	0.910420394637135	0.077	0.045	3.07941029367935e-18	c16	CBX4
1.81423183029902e-22	0.441790138274562	0.309	0.252	3.59036479216177e-18	c16	TGIF1
2.15851851280489e-22	0.363588507021786	0.376	0.318	4.27170813684087e-18	c16	CDK17
2.2272153912456e-22	0.473856785710295	0.247	0.192	4.40765925927503e-18	c16	PDLIM2
2.69226794345123e-22	1.24589587161141	0.038	0.017	5.32799826008999e-18	c16	FOXP4
2.70871810385879e-22	0.600222392906237	0.214	0.163	5.36055312753654e-18	c16	LRIF1
2.81127576145409e-22	0.14979887855473	0.73	0.693	5.56351473191765e-18	c16	FUS
2.89054193102775e-22	0.689792855309034	0.2	0.152	5.72038248150391e-18	c16	DUSP10
3.10930874761134e-22	0.298288338543893	0.455	0.4	6.15332201152284e-18	c16	BCAS2
3.33119470778424e-22	0.434228191765352	0.296	0.237	6.59243432670501e-18	c16	TSEN54
3.58530394514908e-22	0.249823401935863	0.571	0.516	7.09531650745002e-18	c16	IDS
3.58728769040924e-22	0.698555485145851	0.11	0.071	7.09924233931989e-18	c16	TBC1D2B
5.42823492993582e-22	0.399600101117407	0.349	0.294	1.0742476926343e-17	c16	PSTPIP1
7.23794660676158e-22	0.153086520357662	0.765	0.695	1.43238963347812e-17	c16	LEPROTL1
7.57808918254865e-22	0.629422936491302	0.151	0.105	1.49970384922638e-17	c16	TRAPPC10
8.84370406674058e-22	1.07289340366865	0.075	0.044	1.75016903480796e-17	c16	NKRF
9.32356336855575e-22	0.156513776371726	0.48	0.41	1.84513319063718e-17	c16	GSTP1
9.40225087518919e-22	1.68599135176725	0.014	0.004	1.86070544819994e-17	c16	LDB2
1.00270367933827e-21	0.389033557987464	0.331	0.276	1.98435058141044e-17	c16	GLS
2.33097537642601e-21	0.78363310242634	0.086	0.052	4.61300026994707e-17	c16	SLC2A1
3.36199775581342e-21	0.465874325087894	0.326	0.277	6.65339355875476e-17	c16	ISCA1
4.1813918573537e-21	0.235260346482362	0.509	0.442	8.27497448570298e-17	c16	LMNA
4.74497649522481e-21	0.780982596716056	0.098	0.062	9.39030848404989e-17	c16	SLFN11
5.24522368267034e-21	0.76264590568084	0.106	0.069	1.03802976680046e-16	c16	ERF
5.75024509294542e-21	0.364619508622472	0.337	0.283	1.1379735038939e-16	c16	SIAH2
5.79759086668856e-21	0.348317527911814	0.405	0.351	1.14734323251767e-16	c16	NSMCE3
6.44071356173434e-21	1.6036680769869	0.014	0.004	1.27461721386723e-16	c16	CDHR1
1.02424999635774e-20	0.706574400062283	0.116	0.078	2.02699074279198e-16	c16	GALNT11
1.26258427799743e-20	1.08346368478773	0.029	0.012	2.49865428615692e-16	c16	FGFBP2
1.28137919733353e-20	0.410380082241767	0.369	0.32	2.53584943152305e-16	c16	AKIRIN1
1.33665241707887e-20	0.340335433365347	0.363	0.306	2.64523513339908e-16	c16	PIM3
1.39967828737189e-20	0.443650355936922	0.327	0.279	2.76996333070897e-16	c16	MAP2K2
1.45074617806139e-20	0.437464404498556	0.352	0.308	2.87102668638349e-16	c16	SS18L2
1.55927473973163e-20	0.433532512016127	0.322	0.273	3.08580470992889e-16	c16	OSER1
1.5904644377968e-20	0.611799571510062	0.17	0.125	3.14752912239988e-16	c16	ARHGAP18
2.18782735900522e-20	0.496634751159392	0.225	0.175	4.32971034347132e-16	c16	TMEM43
2.30749517879352e-20	0.592971717102604	0.152	0.108	4.56653295883238e-16	c16	FBXO32
3.09154985969945e-20	0.214300786220271	0.713	0.667	6.1181771723452e-16	c16	PGK1
3.70545028065183e-20	0.437139166916489	0.252	0.2	7.33308610540998e-16	c16	APOBEC3C
3.97191674977404e-20	0.304624477149428	0.492	0.445	7.86042324780283e-16	c16	RPL22L1
4.16714594885118e-20	0.41589389396255	0.231	0.178	8.24678183277648e-16	c16	TOX
4.50998540322094e-20	0.649965573444159	0.153	0.11	8.92526111297425e-16	c16	SIK3
7.8217293209148e-20	0.539563085276005	0.25	0.203	1.54792023260904e-15	c16	UBE2D1
7.96230250385688e-20	0.2736656528812	0.333	0.272	1.57573966551328e-15	c16	PMAIP1
8.30722103406971e-20	0.412874890799965	0.237	0.185	1.6439990426424e-15	c16	ATP8A1
8.58008775284521e-20	0.544816285158069	0.187	0.141	1.69799936628807e-15	c16	NELFCD
1.1605545289529e-19	0.231734540961183	0.63	0.59	2.29673741279778e-15	c16	EIF4G2
1.20582570626644e-19	0.572990861968932	0.211	0.163	2.38632907270129e-15	c16	PTK2B
1.24130893337871e-19	0.421095094833167	0.345	0.299	2.45655037915647e-15	c16	NRBP1
1.26271545629057e-19	0.30787856941549	0.504	0.458	2.49891388799903e-15	c16	EMD
1.34155723144281e-19	0.119138367517821	0.91	0.853	2.65494176102532e-15	c16	CORO1A
1.49168867858568e-19	0.418126317810459	0.309	0.258	2.95205189492105e-15	c16	SERPINB9
1.74863970606433e-19	0.223543241809316	0.658	0.59	3.46055797830131e-15	c16	DDIT4
1.86909796654626e-19	0.677935264987162	0.136	0.096	3.69894487579506e-15	c16	GTPBP1
3.02302527390981e-19	0.245044620020814	0.584	0.543	5.98256701706751e-15	c16	SEPT7
6.21443723417963e-19	0.714773141902044	0.095	0.061	1.22983712864415e-14	c16	AGTPBP1
6.42830952482933e-19	0.667045575764346	0.152	0.111	1.27216245496372e-14	c16	MEF2D
6.73520273343705e-19	0.392314899090624	0.346	0.296	1.33289662094719e-14	c16	ARPC5L
7.25282218847853e-19	0.34371128457848	0.35	0.298	1.4353335110999e-14	c16	DNAJB9
8.56188435033646e-19	0.495526864072642	0.239	0.191	1.69439691293159e-14	c16	DNAJB4
1.04388872049418e-18	0.601520599557642	0.179	0.136	2.06585577785799e-14	c16	GPR132
1.14006780919916e-18	0.523806037832567	0.208	0.162	2.25619419440514e-14	c16	NUFIP2
1.30235598201263e-18	0.419960155379635	0.306	0.259	2.577362488403e-14	c16	NR1H2
1.42818961834492e-18	0.668332798467545	0.144	0.103	2.8263872547046e-14	c16	ELMSAN1
1.55448874308034e-18	0.383004159020636	0.371	0.325	3.076333222556e-14	c16	MOB4
1.63745623116275e-18	0.478155197846849	0.229	0.182	3.24052588147107e-14	c16	ELL2
1.65031369176972e-18	0.241436032632294	0.492	0.444	3.26597079601228e-14	c16	ARHGEF1
1.71156661143548e-18	0.509833309242826	0.229	0.182	3.38719032403082e-14	c16	CDKN2AIP
1.71345133892656e-18	0.510457877833497	0.263	0.218	3.39092019973567e-14	c16	RNF138
1.72728593733136e-18	1.27148181806512	0.031	0.014	3.41829886997875e-14	c16	RGMA
1.94811201774734e-18	0.48287105417694	0.313	0.263	3.85531368312198e-14	c16	INSIG1
2.12021647464685e-18	0.307286606249277	0.463	0.419	4.19590840332612e-14	c16	TAF1D
2.21537985367147e-18	0.419502915646383	0.313	0.264	4.38423673041584e-14	c16	MAPRE2
2.33252621184981e-18	0.467577537724082	0.253	0.205	4.61606937325077e-14	c16	ABHD17A
2.71432935613525e-18	0.769377895416852	0.105	0.071	5.37165779579166e-14	c16	LRMP
2.87960753970452e-18	0.696836589783104	0.135	0.096	5.69874332107525e-14	c16	ZMYND11
2.89002145038021e-18	0.918485919056086	0.064	0.037	5.71935245030243e-14	c16	PVRIG
3.43960639983606e-18	0.488898218754867	0.229	0.184	6.80698106527555e-14	c16	TRPC4AP
3.50381113160088e-18	0.818662330460118	0.111	0.076	6.93404222943814e-14	c16	PELO
4.17832991441944e-18	0.73793043460971	0.12	0.084	8.26891490063607e-14	c16	WDR47
5.81186250035542e-18	0.364505880230648	0.359	0.312	1.15016758882034e-13	c16	HBP1
6.47201313003847e-18	0.559358268558465	0.137	0.097	1.28081139843461e-13	c16	ZNF276
6.50094623811873e-18	0.414533874046117	0.304	0.257	1.2865372605237e-13	c16	SAFB2
7.25249757881762e-18	0.346506202360628	0.416	0.374	1.43526927084801e-13	c16	RHOF
8.04756920508703e-18	0.611898281927759	0.171	0.129	1.59261394568672e-13	c16	DNAJB2
8.15615538602932e-18	0.198013220739772	0.743	0.694	1.6141031508952e-13	c16	RAN
9.41142728644068e-18	0.334491352155767	0.413	0.368	1.86252145998661e-13	c16	SF3A1
1.20158021062817e-17	1.79129418452535	0.016	0.005	2.37792723683315e-13	c16	FAM222A
1.32668727211619e-17	0.623810631403428	0.15	0.11	2.62551411151794e-13	c16	MXD4
1.32948335908818e-17	0.334749119690981	0.116	0.078	2.63104756763551e-13	c16	XCL1
1.79369266655956e-17	1.00404311577472	0.04	0.02	3.54971778712137e-13	c16	GNAO1
1.81917303563222e-17	0.236909755153206	0.507	0.454	3.60014343751616e-13	c16	ARID5A
2.16729323266617e-17	0.308805632159313	0.315	0.263	4.28907330744635e-13	c16	PNP
2.40294481592975e-17	0.991082291954365	0.047	0.025	4.75542779072497e-13	c16	MXRA7
2.44734900329627e-17	0.264371917486731	0.451	0.398	4.84330367752332e-13	c16	ANXA5
3.30343593263287e-17	1.22270248018308	0.019	0.007	6.53749971068045e-13	c16	MMP23B
3.62032022619859e-17	1.27447763407842	0.027	0.012	7.16461372764701e-13	c16	ASTL
3.90606309110531e-17	0.42814784432773	0.218	0.17	7.7300988572974e-13	c16	PTMS
3.93293106735924e-17	0.559910347929209	0.227	0.185	7.78327058230393e-13	c16	DBF4
4.34720073093219e-17	0.476312002984343	0.275	0.232	8.60311024651481e-13	c16	FDX1
5.11768747333524e-17	1.58433527155506	0.017	0.006	1.01279035097304e-12	c16	PAQR6
5.82332252073045e-17	1.03083416614634	0.062	0.037	1.15243552685256e-12	c16	GNGT2
6.91896782706792e-17	0.483608991797898	0.169	0.127	1.36926373297674e-12	c16	ERO1B
7.27819451441051e-17	0.283630410118346	0.372	0.324	1.44035469440184e-12	c16	STAT4
7.82300434876817e-17	0.476251372977291	0.187	0.145	1.54817256062122e-12	c16	BRAF
7.96919045949534e-17	0.382884493686563	0.308	0.262	1.57710279193413e-12	c16	RNF166
1.04359823952265e-16	0.803633678112505	0.073	0.045	2.06528091601533e-12	c16	ENDOG
1.24785888709842e-16	0.339424898071911	0.385	0.339	2.46951273756777e-12	c16	CCND2
1.26504294782595e-16	0.589390644587539	0.181	0.141	2.50351999374755e-12	c16	KIAA1191
1.38251302322958e-16	0.227115365308401	0.528	0.477	2.73599327297134e-12	c16	GSPT1
1.58688994307375e-16	0.177989242121681	0.749	0.7	3.14045519734294e-12	c16	UBE2D3
1.9593934630064e-16	0.472827342185717	0.229	0.186	3.87763966328966e-12	c16	PRKAR2A
2.0221639923887e-16	0.729658904084676	0.105	0.073	4.00186254093725e-12	c16	TENT4B
2.37931616072405e-16	0.347918238456192	0.39	0.35	4.7086666820729e-12	c16	DHX36
2.48079755765582e-16	0.351687146800874	0.271	0.223	4.90949836660087e-12	c16	ITGAL
2.58104154438331e-16	0.297814840834897	0.395	0.35	5.10788121633457e-12	c16	CCNH
2.77279904010149e-16	0.90422134541552	0.06	0.036	5.48736930036084e-12	c16	SIK1
2.86752164867811e-16	0.206152853651441	0.665	0.625	5.67482534273398e-12	c16	NDUFS5
3.3862408128346e-16	0.575169613304366	0.151	0.112	6.70137056859968e-12	c16	IRF4
3.56051073831493e-16	1.15326445696133	0.024	0.01	7.04625075112524e-12	c16	TLR3
3.66191553778129e-16	0.619474304871039	0.108	0.075	7.24693084926917e-12	c16	SIK2
3.83330648677505e-16	0.44709500407604	0.264	0.22	7.58611353732782e-12	c16	GRK6
3.9109786353139e-16	0.245894714574631	0.451	0.406	7.7398267192862e-12	c16	SH3KBP1
4.29896601035526e-16	0.456223110118672	0.264	0.221	8.50765373449307e-12	c16	AZIN1
4.56723454538277e-16	0.699941233574424	0.094	0.063	9.03855716531249e-12	c16	ETS2
4.90438907755659e-16	0.822076045102402	0.071	0.045	9.70578598448449e-12	c16	ARG2
5.16120609254098e-16	0.268606894326129	0.385	0.337	1.02140268571386e-11	c16	PDE4D
5.6894348987767e-16	0.167227932855219	0.486	0.436	1.12593916646791e-11	c16	KIAA1551
5.90928259086447e-16	0.172823568840568	0.624	0.579	1.16944702473208e-11	c16	EIF4A2
6.6603128015232e-16	0.34355183131372	0.383	0.345	1.31807590342144e-11	c16	PPP2CA
7.04428966948577e-16	0.21025257430234	0.526	0.484	1.39406492559123e-11	c16	CCNL1
7.09118444400366e-16	1.41165064376951	0.02	0.008	1.40334540146832e-11	c16	ZSCAN22
9.00272805863786e-16	0.474004548145835	0.167	0.126	1.78163988280443e-11	c16	PIP4K2A
9.52743084679172e-16	0.576190386471166	0.159	0.121	1.88547856458008e-11	c16	RCE1
1.1426475968968e-15	0.217332559269495	0.617	0.579	2.26129959425877e-11	c16	HNRNPF
1.27216924263959e-15	0.933201765721863	0.074	0.047	2.51762293118375e-11	c16	CTPS1
1.30354201997638e-15	0.422276847558757	0.239	0.197	2.57970965753325e-11	c16	JOSD1
1.33755417761097e-15	0.172736236097404	0.742	0.703	2.64701971749211e-11	c16	TRIR
1.34835653803245e-15	0.474618374534846	0.196	0.152	2.66839758876623e-11	c16	GLUL
1.39116622353373e-15	0.297659784550016	0.319	0.27	2.75311795637325e-11	c16	LIME1
1.53999529538248e-15	0.253322664198221	0.435	0.391	3.04765068956193e-11	c16	FAM49B
1.86016824222584e-15	0.952364953972043	0.082	0.055	3.68127295136494e-11	c16	CENPN
1.9006112120157e-15	0.487011550880868	0.25	0.209	3.76130958857907e-11	c16	ASF1A
2.22047938915518e-15	0.596732542488201	0.188	0.15	4.3943287111381e-11	c16	LMNB1
2.45870748097844e-15	0.460228176175986	0.244	0.203	4.86578210485634e-11	c16	THUMPD1
2.56850830317137e-15	0.591371365726732	0.126	0.091	5.08307793197613e-11	c16	GCLM
2.66848552787968e-15	0.560740186980227	0.052	0.03	5.2809328596739e-11	c16	KLRC3
3.1496857124257e-15	0.607235753261454	0.184	0.147	6.23322802489046e-11	c16	KANSL2
3.30746738078793e-15	0.411087411329282	0.214	0.171	6.54547794657931e-11	c16	NMRK1
3.55285050822352e-15	0.599158470656144	0.145	0.109	7.03109115577434e-11	c16	RAP2C
3.78706330856395e-15	0.313408837278032	0.3	0.254	7.49459828764805e-11	c16	CHMP1B
4.17970315543876e-15	0.496496266858064	0.152	0.114	8.2716325446133e-11	c16	TSC22D2
4.65758740465667e-15	0.284297874339934	0.411	0.372	9.21736547381555e-11	c16	BCLAF1
5.14809980553734e-15	0.485356925858477	0.171	0.132	1.01880895151584e-10	c16	ABHD5
6.43357373690023e-15	0.460226444048744	0.205	0.165	1.27320424253255e-10	c16	LUC7L
6.92946128558236e-15	0.611513345258894	0.154	0.118	1.37134038841675e-10	c16	UAP1
7.91998402556284e-15	0.212978383224849	0.409	0.362	1.56736483865889e-10	c16	PTPN22
8.47172410761979e-15	0.561001920616277	0.177	0.139	1.67655420089796e-10	c16	TLE3
8.57747247531427e-15	0.53735207561473	0.19	0.15	1.69748180286469e-10	c16	TNFSF14
8.91976616232637e-15	0.333794339606645	0.219	0.174	1.76522172352439e-10	c16	BTN3A1
9.12906819599117e-15	0.231209186501665	0.524	0.483	1.80664259598665e-10	c16	LBH
1.38056767990588e-14	0.682065013849996	0.089	0.06	2.73214343853374e-10	c16	TRIM39
1.51656442578531e-14	0.356630710458027	0.346	0.307	3.00128099862913e-10	c16	ATF4
1.58493989995395e-14	1.03607329972735	0.048	0.028	3.13659606200886e-10	c16	PWP2
1.88162158486761e-14	0.373874395967867	0.383	0.35	3.72372911645299e-10	c16	RAB5IF
1.892725313545e-14	0.550947040029883	0.111	0.079	3.74570339550555e-10	c16	TTC39B
1.92212775473115e-14	0.613693534132952	0.172	0.136	3.80389082661295e-10	c16	TRIM26
2.00227415734992e-14	0.504621483441662	0.157	0.12	3.9625005573955e-10	c16	ZNF10
2.09620729709628e-14	0.24749794523835	0.376	0.33	4.14839424095355e-10	c16	BTN3A2
2.12208629786812e-14	0.443987535265731	0.186	0.147	4.199608783481e-10	c16	P2RY8
2.21546570972879e-14	0.646814183635825	0.088	0.059	4.38440663955328e-10	c16	RHBDF2
2.25484125530743e-14	0.423029627281371	0.241	0.201	4.4623308442534e-10	c16	PLEKHA2
2.30756913535007e-14	0.451222077032615	0.253	0.215	4.56667931885779e-10	c16	MAP2K3
2.61399301355409e-14	0.700935531192183	0.134	0.101	5.17309217382355e-10	c16	TM9SF1
2.65713568618251e-14	0.431475705483636	0.207	0.166	5.25847152295519e-10	c16	UBL3
2.73766769945834e-14	0.459090432614669	0.244	0.206	5.41784437722805e-10	c16	CNPPD1
2.82519240687769e-14	0.217280445484714	0.493	0.451	5.59105577321095e-10	c16	ZC3HAV1
3.08527931117714e-14	0.31148579903561	0.394	0.356	6.10576775681956e-10	c16	MRFAP1
3.25039061489336e-14	0.289840685490339	0.46	0.426	6.43252302687396e-10	c16	CCT3
3.29338404803862e-14	0.562858327793964	0.188	0.152	6.51760703106843e-10	c16	NFKBIB
3.58767960537297e-14	0.368723330263023	0.247	0.205	7.10001793903311e-10	c16	MAPK1
3.90315816832595e-14	0.375456750832591	0.299	0.263	7.72435001511706e-10	c16	NGDN
4.63225547689935e-14	0.161461364332943	0.371	0.318	9.16723358878381e-10	c16	PARP8
4.81872128110662e-14	0.438946524523283	0.261	0.224	9.53624941531e-10	c16	GRPEL1
6.75521809415642e-14	0.417890891012316	0.202	0.163	1.33685766083356e-09	c16	INTS6
7.85900063771772e-14	0.464704569560103	0.204	0.165	1.55529622620434e-09	c16	NEK7
8.50886430541907e-14	0.780824558025406	0.096	0.068	1.68390424604243e-09	c16	KMT5C
9.40286957689305e-14	1.25822442380334	0.023	0.01	1.86082788926714e-09	c16	SETBP1
9.72036924222356e-14	0.69946415386652	0.133	0.101	1.92366107303604e-09	c16	BOLA2-SMG1P6
1.04643937472761e-13	0.363765518401173	0.259	0.217	2.07090352258594e-09	c16	KDM6B
1.12902902836721e-13	0.970660661655279	0.034	0.018	2.23434844713871e-09	c16	MYO6
1.17674909177368e-13	0.246393194225952	0.408	0.366	2.32878645262011e-09	c16	CLK1
1.19598562490676e-13	0.367906474639726	0.247	0.207	2.36685555169047e-09	c16	SETD2
1.3532138793391e-13	0.650374037495709	0.084	0.057	2.67801026721208e-09	c16	DZIP3
1.36376217000193e-13	0.163570831449433	0.658	0.618	2.69888533443383e-09	c16	MYH9
1.49198557787082e-13	0.491120764584645	0.155	0.119	2.95263945860634e-09	c16	NCOA2
1.53589724458719e-13	1.05876920265829	0.043	0.024	3.03954064703804e-09	c16	CHAC1
1.86532621174112e-13	0.561870631859039	0.176	0.14	3.69148057303567e-09	c16	GCH1
2.12055825791836e-13	0.363095804635832	0.319	0.285	4.19658479242043e-09	c16	RHEB
2.40806926061937e-13	0.298861591323087	0.364	0.329	4.76556906676574e-09	c16	SF3A2
2.52096366236719e-13	0.30866233294222	0.365	0.328	4.98898708782466e-09	c16	PTPN7
2.67682711180173e-13	0.518715054904852	0.181	0.146	5.29744085425562e-09	c16	TFIP11
2.89568406774993e-13	0.295154087237516	0.343	0.303	5.7305587700771e-09	c16	PPP1R10
3.29011034891061e-13	1.00872788266642	0.04	0.023	6.51112838049409e-09	c16	RASGEF1A
3.30804131887234e-13	0.592622068297935	0.074	0.049	6.54661377004837e-09	c16	MAP2K6
4.11513644769485e-13	0.330344916002905	0.342	0.307	8.1438550299881e-09	c16	PAFAH1B1
4.17355728827484e-13	0.394581844292943	0.225	0.185	8.25946987349592e-09	c16	FAM102A
4.29527912741271e-13	0.375057423280801	0.305	0.27	8.50035739314975e-09	c16	RPP21
4.37743983114627e-13	0.528985953257611	0.141	0.107	8.66295342583848e-09	c16	APOBEC3H
5.89910846554287e-13	0.464211037759819	0.165	0.129	1.16743356533093e-08	c16	GLA
5.90801008170735e-13	1.07297646138877	0.038	0.021	1.16919519516988e-08	c16	KLHL25
6.76437275005242e-13	0.252476864501697	0.45	0.417	1.33866936723537e-08	c16	HSPA9
8.14246227488745e-13	0.369039304994558	0.288	0.251	1.61139328420023e-08	c16	BTG3
9.15777329177385e-13	0.473543786320302	0.217	0.183	1.81232333444205e-08	c16	DCTN6
9.33263982181896e-13	0.433811973519531	0.085	0.058	1.84692942073797e-08	c16	FCRL3
9.35977843257269e-13	0.298793935636188	0.207	0.168	1.85230015180614e-08	c16	CD83
9.3813246570157e-13	0.690212726630109	0.108	0.079	1.85656414962341e-08	c16	SPSB1
1.13806184585663e-12	0.628165845304003	0.116	0.086	2.25222439295026e-08	c16	SESN2
1.30855679845423e-12	0.627754511033113	0.05	0.03	2.58963390414091e-08	c16	TPRG1
1.30905023846342e-12	0.599938441181645	0.103	0.075	2.59061042191911e-08	c16	KLHDC4
1.46385090833129e-12	0.661090175991605	0.112	0.083	2.89696094758762e-08	c16	ATP6V1A
1.47891257239903e-12	0.139657515733992	0.767	0.733	2.92676798077768e-08	c16	CNBP
1.92898111929175e-12	0.51982943048536	0.177	0.143	3.81745363507837e-08	c16	TOB2
1.93133294888393e-12	0.320281364135821	0.253	0.214	3.8221079058413e-08	c16	B4GALT1
2.15763033539456e-12	1.01696751439037	0.033	0.018	4.26995043374584e-08	c16	IL15
2.37286978977089e-12	0.31066883576819	0.21	0.171	4.69590931395659e-08	c16	AC116366.3
2.48747768665251e-12	0.175785640737632	0.918	0.895	4.92271834188532e-08	c16	VIM
2.95862031961227e-12	0.4627018916494	0.231	0.196	5.85510961251268e-08	c16	MGAT1
3.03522520867445e-12	0.522835311187824	0.168	0.134	6.00671068796673e-08	c16	SLC10A3
3.04135723735055e-12	0.573841574736136	0.147	0.115	6.01884597271673e-08	c16	NAF1
3.7919032452272e-12	1.06309401692716	0.031	0.017	7.50417652230463e-08	c16	FP565260.1
4.27180901787937e-12	0.573749982806824	0.143	0.112	8.45391004638328e-08	c16	CYSTM1
4.41458369135472e-12	0.538895535756547	0.17	0.137	8.73646112519099e-08	c16	CYTH2
4.76595324872645e-12	0.438122594230479	0.196	0.161	9.43182147922965e-08	c16	SNRK
5.05053636262362e-12	0.642541514276077	0.063	0.041	9.99501146163214e-08	c16	SNTB1
5.29969428219035e-12	0.805915547786667	0.06	0.039	1.04880949844547e-07	c16	ACTR5
5.99873958647195e-12	0.65495714035026	0.088	0.062	1.1871505641628e-07	c16	MEPCE
7.18971440490212e-12	0.360046603888961	0.205	0.169	1.42284448073013e-07	c16	ABCG1
7.47042810807612e-12	0.435018724658783	0.211	0.176	1.47839772258826e-07	c16	MT1F
1.10619014307981e-11	0.209070961017657	0.42	0.382	2.18915029315494e-07	c16	OPTN
1.40987057109097e-11	0.249155401044032	0.379	0.343	2.79013386018902e-07	c16	CDC42SE1
1.4149638501894e-11	0.28257386053949	0.197	0.159	2.80021345952482e-07	c16	LY9
1.48040972408105e-11	0.207416507529224	0.517	0.488	2.9297308439564e-07	c16	ARHGDIA
1.72025526845813e-11	0.674756855924546	0.077	0.053	3.40438517627863e-07	c16	TENT5A
1.8384470840452e-11	0.376624399128074	0.241	0.208	3.63828677932544e-07	c16	CWC25
1.90709734642975e-11	0.725256408628185	0.066	0.044	3.77414564858447e-07	c16	SIK1B
1.96223587513158e-11	0.716882342401089	0.076	0.053	3.8832647968854e-07	c16	BICD1
2.19685734215847e-11	0.4468385369361	0.224	0.191	4.34758068013162e-07	c16	NUDT4
2.3737763799215e-11	0.428258002542558	0.206	0.173	4.69770345586465e-07	c16	MKNK2
2.4785010521421e-11	0.249094198726074	0.452	0.426	4.90495358218922e-07	c16	CCT6A
2.53735750938573e-11	1.16332261173262	0.026	0.014	5.02143051107435e-07	c16	CHST10
2.58378339926881e-11	0.255627716660701	0.345	0.31	5.11330734715298e-07	c16	RASAL3
2.61275372308389e-11	0.353091652658671	0.249	0.214	5.17063961798303e-07	c16	RNF139
2.6787771390038e-11	0.676625774753528	0.077	0.053	5.30129995808853e-07	c16	AFAP1
2.70420185656329e-11	0.25863475599281	0.401	0.371	5.35161547413874e-07	c16	ENSA
2.73565542656370e-11	0.168685288156865	0.707	0.665	5.41386208916957e-07	c16	SLC25A3
2.98916098624267e-11	0.314976912147948	0.282	0.249	5.91554959177425e-07	c16	NUP98
3.06409230409794e-11	0.397247934538068	0.261	0.23	6.06383866980982e-07	c16	MORF4L2
3.39575774488115e-11	0.568386516776826	0.065	0.044	6.7202045771198e-07	c16	ARHGAP35
4.81673801781024e-11	0.4928896206084	0.16	0.129	9.53232453724647e-07	c16	MPZL3
5.28440070034303e-11	0.495395301552436	0.22	0.19	1.04578289859789e-06	c16	PRELID3B
5.83886305948809e-11	0.252719560691414	0.435	0.408	1.15551099947269e-06	c16	TRA2B
5.99389166642531e-11	0.318497398273147	0.318	0.285	1.18619116078557e-06	c16	HSPA4
6.8252069304686e-11	0.37476784571858	0.263	0.231	1.35070845153974e-06	c16	EIF4A1
6.82557573147648e-11	0.142238385301784	0.666	0.636	1.3507814372592e-06	c16	HNRNPDL
7.08763469752919e-11	0.209211500717018	0.444	0.417	1.40264290664103e-06	c16	WTAP
7.27775464294918e-11	1.08140066716246	0.029	0.016	1.44026764383964e-06	c16	CCDC157
7.44843455225323e-11	0.277583256185716	0.4	0.376	1.47404519789091e-06	c16	PAPOLA
7.52405989513786e-11	0.369359223866929	0.303	0.274	1.48901145324778e-06	c16	TMF1
8.0213919236e-11	0.427047611317123	0.218	0.185	1.58743346168044e-06	c16	RARA
8.1435401649617e-11	0.745548760423514	0.029	0.016	1.61160659864592e-06	c16	COLGALT2
9.36261884703929e-11	0.322877962780889	0.252	0.217	1.85286226982908e-06	c16	STT3B
9.37869113821501e-11	0.441744217559831	0.191	0.159	1.85604297625275e-06	c16	MAZ
9.75011385088115e-11	0.749294031099619	0.037	0.022	1.92954753108938e-06	c16	TSPOAP1
1.00174183079167e-10	0.228778294731505	0.375	0.343	1.98244708313671e-06	c16	PRKCH
1.08204105888496e-10	0.171001700419338	0.589	0.559	2.14135925553333e-06	c16	TMEM50A
1.27054414880873e-10	0.502741625661191	0.172	0.141	2.51440687049247e-06	c16	NCBP3
1.28134453510424e-10	0.653019210533768	0.08	0.057	2.5357808349713e-06	c16	E2F3
1.43451303741809e-10	1.38072260890382	0.013	0.005	2.8389013010504e-06	c16	NGFR
1.50338777713046e-10	0.464319221774059	0.142	0.112	2.97520441094118e-06	c16	OTULINL
1.54314919756395e-10	0.124004407630873	0.912	0.865	3.05389226197906e-06	c16	NPM1
1.55686671556458e-10	0.524677857211124	0.187	0.158	3.0810392301023e-06	c16	HDGF
1.70434043551558e-10	0.213146301656351	0.464	0.438	3.37288972188533e-06	c16	TECR
1.83180990848319e-10	1.39300268965567	0.012	0.005	3.62515180888824e-06	c16	DLX2
1.95530762738406e-10	0.630630512064549	0.112	0.086	3.86955379459306e-06	c16	SLC25A33
2.06340625615522e-10	0.451390638900448	0.195	0.164	4.08348098093118e-06	c16	CDC37L1
2.36903416136386e-10	0.513514359437271	0.147	0.118	4.68831860533908e-06	c16	RMND5A
2.3718796225941e-10	0.616576955503205	0.098	0.073	4.69394977311372e-06	c16	BLVRB
2.76915430786879e-10	0.615323259122741	0.094	0.069	5.48015637527234e-06	c16	PRR7
2.80492248012525e-10	0.918411304123247	0.033	0.019	5.55094158816787e-06	c16	CASZ1
2.93474089272051e-10	0.674396741647904	0.068	0.047	5.8078522266939e-06	c16	ASAP1
3.21460055864169e-10	0.325825588287924	0.285	0.248	6.3616945055519e-06	c16	PDCD1
4.47889970693977e-10	0.422125648719543	0.227	0.199	8.8637425200338e-06	c16	ZNF622
4.66257454389378e-10	0.426183017908557	0.21	0.18	9.22723502236579e-06	c16	NRBF2
4.78526900301799e-10	0.441007672005577	0.156	0.125	9.4700473569726e-06	c16	RHOB
4.81090117404216e-10	0.455325466564172	0.155	0.125	9.52077342342944e-06	c16	DYNLL2
4.88144351387041e-10	0.327928120603592	0.257	0.225	9.66037671394955e-06	c16	HSPB11
4.88257020700308e-10	1.07619068402805	0.014	0.006	9.6626064396591e-06	c16	PTPRF
5.11035979728604e-10	0.328528318557506	0.316	0.288	1.01134020388291e-05	c16	CASP4
5.38648581539739e-10	0.533058318757968	0.104	0.079	1.06598554286714e-05	c16	STRBP
5.49408290866411e-10	0.251654640965932	0.362	0.333	1.08727900762463e-05	c16	MOB1A
5.5026229165712e-10	0.528780532974975	0.103	0.078	1.08896907518944e-05	c16	SLC35E1
5.61815729125686e-10	0.191411348208846	0.565	0.54	1.11183332793973e-05	c16	SNU13
6.10073984189607e-10	0.322616434138557	0.307	0.279	1.20733641471123e-05	c16	CCDC12
6.74429226071368e-10	0.178872381130607	0.528	0.499	1.33469543839524e-05	c16	ARF6
7.20356405603947e-10	0.519933518978401	0.096	0.071	1.42558532669021e-05	c16	GPR18
7.43875072020628e-10	0.416718073650264	0.187	0.157	1.47212876752882e-05	c16	ZFAND2B
8.19061291803454e-10	0.63002545184531	0.082	0.06	1.62092229647904e-05	c16	RAB11FIP4
9.16178057623552e-10	0.634784862296651	0.084	0.061	1.81311637603701e-05	c16	DYRK1B
9.19845950239706e-10	0.366970763556529	0.218	0.187	1.82037513552438e-05	c16	RASGRP1
9.29291913796005e-10	0.407379261510493	0.211	0.181	1.83906869740229e-05	c16	PRKX
9.41238396119456e-10	0.439165183782343	0.174	0.144	1.8627107859204e-05	c16	JADE2
1.03224110342083e-09	0.519458685954831	0.158	0.13	2.04280514366982e-05	c16	PPM1D
1.03923334636507e-09	0.151444525805809	0.408	0.374	2.05664279245647e-05	c16	PPP2R5C
1.09312961779576e-09	0.214235087232488	0.278	0.243	2.16330351361782e-05	c16	UTRN
1.09597891647242e-09	0.653706686679542	0.033	0.019	2.16894227569893e-05	c16	CHN2
1.24185519689952e-09	0.765881697705144	0.047	0.031	2.45763143466415e-05	c16	CENPV
1.28324556455802e-09	0.420721387440117	0.226	0.198	2.53954297226031e-05	c16	MED30
1.3417077156218e-09	0.377526244933962	0.243	0.215	2.65523956921553e-05	c16	ZFAND6
1.38476366616845e-09	0.234234837697756	0.35	0.319	2.74044729534736e-05	c16	ITSN2
1.40755251377239e-09	0.376679975421435	0.225	0.195	2.78554642475557e-05	c16	RNF168
1.43981875490948e-09	0.344869821016132	0.242	0.211	2.84940131596586e-05	c16	OGFR
1.45599100948339e-09	0.699011079688989	0.05	0.033	2.88140620776763e-05	c16	PLCXD2
1.55033800593014e-09	0.542428804192288	0.111	0.085	3.06811891373574e-05	c16	TSEN34
1.60324842613348e-09	0.353767920626276	0.194	0.163	3.17282863531815e-05	c16	TPST2
1.62293402941976e-09	0.40670333993464	0.215	0.186	3.21178644422171e-05	c16	TRIM28
1.67190459767928e-09	0.532418346738784	0.108	0.083	3.3086991988073e-05	c16	DNAJA4
1.73399843266726e-09	0.2419453479372	0.331	0.3	3.4315828982485e-05	c16	SYNRG
1.7596952949909e-09	0.312634116728898	0.274	0.244	3.48243698878699e-05	c16	ALG13
1.78553511433725e-09	0.455703592817381	0.209	0.183	3.53357399127342e-05	c16	TMEM70
1.83392552426659e-09	0.343954897283212	0.268	0.241	3.62933861252358e-05	c16	WAC
1.83606105775979e-09	0.385540766476176	0.251	0.223	3.63356483330662e-05	c16	PAF1
1.83677656088225e-09	0.70979296764629	0.051	0.033	3.63498081398598e-05	c16	KIAA0513
2.06198842552995e-09	0.310467733730292	0.297	0.269	4.08067509412377e-05	c16	CNOT2
2.08231963172858e-09	0.520946774329932	0.166	0.139	4.12091055119086e-05	c16	HAUS3
2.12095902911582e-09	0.478991666532641	0.088	0.065	4.19737791862021e-05	c16	CLIP4
2.2346959678085e-09	0.185484629805347	0.516	0.488	4.42246332029301e-05	c16	ARID4B
2.27678613034903e-09	0.74452877305197	0.057	0.039	4.50575975196073e-05	c16	ING2
2.45940975753793e-09	0.121819765786583	0.551	0.528	4.86717191016756e-05	c16	PDIA3
2.76771260841516e-09	0.863497030468313	0.045	0.029	5.4773032520536e-05	c16	PWWP2B
3.15020476885788e-09	0.354854579017241	0.203	0.172	6.23425523756974e-05	c16	ARIH1
3.1879064778276e-09	0.825870784016218	0.029	0.017	6.30886691962082e-05	c16	METRN
3.19126746057608e-09	0.244324602960519	0.379	0.353	6.31551830448005e-05	c16	CHD1
4.00769709852511e-09	0.178949979947261	0.479	0.455	7.93123255798119e-05	c16	SRSF9
4.64168229447549e-09	0.173963840950442	0.562	0.54	9.18588926076699e-05	c16	HNRNPA0
5.14184757637344e-09	0.492711373574459	0.154	0.127	0.00010175716353643	c16	EGLN2
5.30430689108152e-09	0.343310947053837	0.176	0.147	0.000104972233374503	c16	SLC20A1
5.55836293170077e-09	0.244517644662272	0.337	0.307	0.000110000002418358	c16	PLK3
5.60273588699768e-09	0.424100442899915	0.053	0.035	0.000110878143203684	c16	MVB12B
6.19177994480949e-09	0.611979314087191	0.09	0.068	0.00012253532510778	c16	ZBTB21
6.43415111844869e-09	0.54977716325617	0.099	0.076	0.0001273318506341	c16	ZDHHC7
7.37578574580425e-09	0.495743092784321	0.126	0.1	0.000145966799909466	c16	TRAPPC2B
8.4923251048658e-09	0.806598892516187	0.037	0.023	0.000168063113825294	c16	SEMA7A
9.0732170213326e-09	0.335201770375502	0.216	0.187	0.000179558964852172	c16	POM121C
9.65875560738576e-09	0.427122594919877	0.094	0.071	0.000191146773470164	c16	SIDT1
1.00056015022261e-08	0.378520219125345	0.153	0.125	0.000198010853729054	c16	HEXIM1
1.00822819963074e-08	1.12904353729156	0.013	0.006	0.000199528360706924	c16	ZNF532
1.0476551135333e-08	0.828499505758752	0.024	0.014	0.000207330946968239	c16	HLA-DQA2
1.07033463899125e-08	0.51884039804471	0.086	0.064	0.000211819225056368	c16	COQ10A
1.16906211120227e-08	0.709148620262716	0.047	0.031	0.000231357391806929	c16	ZFP82
1.21508464952156e-08	0.473581949239023	0.073	0.052	0.000240465252140317	c16	MSC
1.22532847188802e-08	0.580601292018083	0.051	0.035	0.00024249250458664	c16	PIK3R3
1.27666436028742e-08	0.349422272806983	0.243	0.216	0.00025265187690088	c16	DR1
1.64551497752767e-08	0.177379286054374	0.315	0.282	0.000325647414052727	c16	CDC42EP3
1.80242910733559e-08	0.233044269089816	0.389	0.367	0.000356700720341713	c16	CD5
1.83257644794169e-08	0.35866904381697	0.265	0.238	0.00036266687904766	c16	ARL4A
1.93831859575671e-08	0.139375382232436	0.474	0.447	0.000383593250100253	c16	WSB1
1.96146847859131e-08	0.397244160473589	0.214	0.188	0.000388174611913221	c16	SRM
2.03149776459957e-08	0.338318923743446	0.262	0.237	0.000402033407614255	c16	FAM133B
2.17642285212902e-08	0.30517799780964	0.249	0.221	0.000430714082436333	c16	PER1
2.19327047854964e-08	0.174299925977264	0.412	0.386	0.000434048227704974	c16	GCC2
2.22310889352241e-08	0.486187567007039	0.109	0.085	0.000439953250028086	c16	ERGIC1
2.26095536337682e-08	0.503773099573015	0.081	0.06	0.000447443066412272	c16	POLH
2.2840618556368e-08	0.214366064880214	0.357	0.329	0.000452015841230523	c16	MTHFD2
2.41777193887379e-08	0.503848535288146	0.076	0.056	0.000478477066703124	c16	USF3
2.42423889065717e-08	0.859420267623332	0.033	0.02	0.000479756876461054	c16	TOGARAM2
2.59849295692513e-08	0.350865631767178	0.218	0.191	0.000514241756175483	c16	LYSMD2
2.60830844845986e-08	0.404363426999352	0.233	0.206	0.000516184241950206	c16	NXT1
2.94242940621862e-08	0.42014277336168	0.139	0.114	0.000582306779490665	c16	KDM2B
3.23398973564889e-08	0.607471607316256	0.076	0.056	0.000640006568684915	c16	SIRT1
3.40729038111191e-08	1.31384481872943	0.01	0.004	0.000674302766422047	c16	FGF22
3.56256234720549e-08	0.153645230190529	0.405	0.378	0.000705031088511967	c16	SUN2
3.59834079751539e-08	0.327227437800734	0.149	0.122	0.000712111643828297	c16	MAN2A1
3.72618725257163e-08	1.08039829439766	0.012	0.005	0.000737412457283926	c16	ADAMTS4
3.85862758824478e-08	0.259818656673979	0.312	0.286	0.000763622399713643	c16	TACC1
3.87143072465552e-08	0.490384997865839	0.088	0.067	0.000766156140409328	c16	ATG2A
3.90757777591701e-08	0.177277304139858	0.401	0.375	0.000773309641853977	c16	CHD2
4.04495961855907e-08	0.304923861323933	0.27	0.245	0.00080049750851284	c16	DNM2
4.2121691469115e-08	0.463703241393186	0.143	0.118	0.000833588274173786	c16	EIF1AY
4.32681297611517e-08	0.982230492509635	0.015	0.007	0.000856276287973193	c16	TCF7L2
4.3609943378254e-08	0.557668101923618	0.073	0.054	0.000863040779455647	c16	CYTH3
4.41512000180825e-08	0.397074064141063	0.164	0.139	0.000873752248357852	c16	OTULIN
5.26882393608525e-08	0.223498272400996	0.36	0.336	0.00104270025695127	c16	SIGIRR
5.54647323960445e-08	0.676734283554532	0.024	0.014	0.00109764705411772	c16	KLRC4
5.64795403026905e-08	0.320510697596816	0.154	0.127	0.00111773010259025	c16	BTN3A3
6.12381033763353e-08	0.231855362693216	0.451	0.433	0.00121190206581768	c16	DDX3X
6.54321132973036e-08	0.453774843565133	0.189	0.165	0.00129490152215364	c16	RIC8A
6.68345843274933e-08	0.485465382219774	0.11	0.087	0.00132265642384109	c16	CYP51A1
6.84419518143793e-08	0.280699551338376	0.32	0.297	0.00135446622640657	c16	PTBP1
8.22598455042444e-08	0.383624525661288	0.16	0.135	0.001627922342529	c16	MACO1
8.32580570376814e-08	0.486129240298113	0.153	0.129	0.00164767694877572	c16	NEPRO
9.83776718688214e-08	0.123414728204257	0.636	0.613	0.00194689412628398	c16	KMT2E
1.00036833267638e-07	0.3916396231378	0.195	0.171	0.00197972893036655	c16	SAR1A
1.02811169351359e-07	0.241245128298456	0.302	0.276	0.00203463304146339	c16	DENND2D
1.06493862423412e-07	0.433449117313837	0.12	0.097	0.00210751353735931	c16	KIF21B
1.08957574693417e-07	0.447019400245155	0.148	0.124	0.00215627040318271	c16	TMEM170A
1.13335500544831e-07	0.579898647002409	0.086	0.066	0.0022429095557822	c16	SERTAD2
1.1553650697686e-07	0.376306498267626	0.236	0.214	0.00228646747307206	c16	RBM42
1.26571417816803e-07	0.511288965135678	0.079	0.06	0.00250484835859453	c16	SHISAL2A
1.2661572824895e-07	0.445690016319014	0.084	0.064	0.00250572526204672	c16	BCL9L
1.27063452367077e-07	0.438716628111149	0.18	0.157	0.00251458572234446	c16	NDEL1
1.29877137034732e-07	0.171313042741488	0.435	0.411	0.00257026854191735	c16	SLC3A2
1.35955776530924e-07	0.588209441628125	0.057	0.041	0.00269056481754699	c16	PLEKHA5
1.44875358079942e-07	0.179258849099972	0.412	0.39	0.00286708333640205	c16	TCF25
1.56565481519505e-07	0.418013286516684	0.167	0.143	0.003098430879271	c16	CLK3
1.57601536165794e-07	0.299751452403574	0.17	0.144	0.00311893440072107	c16	KANSL1
1.57610614393359e-07	1.06334103158594	0.015	0.008	0.00311911405884458	c16	SLC35G2
1.57781989921789e-07	0.787145573881184	0.052	0.037	0.00312250558055221	c16	RNF135
1.5906002971107e-07	0.237248777216448	0.382	0.363	0.00314779798798208	c16	ADRM1
1.78570846373759e-07	0.550883697068925	0.02	0.011	0.00353391704973669	c16	GAS7
1.79950647998206e-07	0.412842191242051	0.057	0.041	0.0035612233238845	c16	GFOD1
1.93856795557997e-07	0.320201127946242	0.219	0.193	0.00383642598409275	c16	VAMP2
2.01784217976596e-07	0.514675027340283	0.057	0.04	0.00399330967375684	c16	LLGL2
2.08641803324063e-07	0.428816530211326	0.177	0.153	0.0041290212877832	c16	TBPL1
2.12680628141551e-07	1.2408885773007	0.014	0.007	0.0042089496309213	c16	F12
2.17475915432331e-07	0.246770230376669	0.359	0.341	0.00430384836640584	c16	ELOC
2.26438495932165e-07	0.581154684066629	0.065	0.048	0.00448121783449755	c16	APOBEC3D
2.30953703737963e-07	0.723587348504284	0.028	0.017	0.00457057379697428	c16	ZNF703
2.40903545062e-07	0.179496391657426	0.353	0.325	0.00476748115677699	c16	IQGAP2
2.42512296556249e-07	0.325239048690651	0.25	0.225	0.00479931834884818	c16	GALM
2.43672905465514e-07	0.225150773419889	0.364	0.344	0.00482228679916253	c16	RBM4
2.51223931186142e-07	0.207687962516858	0.342	0.316	0.00497172159817376	c16	MCUB
2.55706385690892e-07	0.621288658497692	0.041	0.027	0.00506042937282275	c16	OSBPL7
3.34036089146472e-07	0.469746550918299	0.086	0.066	0.00661057420420868	c16	ZHX2
3.45803325322332e-07	0.84184895409154	0.012	0.006	0.00684344780812896	c16	EGR4
3.46386559702751e-07	0.46265160862405	0.112	0.091	0.00685499001651745	c16	LYSMD3
3.67258961348185e-07	0.446425243301562	0.12	0.098	0.00726805484508058	c16	ELL
3.88645421168546e-07	0.562267322548296	0.065	0.048	0.00769129288492553	c16	ZNF260
3.95408561570938e-07	0.322546866656298	0.212	0.188	0.00782513543348887	c16	FAM13B
4.06655309545851e-07	0.757931928178685	0.061	0.044	0.00804770857591238	c16	OSM
4.16535076277852e-07	0.508749289978508	0.069	0.051	0.0082432291595387	c16	ERRFI1
4.28047882712522e-07	0.359161165654504	0.204	0.18	0.00847106759888082	c16	DCP1A
4.30509278959605e-07	0.573212784114505	0.069	0.051	0.00851977863061059	c16	STK39
4.43507223313279e-07	0.123221460439024	0.478	0.456	0.00877700794936979	c16	GNAS
4.47036869589054e-07	0.194510456121913	0.304	0.275	0.00884685964916737	c16	GPR65
4.54146113553562e-07	1.18850945242197	0.012	0.005	0.00898755158722499	c16	LANCL3
4.68942411998304e-07	0.200156464007767	0.2	0.173	0.00928037033344645	c16	GPR174
4.75450153146989e-07	0.100936687159281	0.556	0.53	0.00940915853077892	c16	AKAP13
4.75937525263755e-07	0.176025235828423	0.441	0.42	0.00941880362496972	c16	BUB3
5.05976925309033e-07	0.416522028789766	0.198	0.175	0.0100132833518658	c16	NUDT16L1
5.15264630469188e-07	0.317158335600471	0.167	0.142	0.0101970870369852	c16	RASA3
5.21109782309528e-07	0.243573195138999	0.333	0.315	0.0103127625919056	c16	ENY2
5.49467824419654e-07	0.509282434929684	0.134	0.112	0.010873968245265	c16	PTS
5.54064153338884e-07	0.10325110154663	0.761	0.737	0.0109649295945765	c16	SKP1
5.56324720344107e-07	0.957333612067572	0.015	0.008	0.0110096662156099	c16	KCNQ5
5.57056974519864e-07	0.485332301447546	0.108	0.087	0.0110241575257481	c16	MIB2
5.7575270821863e-07	0.239760966359493	0.084	0.065	0.0113941460956467	c16	CENPF
5.86208608655017e-07	0.222423790546462	0.42	0.404	0.0116010683652828	c16	C9orf78
6.05679895525866e-07	0.356858788205713	0.219	0.197	0.0119864051324569	c16	RAB1A
6.4940111813403e-07	0.323080700516758	0.119	0.096	0.0128516481278725	c16	KLF12
6.59272494980279e-07	0.495145292557121	0.103	0.083	0.0130470026756597	c16	RNF40
6.73943737908056e-07	0.477423201122621	0.123	0.102	0.0133373465732004	c16	ADA
6.82422598752008e-07	0.153990931415157	0.49	0.47	0.0135051432293022	c16	SEPT9
7.19818848934418e-07	0.603956917289087	0.048	0.034	0.0142452150204121	c16	RASL11A
7.27659380948584e-07	1.2557379873412	0.01	0.004	0.0144003791489725	c16	NAV2
7.35786458378078e-07	0.492034666190065	0.086	0.067	0.0145612140113022	c16	SKAP2
7.87589782326054e-07	0.506139569725313	0.053	0.038	0.0155864017922326	c16	EGR2
8.49550174183569e-07	0.53200937036261	0.119	0.098	0.0168125979470928	c16	SERPINH1
9.15157168630914e-07	0.18585398342034	0.295	0.269	0.0181109603672058	c16	SOCS3
9.5543540953571e-07	0.407593434156223	0.141	0.119	0.0189080667547117	c16	RLIM
9.55566884409399e-07	0.944783405846996	0.022	0.013	0.018910668642462	c16	AC010616.1
9.64334073983734e-07	0.430145129915687	0.089	0.07	0.0190841713241381	c16	RELL1
9.96727564441587e-07	0.753174163185162	0.032	0.021	0.019725238500299	c16	BCR
1.04172895797499e-06	0.310091438756123	0.286	0.267	0.0206158160783251	c16	NGRN
1.05535985251261e-06	0.527125544414158	0.085	0.066	0.0208855714812246	c16	ZNF574
1.07023972284736e-06	0.219914898105565	0.292	0.268	0.0211800441151493	c16	PNPLA2
1.17555961632506e-06	0.410739130487408	0.135	0.113	0.0232643248070729	c16	ZNF217
1.24926744136894e-06	0.184957201587725	0.409	0.39	0.0247230026646914	c16	PRPF38B
1.2608771054172e-06	0.387744399776941	0.039	0.026	0.0249527579162064	c16	KLRK1
1.27705370451726e-06	0.200692359933546	0.397	0.38	0.0252728928123966	c16	NUDC
1.28761628746533e-06	0.460784170249937	0.103	0.083	0.0254819263289389	c16	PGRMC2
1.36761856733906e-06	0.109426874306335	0.599	0.588	0.02706517144764	c16	RBM39
1.37586963947695e-06	0.114478777814116	0.409	0.388	0.0272284601652488	c16	SLC38A1
1.37812967916026e-06	0.289406726965261	0.24	0.218	0.0272731863505816	c16	AATF
1.43108182413727e-06	0.143583699140649	0.53	0.511	0.0283211092996765	c16	RAP1B
1.51379697370986e-06	0.545042401702992	0.05	0.035	0.0299580421097181	c16	CD300A
1.53629125448315e-06	0.283559304726469	0.294	0.275	0.0304032039262215	c16	GOLPH3
1.56052454642975e-06	0.301680702772291	0.232	0.21	0.0308827807738447	c16	ZNF644
1.57428329966051e-06	0.37407714428113	0.163	0.142	0.0311550665002815	c16	RABEP1
1.60875159502413e-06	0.32905454769142	0.056	0.04	0.0318371940655275	c16	MCTP2
1.69512467619994e-06	0.232849983106847	0.28	0.258	0.0335465173419968	c16	BDP1
1.71570675848809e-06	0.153999299345792	0.473	0.457	0.0339538367504794	c16	PAIP2
1.91918291423519e-06	0.953821591979218	0.016	0.009	0.0379806298727145	c16	YPEL4
1.92936013572125e-06	0.278932264027167	0.295	0.28	0.0381820370859235	c16	SF3B4
1.93244262731797e-06	0.341581983145829	0.22	0.199	0.0382430395946226	c16	DNAJC2
1.93997954804518e-06	0.200346959041113	0.262	0.238	0.038392195255814	c16	GOLGB1
2.00544614271447e-06	1.0072829910714	0.015	0.008	0.0396877791643193	c16	IL5RA
2.03643766578554e-06	0.167580225677489	0.442	0.425	0.0403011014058959	c16	TAX1BP1
2.04070887326528e-06	0.175507614170858	0.382	0.363	0.04038562860192	c16	PPP1R12A
2.12609663560091e-06	1.12144936412524	0.015	0.008	0.0420754524185419	c16	SH2B2
2.14976561146172e-06	0.327712469757125	0.204	0.182	0.0425438614508275	c16	CHCHD7
2.19936856798566e-06	0.255084601595488	0.287	0.267	0.0435255039604361	c16	PPP4R3A
2.22878307304988e-06	0.237624026657684	0.307	0.288	0.0441076170156571	c16	RNF114
2.23250056098096e-06	0.619950724878276	0.047	0.033	0.0441811861018131	c16	ZNF570
2.23864627737462e-06	0.684829943691354	0.029	0.018	0.0443028098292438	c16	SLC15A4
2.26486649527245e-06	0.432342304344287	0.089	0.071	0.0448217079414418	c16	BICDL1
2.31165684155863e-06	0.354287084792424	0.212	0.191	0.0457476888944452	c16	TRMT10C
2.36806318742896e-06	0.381024426561	0.167	0.146	0.046863970479219	c16	DNPEP
2.37677403652114e-06	0.388093831331088	0.162	0.142	0.0470363581827534	c16	CEBPG
2.40410344475415e-06	0.495546758741272	0.075	0.058	0.0475772071716846	c16	EPOR
2.52273610588616e-06	0.636398343881736	0.073	0.057	0.0499249475354872	c16	NUFIP1
