p_val	avg_log2FC	pct.1	pct.2	p_val_adj	cluster	gene
0	4.53580158548034	0.716	0.045	0	c23	IFIT1
0	4.55179295621838	0.692	0.051	0	c23	RSAD2
0	3.18048699051913	0.866	0.226	0	c23	MX1
0	4.58383550872481	0.674	0.046	0	c23	IFIT3
0	3.28142033409573	0.888	0.261	0	c23	IFI6
0	3.73970853561139	0.697	0.085	0	c23	IFI44L
0	3.34778874092046	0.684	0.111	0	c23	OAS1
0	3.1855175848891	0.922	0.352	0	c23	ISG15
0	4.82362484498072	0.611	0.041	0	c23	IFIT2
0	2.4696603909587	0.772	0.224	0	c23	XAF1
0	3.0010095825225	0.697	0.157	0	c23	MX2
0	2.50381687647389	0.755	0.246	0	c23	IRF7
0	3.95161253446604	0.55	0.05	0	c23	CMPK2
0	2.67968769297238	0.745	0.256	0	c23	OASL
0	2.72008104621466	0.661	0.174	0	c23	PLSCR1
0	2.51126156958003	0.67	0.189	0	c23	EIF2AK2
0	2.10175228908958	0.822	0.342	0	c23	STAT1
0	2.85395419080342	0.567	0.116	0	c23	HERC5
0	2.99986532384085	0.621	0.186	0	c23	TNFSF10
0	3.06397453442267	0.519	0.088	0	c23	IFI44
0	3.10430254214782	0.534	0.104	0	c23	DDX58
0	2.48852781879544	0.609	0.18	0	c23	GBP1
0	1.9073590698141	0.78	0.353	0	c23	TRIM22
0	1.8794482038775	0.704	0.279	0	c23	EPSTI1
0	2.33119705100486	0.613	0.198	0	c23	IFI35
0	3.33262864494359	0.473	0.068	0	c23	OAS3
0	1.75392694168971	0.772	0.372	0	c23	UBE2L6
0	2.32500247379244	0.554	0.159	0	c23	SAMD9
0	2.37491664245626	0.533	0.149	0	c23	SAMD9L
0	1.71280142840436	0.685	0.306	0	c23	SP110
0	1.64862508776823	0.812	0.434	0	c23	BST2
0	2.23779061383218	0.954	0.581	0	c23	LY6E
0	2.62356545935721	0.474	0.101	0	c23	OAS2
0	3.23678583370865	0.422	0.059	0	c23	USP18
0	1.96163759981966	0.574	0.212	0	c23	C19orf66
0	2.26617241833145	0.501	0.142	0	c23	PARP9
0	1.82283823875646	0.614	0.255	0	c23	PPM1K
0	1.60726978486267	0.701	0.346	0	c23	IFI16
0	2.52947969797257	0.46	0.114	0	c23	LGALS9
0	1.46733271170475	0.838	0.493	0	c23	DRAP1
0	2.05564131898763	0.89	0.55	0	c23	MT2A
0	3.12437078872799	0.396	0.057	0	c23	IFIT5
0	1.97479976553328	0.56	0.226	0	c23	NT5C3A
0	1.90434001091673	0.925	0.593	0	c23	ISG20
0	1.39599015782326	0.771	0.44	0	c23	SP100
0	1.57427417209846	0.661	0.332	0	c23	GIMAP4
0	1.4513206256346	0.646	0.319	0	c23	TMEM123
0	1.41911130282938	0.729	0.404	0	c23	GIMAP7
0	2.20359187958581	0.461	0.14	0	c23	NMI
0	2.57714756229284	0.4	0.088	0	c23	IFIH1
0	1.72068866434045	0.516	0.209	0	c23	LAP3
0	2.47869769879	0.398	0.093	0	c23	DDX60L
0	2.6437973873901	0.455	0.158	0	c23	IFITM3
0	1.82258187225529	0.463	0.168	0	c23	PARP14
0	2.53758203698709	0.365	0.079	0	c23	HSH2D
0	2.98374364400722	0.353	0.07	0	c23	TNFSF13B
0	1.65074688196495	0.488	0.206	0	c23	CHMP5
0	2.19249796985075	0.384	0.106	0	c23	ZBP1
0	2.05485623867406	0.379	0.113	0	c23	DTX3L
0	2.33254222768341	0.351	0.086	0	c23	DDX60
0	2.10223411704472	0.364	0.107	0	c23	PARP12
0	1.17005044573609	0.891	0.639	0	c23	S100A11
0	3.0980042177701	0.277	0.042	0	c23	RTP4
0	3.734658391721	0.249	0.025	0	c23	LAMP3
0	2.42685652812215	0.301	0.08	0	c23	PLAC8
0	2.44705168431882	0.279	0.062	0	c23	HELZ2
0	2.05975396064218	0.296	0.08	0	c23	CD40LG
0	2.29615897821847	0.284	0.076	0	c23	LGALS3BP
0	2.24711745913065	0.274	0.071	0	c23	PNPT1
0	2.48971763747565	0.254	0.054	0	c23	HERC6
0	1.39431045768843	0.963	0.767	0	c23	IFITM2
0	2.54798742722991	0.184	0.038	0	c23	AKAP2
0	2.78727401376577	0.179	0.033	0	c23	IL4I1
0	1.19564638776782	0.966	0.825	0	c23	MYL12A
0	2.06080488107367	0.995	0.88	0	c23	IFITM1
0	5.07933190477167	0.077	0.003	0	c23	TGM1
0	0.746488985653868	0.992	0.963	0	c23	TMSB10
0	0.743266786158095	0.998	0.991	0	c23	TMSB4X
1.9933177649005e-303	2.07998435600969	0.279	0.079	3.94477585673809e-299	c23	STAT2
4.6816261652918e-297	1.14671491647848	0.799	0.529	9.26493818111248e-293	c23	CD48
1.03376308865182e-293	0.938999503115244	0.896	0.691	2.04581715244196e-289	c23	PSMB9
1.19246458790388e-293	4.03561545350035	0.053	0.004	2.35988741946178e-289	c23	NEXN
2.57170870910622e-289	1.99258106270046	0.33	0.11	5.08941153532121e-285	c23	PARP10
2.42190230768334e-288	1.54713091148604	0.502	0.222	4.79294466690533e-284	c23	APOL6
4.30259509730139e-286	0.372840654542824	1	0.999	8.51483569755945e-282	c23	B2M
4.31754339016808e-271	1.17823787078108	0.765	0.488	8.54441836914263e-267	c23	ALOX5AP
1.80654196175319e-261	1.18203382845244	0.692	0.408	3.57514654230957e-257	c23	TAP1
8.31520205330416e-261	1.6279917523862	0.439	0.187	1.64557848634889e-256	c23	NUB1
2.10517755327681e-248	3.71429112183095	0.066	0.007	4.16614637793481e-244	c23	BCL2L14
1.54554413985032e-246	1.27738761799939	0.595	0.317	3.05863185276379e-242	c23	FLT3LG
1.87947803110031e-236	1.55035500440458	0.404	0.167	3.71948702354752e-232	c23	AC116366.3
2.4977922839899e-235	1.88342372788952	0.279	0.092	4.94313093001601e-231	c23	TRIM21
8.33305460127653e-234	1.7064133414351	0.333	0.124	1.64911150559263e-229	c23	PML
3.96207705837054e-229	1.00393957809679	0.762	0.507	7.84095049851531e-225	c23	RNF213
9.68987053866951e-229	2.08686052874731	0.265	0.086	1.9176253796027e-224	c23	CISH
1.31301606680526e-226	1.60123728413654	0.391	0.165	2.5984587962076e-222	c23	GBP4
4.83796980071587e-223	1.31053832050949	0.51	0.255	9.57434223561671e-219	c23	PHF11
1.78106592491487e-222	1.16020463044157	0.61	0.344	3.52472946540653e-218	c23	ADAR
5.09891048956176e-217	0.510109902552863	0.988	0.963	1.00907438588427e-212	c23	HLA-E
2.60385740926388e-216	1.23341357819154	0.552	0.293	5.15303381293322e-212	c23	SLFN5
1.41555803305154e-214	1.34197564859549	0.459	0.214	2.80138934740899e-210	c23	CAPG
1.36476359833786e-211	1.33637382515399	0.742	0.534	2.70086716111063e-207	c23	CD69
9.67775763222024e-211	2.2254298611592	0.224	0.069	1.91522823541639e-206	c23	IFI27
2.80658247772185e-209	1.19545010758355	0.61	0.355	5.55422672341155e-205	c23	TNFAIP8
8.36388945382355e-209	1.7052179859957	0.264	0.089	1.65521372291168e-204	c23	CTSL
1.37527840580115e-207	1.44563639430843	0.415	0.187	2.72167596508048e-203	c23	LYSMD2
6.11994389163961e-195	1.656007687385	0.312	0.122	1.21113689615548e-190	c23	HELB
1.0533150693621e-194	1.04962941019929	0.813	0.606	2.0845105222676e-190	c23	SAT1
1.59135147897933e-184	1.33835080468069	0.405	0.188	3.1492845769001e-180	c23	ZNFX1
3.64624667946677e-182	1.08460947986796	0.614	0.38	7.21592217866474e-178	c23	CD164
3.98900185457098e-182	1.49603237500548	0.35	0.153	7.89423467019597e-178	c23	TRIM38
1.08674212202792e-179	1.21529789030149	0.504	0.275	2.15066265949325e-175	c23	RBCK1
1.75771625342702e-179	3.81560848122156	0.064	0.009	3.47852046553208e-175	c23	CXCL10
2.59184842149236e-178	1.55436564505517	0.303	0.122	5.12926802613338e-174	c23	GIMAP2
2.97102885500515e-178	1.41077090914871	0.327	0.134	5.87966610405519e-174	c23	TRANK1
8.49788599423095e-178	0.546394674409759	0.959	0.886	1.68173163825831e-173	c23	RPS26
1.93658728982784e-173	0.872916126591566	0.723	0.479	3.8325062465693e-169	c23	TXNIP
1.57908746739852e-166	1.1530379538959	0.445	0.223	3.12501409798166e-162	c23	GIMAP1
7.23007597925545e-166	1.0688430385882	0.486	0.254	1.43083203629465e-161	c23	STOM
1.84901288845039e-165	0.797891359075589	0.771	0.557	3.65919650624333e-161	c23	PSME2
1.38421362629488e-160	2.15793566317413	0.127	0.031	2.73935876643756e-156	c23	DHX58
1.41521218490551e-160	1.25055734591109	0.373	0.173	2.80070491392801e-156	c23	CHST12
8.58191466174548e-158	1.5068003247154	0.277	0.111	1.69836091155943e-153	c23	TMEM140
2.78971119575427e-148	1.25749960138406	0.35	0.163	5.5208384563977e-144	c23	FKBP11
5.01497070550512e-148	1.18232913421577	0.399	0.201	9.92462702619464e-144	c23	TYMP
9.34081693443506e-147	1.31151072356546	0.368	0.18	1.8485476713247e-142	c23	TRADD
2.06452401221479e-146	0.299560023631043	1	0.992	4.08569302017306e-142	c23	RPL28
4.75356310196914e-144	1.41108306537897	0.293	0.128	9.40730137879693e-140	c23	MYD88
8.59574269087384e-143	1.70915934181864	0.224	0.085	1.70109747852393e-138	c23	CNP
7.0306980011289e-141	1.33092745710714	0.325	0.149	1.39137513442341e-136	c23	SPATS2L
3.33311517188397e-140	1.34372028152681	0.31	0.14	6.59623492515838e-136	c23	C1GALT1
2.49280357530768e-137	1.63362043147603	0.232	0.092	4.93325827553391e-133	c23	TRAFD1
3.39705837426967e-137	0.588650988624774	0.89	0.758	6.72277852267967e-133	c23	MYL12B
3.72427801259229e-135	0.323299365280331	0.999	0.992	7.37034618692013e-131	c23	HLA-B
3.21951545505551e-131	2.00905518317872	0.131	0.038	6.37142108555486e-127	c23	TRIM5
2.23451669891576e-130	0.678516672993602	0.851	0.697	4.42210854715429e-126	c23	CD2
5.57095838875273e-129	1.12452211154893	0.412	0.223	1.10249266513416e-124	c23	SP140
1.19640607042608e-128	0.751019890036529	0.751	0.53	2.36768761337322e-124	c23	LTB
3.64006129410456e-128	0.567108348072357	0.868	0.734	7.20368130103292e-124	c23	PSME1
9.09413249256142e-128	1.09556866286098	0.42	0.232	1.79972882027791e-123	c23	LPIN2
1.52553359445088e-127	0.900633992124094	0.584	0.382	3.0190309834183e-123	c23	SHISA5
1.14866927454547e-124	1.71120769492749	0.171	0.059	2.27321649432548e-120	c23	TRIM25
1.05499266363558e-123	1.12455657604402	0.402	0.218	2.08783048133482e-119	c23	ODF2L
3.48467416795927e-122	1.16600463190342	0.387	0.207	6.8961701783914e-118	c23	XRN1
1.5314700870433e-120	0.812842453861542	0.669	0.476	3.03077930225869e-116	c23	GNG5
5.20756153700929e-119	0.983350659485162	0.631	0.444	1.03057642817414e-114	c23	FOS
5.90875317527901e-117	2.14390469418494	0.099	0.025	1.16934225338772e-112	c23	TDRD7
6.08432204411268e-116	0.879708898656579	0.55	0.356	1.2040873325299e-111	c23	SNX6
7.0740740868896e-116	0.536285072837236	0.824	0.615	1.39995926179545e-111	c23	IL7R
7.39168880840574e-116	0.666418026530285	0.788	0.624	1.4628152151835e-111	c23	RARRES3
4.45109465671913e-115	0.853121391033921	0.612	0.422	8.80871632564715e-111	c23	C4orf3
4.10921957572928e-113	1.56368510427584	0.179	0.066	8.13214554036825e-109	c23	GBP3
9.23426563888571e-113	0.740918524843527	0.673	0.477	1.82746116993548e-108	c23	PSMB8
4.31505812097515e-112	1.40109149172962	0.259	0.117	8.53950002140982e-108	c23	TNF
1.02321824933019e-111	1.65283068491839	0.159	0.056	2.02494891542444e-107	c23	PARP11
3.9294236068783e-110	0.761079496202124	0.636	0.438	7.77632931801216e-106	c23	OCIAD2
8.48100424398797e-110	0.865683088299813	0.461	0.271	1.67839073988522e-105	c23	SAMHD1
3.19795060483553e-109	1.10578290973076	0.402	0.228	6.32874424696952e-105	c23	CASP1
6.66639434955519e-105	0.838155907116989	0.567	0.384	1.31927944177697e-100	c23	CCDC85B
6.41628029426117e-103	0.859342560251116	0.535	0.348	1.26978187023429e-98	c23	GBP5
9.62746398582741e-102	2.7433606729996	0.053	0.01	1.90527512279524e-97	c23	TREX1
4.01994653148298e-101	0.804481508231163	0.794	0.679	7.95547418580482e-97	c23	JUN
6.22686951301788e-101	1.24202511478559	0.275	0.135	1.23229747662624e-96	c23	TESPA1
6.06753657921206e-100	2.61487887302611	0.058	0.011	1.20076548902607e-95	c23	RASGRP3
2.01370369379714e-99	0.533949850118373	0.845	0.703	3.98511961002453e-95	c23	KLF6
3.58446009330316e-98	1.23718926938743	0.178	0.07	7.09364652464696e-94	c23	CCL20
1.46912525625289e-97	1.14259165903175	0.277	0.136	2.90739888212447e-93	c23	PRKD2
7.14770004939796e-96	1.14470136519116	0.262	0.125	1.41452983977586e-91	c23	GIMAP6
2.44681915036175e-95	1.35426683889079	0.206	0.09	4.8422550985659e-91	c23	ECE1
4.50969049130457e-95	1.60652041899139	0.143	0.051	8.92467748229174e-91	c23	APOL2
5.13156557173204e-95	0.536323477664616	0.791	0.584	1.01553682664577e-90	c23	ANXA1
1.4633345291012e-93	0.865095656097635	0.434	0.263	2.89593903309128e-89	c23	AQP3
3.86458756148197e-90	1.74041352982359	0.122	0.042	7.64801878417281e-86	c23	FBXO6
8.50381632506148e-89	1.06314149331256	0.297	0.156	1.68290525072967e-84	c23	N4BP1
1.13281663198382e-88	1.34007941828309	0.204	0.091	2.24184411469597e-84	c23	APOL3
8.35297051543687e-88	1.35222545027771	0.228	0.108	1.65305286500496e-83	c23	ODF3B
2.37667942311461e-87	0.776436205373865	0.523	0.359	4.70344857834382e-83	c23	NAPA
4.9188621803522e-87	0.604926982857608	0.723	0.582	9.734428254917e-83	c23	CIB1
2.15079850299376e-86	0.490565544830264	0.888	0.79	4.25643023742466e-82	c23	S100A6
2.74378271353036e-86	1.29738191088432	0.239	0.115	5.42994599007658e-82	c23	RGS16
7.36509588442139e-85	0.946707132400621	0.359	0.209	1.45755247552699e-80	c23	OGFR
1.19786792909469e-83	0.698755429151905	0.634	0.474	2.3705806316784e-79	c23	SMCHD1
9.51309419936086e-83	0.939309975454172	0.337	0.19	1.88264134205351e-78	c23	KDSR
1.04531980377191e-82	0.787942010048777	0.445	0.279	2.06868789166461e-78	c23	CDC42EP3
6.94410655187852e-81	1.22778124508537	0.174	0.074	1.37423868661676e-76	c23	PTGER2
1.21506869964332e-80	0.767540859174518	0.391	0.23	2.40462095659412e-76	c23	SCML4
1.49366195673788e-80	1.2715491137705	0.191	0.086	2.95595701238427e-76	c23	TRIM14
3.32093323743089e-80	1.33997865037536	0.194	0.088	6.57212687687572e-76	c23	ETV7
1.32569222819814e-79	0.868611828519255	0.45	0.295	2.62354491960412e-75	c23	DYNLT1
1.46438553664279e-79	0.551164909086295	0.76	0.624	2.89801897701608e-75	c23	HSPA1B
9.34572674977522e-79	0.880019106495426	0.427	0.273	1.84951932378052e-74	c23	DENND2D
1.62560318347737e-78	1.50186171295903	0.151	0.062	3.21706870010171e-74	c23	PI4K2B
2.27782598291507e-77	0.812089283390042	0.47	0.314	4.50781762018892e-73	c23	HM13
3.28026848515164e-77	1.46606870901182	0.144	0.057	6.4916513321151e-73	c23	GPR155
8.42959074411825e-77	0.359235581033984	0.992	0.974	1.668216008261e-72	c23	H3F3B
4.27562798223662e-75	0.54779473650944	0.726	0.573	8.46146777684627e-71	c23	GSTK1
2.16876448390895e-74	1.5509615822791	0.108	0.038	4.29198491365582e-70	c23	UNC93B1
1.35199916051717e-73	1.13052173573605	0.212	0.102	2.67560633866348e-69	c23	GIMAP5
2.90500701203891e-73	0.987366796948364	0.276	0.15	5.74900887682501e-69	c23	SLFN12L
3.46889400797907e-73	1.02066562558184	0.241	0.123	6.86494124179057e-69	c23	KCNA3
1.29556425133656e-72	1.35973046018921	0.143	0.058	2.56392165339506e-68	c23	ENDOD1
3.68369269281995e-72	2.22310840472835	0.051	0.011	7.29002783909069e-68	c23	CASP10
5.97340622273028e-72	1.32936377599931	0.127	0.049	1.18213709147832e-67	c23	SCARB2
4.04005873873655e-71	0.93111906443451	0.352	0.216	7.99527624395964e-67	c23	ICAM2
1.04623767262371e-70	0.800001063472728	0.46	0.311	2.07050435412232e-66	c23	PPP1CC
1.35942541383436e-70	0.969503964505496	0.306	0.178	2.69030289397819e-66	c23	PCGF5
1.57921919349099e-70	0.415712806902139	0.868	0.773	3.12527478391868e-66	c23	CD52
8.19883367969418e-70	1.83273789258421	0.078	0.024	1.62254918521148e-65	c23	APOL1
2.39447638270356e-69	0.249147081080974	1	0.995	4.73866876137034e-65	c23	ACTB
3.59357554526232e-69	1.47281576568986	0.133	0.054	7.11168600407414e-65	c23	MOV10
1.97999303169728e-68	0.487261446240979	0.75	0.609	3.91840620972892e-64	c23	EVL
2.01112919877452e-68	0.637265893307026	0.547	0.391	3.98002468437478e-64	c23	CCND3
5.83338501163524e-68	0.596173225167832	0.589	0.433	1.15442689380261e-63	c23	PSMB10
1.08955180026015e-67	0.701054010786975	0.372	0.226	2.15622301271483e-63	c23	ERN1
4.09387257169175e-67	0.583686323105342	0.573	0.415	8.10177381937798e-63	c23	TAPBP
5.89561647332001e-67	0.657747474442484	0.558	0.41	1.16674250007003e-62	c23	VAMP8
1.29978233535099e-66	2.02489700840636	0.049	0.012	2.57226924165962e-62	c23	RORC
1.86188082592264e-65	0.331865993950649	0.902	0.822	3.68466215450091e-61	c23	RPL38
1.64005962957132e-64	1.45662466042035	0.102	0.037	3.24567800692164e-60	c23	CYB561
4.3248676805988e-64	0.569762691512507	0.586	0.435	8.55891313990502e-60	c23	ABRACL
5.62188854212857e-62	0.847189150509399	0.321	0.196	1.11257174248724e-57	c23	TNFRSF25
2.06540987260774e-61	1.57714818661873	0.102	0.038	4.08744613789073e-57	c23	AC073111.5
3.12432947414261e-61	0.347227942473411	0.91	0.845	6.18304802932823e-57	c23	ITM2B
5.49286657840598e-61	1.52753245514202	0.118	0.048	1.08703829586654e-56	c23	IL15RA
1.21855140309663e-60	0.797707652991774	0.347	0.218	2.41151322672824e-56	c23	IRF2
9.27678732821223e-59	1.65547789586357	0.07	0.022	1.8358762122532e-54	c23	TMEM229B
2.67581733364433e-58	0.596852523648277	0.545	0.409	5.29544250328213e-54	c23	CLEC2D
3.28574245076058e-58	0.835099483680068	0.328	0.206	6.50248431005518e-54	c23	GSDMD
4.32423592047721e-58	0.945976004673122	0.234	0.129	8.55766288662441e-54	c23	TRIM69
5.00319986170083e-58	3.4843705076298	0.017	0.002	9.90133252630593e-54	c23	CCL8
1.67378840527527e-57	3.02553402974414	0.026	0.004	3.31242725403976e-53	c23	GMPR
2.31259399613456e-57	0.797944041183665	0.317	0.195	4.57662351835029e-53	c23	CTSS
2.75611520396794e-57	3.42170431506456	0.014	0.001	5.45435198865255e-53	c23	CYP2J2
2.14525273464236e-56	1.45598036794171	0.124	0.053	4.24545516185723e-52	c23	SLC38A5
2.76293185277474e-56	1.25097436429647	0.117	0.048	5.4678421366412e-52	c23	DHRS3
1.09070506784395e-55	0.839989926307375	0.31	0.193	2.15850532926317e-51	c23	SQOR
4.12038886403024e-55	1.36661664840496	0.112	0.046	8.15424956191584e-51	c23	ZCCHC2
3.68713485381978e-54	0.802241692508302	0.327	0.207	7.29683987570934e-50	c23	BAG1
1.6839673550999e-53	0.622052231523587	0.49	0.356	3.33257139574271e-49	c23	CD47
1.95684708646901e-53	0.685843341709951	0.42	0.29	3.87260038412217e-49	c23	KPNB1
2.41140841033918e-53	0.970036262023009	0.224	0.125	4.77217724406125e-49	c23	AZI2
4.1426171533077e-53	2.62525519325741	0.024	0.004	8.19823934639593e-49	c23	TTC21A
6.78652825519623e-53	1.42444994910794	0.091	0.035	1.34305394170333e-48	c23	TAP2
8.09324332348533e-53	0.541228240505272	0.481	0.349	1.60165285371775e-48	c23	GADD45B
1.06440476489263e-52	0.178113259475905	0.998	0.99	2.10645702972252e-48	c23	HLA-C
1.5086069156853e-52	0.825809044651506	0.288	0.176	2.9855330861412e-48	c23	DEGS1
3.14125136368626e-52	1.26680957598249	0.151	0.073	6.21653644873511e-48	c23	HAPLN3
5.58476697656558e-52	0.864008146424761	0.299	0.187	1.10522538466233e-47	c23	MKRN1
1.23607746529295e-51	0.556791501497762	0.493	0.354	2.44619730381474e-47	c23	ANXA2
1.35678215089241e-51	0.312952571337014	0.891	0.816	2.68507187661608e-47	c23	RAC2
1.32869542333501e-50	0.577775772569192	0.534	0.403	2.62948824277998e-46	c23	CHURC1
1.2351696540963e-49	0.767946917664647	0.325	0.211	2.44440074545659e-45	c23	RIPOR2
2.11865557750417e-49	0.853220669750167	0.241	0.14	4.19281938788075e-45	c23	TBC1D1
2.16438609333522e-49	0.733346551395644	0.348	0.232	4.2833200787104e-45	c23	RAB8A
2.73304145238452e-49	0.377745881128988	0.815	0.714	5.40868903426897e-45	c23	SUB1
6.75972890482953e-49	0.402922354095777	0.733	0.614	1.33775035026576e-44	c23	ELF1
7.41646348914671e-49	1.11697073273741	0.147	0.071	1.46771812450213e-44	c23	C1orf162
2.96086582170456e-48	0.210174359431389	0.941	0.876	5.85955346115333e-44	c23	RPS29
3.63251552359717e-48	0.744651926460278	0.31	0.198	7.18874822119879e-44	c23	UPP1
4.47810444713147e-48	1.59976434444981	0.077	0.028	8.86216870087318e-44	c23	TARBP1
1.00646601610332e-47	0.414015362900436	0.7	0.578	1.99179624586847e-43	c23	EIF4A2
2.18258550917842e-47	0.792268692431753	0.283	0.177	4.3193367226641e-43	c23	ARHGEF3
2.26181932006597e-47	0.877739401878331	0.257	0.156	4.47614043441055e-43	c23	FLOT1
9.01816602391645e-47	0.569908031334601	0.5	0.373	1.78469505613307e-42	c23	PSMA5
9.72122279932498e-47	0.990977497629686	0.189	0.102	1.92382999198641e-42	c23	ANXA2R
1.10136329019084e-46	1.04354506241061	0.173	0.092	2.17959795128767e-42	c23	PRDX4
1.26084498145165e-46	0.725682663426105	0.299	0.19	2.49521221829281e-42	c23	RGS19
1.34037504533669e-46	0.235350857422338	0.502	0.349	2.65260221472131e-42	c23	CARD16
1.49133090118919e-46	0.488466860159375	0.558	0.433	2.95134385345341e-42	c23	GPBP1
2.76901544076414e-46	0.850592908465687	0.235	0.139	5.47988155727223e-42	c23	SP140L
1.15912672404221e-45	0.591645518744184	0.489	0.367	2.29391178687953e-41	c23	RBX1
3.52273938616471e-45	1.30147960419767	0.093	0.039	6.97150124521996e-41	c23	C3AR1
5.7127294479484e-45	0.414343367363608	0.716	0.584	1.13054915774899e-40	c23	EMP3
6.62261650039569e-45	0.915445309092671	0.19	0.105	1.31061580542831e-40	c23	CD2AP
5.97026025505464e-44	0.644943396877168	0.366	0.252	1.18151450447531e-39	c23	CTSB
8.11389894753527e-44	0.993985990029037	0.17	0.091	1.60574060171723e-39	c23	MID1IP1
9.21435557464093e-44	0.991308760536592	0.156	0.081	1.82352096822144e-39	c23	CMTM8
3.22338428737595e-43	0.254747189541447	0.949	0.894	6.37907750471701e-39	c23	VIM
3.75281427762257e-43	0.723425790953487	0.3	0.196	7.42681945541506e-39	c23	SUSD3
4.5851944075866e-43	1.1573286185416	0.179	0.099	9.07409973261389e-39	c23	PRR5
9.11482827121025e-43	1.20395981770533	0.121	0.058	1.80382451487251e-38	c23	CMTR1
1.18462635894707e-42	0.758996930322818	0.33	0.226	2.34437556435625e-38	c23	VAMP5
1.7420163007432e-42	0.465957688485866	0.484	0.357	3.4474502591708e-38	c23	USP15
1.00044347896132e-41	0.711872982822544	0.322	0.217	1.97987764486444e-37	c23	MVP
1.70903039177615e-41	0.417609450479797	0.851	0.842	3.38217114532501e-37	c23	DNAJB1
2.16250984462601e-41	1.07652715026258	0.123	0.059	4.27960698251488e-37	c23	DPP4
2.71970817540602e-41	0.407946899886521	0.648	0.528	5.38230247912852e-37	c23	PLP2
5.25678193958135e-41	1.34579372476859	0.092	0.04	1.04031714584315e-36	c23	U2AF1L5
1.58252200255979e-40	0.60884438972364	0.321	0.212	3.13181104306582e-36	c23	GLIPR2
1.63180914826777e-40	1.06608360112831	0.271	0.176	3.22935030442193e-36	c23	ATF3
1.76321136793531e-40	0.875624733472049	0.228	0.139	3.48939529714398e-36	c23	C21orf91
1.96852979104875e-40	1.27296285733081	0.083	0.034	3.89572045648547e-36	c23	GIMAP8
4.37591316195652e-40	0.467646108835105	0.521	0.4	8.65993214751196e-36	c23	SEC61G
5.14375845107937e-40	0.669883003756093	0.361	0.254	1.01794979746861e-35	c23	PIM1
6.63442336783448e-40	0.790956980231926	0.258	0.165	1.31295238449444e-35	c23	CISD3
1.32666724002343e-39	0.297698343294389	0.431	0.296	2.62547446800637e-35	c23	CCR7
1.86108265505634e-39	2.38939150573404	0.022	0.004	3.68308257435649e-35	c23	ALOX5
2.79498976789185e-39	0.851684326526549	0.241	0.152	5.53128475065797e-35	c23	MRPS18B
1.12338384591615e-38	0.757145372583788	0.247	0.155	2.22317663106806e-34	c23	GPR171
4.29080578644717e-38	0.272369774805715	0.932	0.888	8.49150465137894e-34	c23	PTPRCAP
9.22049747879713e-38	1.28170770315794	0.081	0.034	1.82473645105395e-33	c23	TNK2
9.29629788729792e-38	0.601627424677321	0.339	0.235	1.83973735189626e-33	c23	CALCOCO2
2.73790099876489e-37	1.0272975664441	0.14	0.074	5.41830607655572e-33	c23	TMEM156
3.2538705798417e-37	0.864138562141486	0.196	0.117	6.43940987750672e-33	c23	TMEM126B
6.976067480248e-37	0.86148168164619	0.165	0.092	1.38056375434108e-32	c23	TRIM56
7.14178440527027e-37	0.429464219841692	0.614	0.498	1.41335913380299e-32	c23	SOCS1
1.4501753590821e-36	0.136975797382437	0.999	0.991	2.86989703562349e-32	c23	RPS12
1.77712186421212e-36	0.776747001761323	0.178	0.101	3.51692416927578e-32	c23	ABHD13
1.90320499324982e-36	0.870825640921629	0.155	0.085	3.76644268164139e-32	c23	CDK5RAP1
4.71443212098207e-36	1.27825114699499	0.088	0.039	9.32986116742351e-32	c23	ATRIP
6.37966841423756e-36	0.3214996285419	0.77	0.683	1.26253637917761e-31	c23	HSPA1A
8.57628347364062e-36	1.22515991336762	0.105	0.051	1.69724649943348e-31	c23	MLKL
2.0487794385604e-35	0.986228870492316	0.126	0.065	4.05453450891104e-31	c23	CTSH
1.13161215864662e-34	0.49535993135505	0.418	0.31	2.23946046196166e-30	c23	TANK
1.41829580181059e-34	0.807985756409008	0.203	0.125	2.80680739178316e-30	c23	CNDP2
1.73398571234711e-34	0.683558470091394	0.253	0.165	3.43155772473493e-30	c23	ESD
2.05906231900797e-34	0.960367633885166	0.136	0.073	4.07488432931677e-30	c23	IRF9
5.80860866433651e-34	0.939440712717596	0.146	0.081	1.1495236546722e-29	c23	WDFY1
1.03518614616977e-33	1.05514853300306	0.124	0.065	2.04863338326998e-29	c23	PGAP1
1.3525062310453e-33	0.422043618947251	0.509	0.393	2.67660983123864e-29	c23	EMB
1.38619161496039e-33	1.57136189018169	0.052	0.019	2.74327320600662e-29	c23	CD68
1.54230377925836e-33	0.327056810451805	0.628	0.517	3.05221917915229e-29	c23	TAGAP
1.78145475508305e-33	0.901539141451291	0.197	0.121	3.52549896030936e-29	c23	HSPA6
2.04366050690192e-33	0.550295947912529	0.405	0.3	4.0444041431589e-29	c23	PSMA3
6.25397986338923e-33	0.35879402303266	0.581	0.472	1.23766261496473e-28	c23	RNF149
1.22505358708703e-32	0.151324065424587	0.993	0.98	2.42438104884524e-28	c23	RPL39
2.8070201051625e-32	0.443049993906231	0.487	0.381	5.55509278811659e-28	c23	PSMA6
2.87560792107787e-32	0.930583537459609	0.122	0.064	5.69082807581311e-28	c23	ANKFY1
2.9694199477841e-32	1.52930356126853	0.042	0.014	5.87648207666474e-28	c23	CCSAP
3.50565815780396e-32	0.913556526134568	0.109	0.055	6.93769749429404e-28	c23	DSE
6.84439666168693e-32	0.420280359127639	0.416	0.308	1.35450609934784e-27	c23	GBP2
1.07966979586008e-31	0.449256449944836	0.697	0.613	2.1366665260071e-27	c23	IRF1
1.11495017277793e-31	0.82106442267947	0.147	0.084	2.20648639192752e-27	c23	LTA
1.22679827650103e-31	0.488169850385035	0.344	0.242	2.42783378919553e-27	c23	UTRN
1.81215730125658e-31	0.613707038283981	0.245	0.161	3.58625929918678e-27	c23	SLAMF1
1.88620688868989e-31	0.592681271133574	0.259	0.171	3.73280343271729e-27	c23	NMRK1
2.20259897538822e-31	0.565080125887624	0.302	0.209	4.35894337229328e-27	c23	TMEM109
2.23205971859969e-31	1.32554943691615	0.082	0.038	4.41724618310879e-27	c23	GPR180
4.10232004192657e-31	1.69416467365265	0.029	0.008	8.11849136297268e-27	c23	SLC4A10
4.72364427571026e-31	0.437792750664163	0.459	0.354	9.3480920216306e-27	c23	OSTF1
5.27231646522005e-31	1.16070089510245	0.078	0.035	1.04339142846705e-26	c23	TYROBP
8.65409557639734e-31	1.59363384862458	0.036	0.011	1.71264551456903e-26	c23	CALHM6
9.90456808182788e-31	0.765992713128218	0.19	0.117	1.96011402339374e-26	c23	STX17
2.14306098643768e-30	1.00345095645819	0.13	0.072	4.24111769216018e-26	c23	DAPP1
2.3150038696098e-30	0.561840649772688	0.342	0.248	4.5813926579578e-26	c23	YWHAH
2.86679081253356e-30	0.27711559313309	0.826	0.748	5.67337901800391e-26	c23	CD37
7.80546861632637e-30	0.781220818566829	0.196	0.124	1.54470223917099e-25	c23	ME2
1.07138450446763e-29	0.746646773874363	0.173	0.104	2.12026993434143e-25	c23	CDKN2D
1.15570104189874e-29	0.91601726149944	0.168	0.101	2.2871323619176e-25	c23	SGK1
1.17045125207722e-29	0.425707035699193	0.488	0.384	2.31632302786082e-25	c23	PPP1R18
1.34197198052757e-29	1.25976347217377	0.066	0.029	2.65576254946405e-25	c23	CHRNB1
3.1612849990632e-29	0.411757998153034	0.591	0.503	6.25618301314607e-25	c23	PPP1R15A
4.75225235459763e-29	0.869471953674239	0.161	0.096	9.4047074097487e-25	c23	EHD4
5.92324260829712e-29	0.486996968288365	0.384	0.288	1.172209712182e-24	c23	CTSA
6.24747924763356e-29	0.663100563982086	0.211	0.135	1.23637614310668e-24	c23	NLRC5
1.22114396488283e-28	1.23916898616319	0.052	0.021	2.41664390650312e-24	c23	NKD1
1.69402892492513e-28	1.09438182987365	0.098	0.05	3.35248324242683e-24	c23	MYC
2.25676912090162e-28	0.159101210875721	0.983	0.959	4.46614609026431e-24	c23	RPL36
2.31777733894948e-28	0.348959363431948	0.635	0.539	4.58688135378103e-24	c23	GPSM3
2.76999326876356e-28	0.392110528334271	0.435	0.329	5.48181667888309e-24	c23	BTN3A2
2.82339653860577e-28	0.668304039765277	0.239	0.161	5.58750174990081e-24	c23	DCK
3.40267487431472e-28	1.02400522015172	0.115	0.062	6.73389357626884e-24	c23	RALB
4.01995192425371e-28	0.453329685579996	0.751	0.715	7.95548485809808e-24	c23	DUSP1
7.051744383786e-28	1.06541398843113	0.107	0.057	1.39554021355125e-23	c23	LY96
9.07498108508023e-28	1.03514479288137	0.09	0.045	1.79593875673738e-23	c23	TMIGD2
9.92817529919805e-28	0.26579117111941	0.767	0.667	1.96478589171129e-23	c23	TPM3
1.01522831618804e-27	1.69448377345505	0.027	0.008	2.00913683773614e-23	c23	TSPAN15
1.41059035301196e-27	1.49063894083041	0.052	0.021	2.79155830861068e-23	c23	TMEM187
1.44753388413303e-27	0.677438503334071	0.184	0.116	2.86466955669926e-23	c23	WASHC4
2.07273412425157e-27	0.39177507506179	0.519	0.415	4.10194083189385e-23	c23	ATP5MD
2.07896337493134e-27	1.71678262719937	0.034	0.011	4.11426851898913e-23	c23	ALPK1
2.14144441580809e-27	0.50511761837546	0.376	0.285	4.2379184988842e-23	c23	CAPN2
2.87858631459423e-27	0.392628578750746	0.504	0.403	5.69672231658197e-23	c23	NEDD8
3.00276152820301e-27	0.524291403052216	0.239	0.159	5.94246506431375e-23	c23	S1PR1
3.14126395355481e-27	0.592979304885872	0.266	0.185	6.21656136408497e-23	c23	SETX
3.25498051967988e-27	0.686951501888436	0.213	0.14	6.44160644844649e-23	c23	GCH1
4.67695974507429e-27	0.863277894335873	0.122	0.068	9.25570333550202e-23	c23	UBA7
5.31942298133669e-27	0.569474369866019	0.294	0.212	1.05271380800653e-22	c23	TMX1
1.39381475176732e-26	0.904149413201593	0.112	0.061	2.75835939374753e-22	c23	FCHSD2
2.09760561857889e-26	0.494344488704233	0.354	0.263	4.15116151916763e-22	c23	PNP
2.17196846804061e-26	1.01179670653832	0.112	0.062	4.29832559825236e-22	c23	TMEM60
2.65475970171338e-26	1.34787673544329	0.061	0.027	5.25376944969077e-22	c23	FAR2
5.41294706128652e-26	0.648218370899291	0.218	0.145	1.0712222234286e-21	c23	DNPEP
7.88986418956944e-26	0.511263287664844	0.541	0.451	1.56140412311579e-21	c23	ZC3HAV1
9.38955933343276e-26	1.0394357736782	0.108	0.059	1.85819379208634e-21	c23	YEATS2
1.3879020353665e-25	1.60564581318933	0.039	0.014	2.74665812799031e-21	c23	ABCD1
2.07590734607752e-25	1.90754877152371	0.027	0.008	4.10822063788741e-21	c23	CCL2
2.47302944005266e-25	1.0742085885136	0.088	0.045	4.89412526186421e-21	c23	TMEM62
2.51705097370948e-25	0.323051904617146	0.518	0.416	4.98124387697107e-21	c23	CD6
3.31258526805723e-25	0.721909544593169	0.141	0.084	6.55560624548527e-21	c23	LIPA
3.66483301718988e-25	0.293061090049844	0.916	0.893	7.25270454101878e-21	c23	UBB
4.04453259563397e-25	0.371573747771261	0.491	0.395	8.00413000675962e-21	c23	EIF5A
4.40215380831295e-25	0.397341623196803	0.314	0.223	8.71186238665133e-21	c23	MGAT4A
4.97924506243401e-25	0.67271920149485	0.158	0.097	9.8539259785569e-21	c23	ADAM19
5.16929075223075e-25	0.355721211650159	0.53	0.431	1.02300263986647e-20	c23	DAD1
1.18541853600974e-24	0.872412732795746	0.119	0.068	2.34594328276327e-20	c23	AIDA
1.42177789168929e-24	1.44286591547828	0.041	0.015	2.81369844765311e-20	c23	HLA-G
1.73975552443828e-24	1.09118906197309	0.065	0.03	3.44297618286336e-20	c23	QPCT
2.39554577480493e-24	0.591562691647845	0.273	0.197	4.74078508833896e-20	c23	POLE4
2.86842351126244e-24	0.453960302776892	0.368	0.281	5.67661012878837e-20	c23	BIN1
2.986961235245e-24	0.651198806729977	0.204	0.136	5.91119628454986e-20	c23	TRIM26
3.38981998906605e-24	0.64948753030238	0.196	0.129	6.70845375836172e-20	c23	RAB29
3.58677321250756e-24	1.42072069263392	0.031	0.01	7.09822418755247e-20	c23	TLR3
4.26298588629911e-24	0.66015772993727	0.177	0.114	8.43644906898593e-20	c23	TMEM106B
4.40802265506898e-24	0.988096717106653	0.098	0.053	8.72347683438152e-20	c23	TENT5A
4.48886599672235e-24	0.686359578211053	0.194	0.128	8.88346580751352e-20	c23	MCTS1
4.56365335214606e-24	1.05282983109642	0.082	0.042	9.03146998389705e-20	c23	L3MBTL3
6.1364953495615e-24	2.21826528106974	0.014	0.003	1.21441242967822e-19	c23	IRS1
6.60278771050654e-24	1.06944620952172	0.068	0.032	1.30669168790924e-19	c23	APOE
8.04928878027772e-24	0.363806802947806	0.449	0.351	1.59295424961696e-19	c23	LGALS1
8.89898905592006e-24	0.421264228022473	0.395	0.307	1.76110993416658e-19	c23	PYURF
1.33596541200585e-23	0.83491301591651	0.132	0.079	2.64387555035959e-19	c23	SCLT1
1.44755252718897e-23	1.27148999135789	0.05	0.021	2.86470645130698e-19	c23	SMAGP
1.55496002610458e-23	0.57481793656599	0.208	0.139	3.07726589166096e-19	c23	JAZF1
1.84835057051606e-23	0.624656356386505	0.173	0.111	3.65788577905129e-19	c23	LMO4
2.69730141985871e-23	0.240387889823144	0.343	0.248	5.33795950990039e-19	c23	KLRB1
3.29375123111572e-23	1.42106843051489	0.044	0.017	6.51833368637801e-19	c23	C1QC
3.35184441684255e-23	0.326278209726587	0.513	0.414	6.63330010093141e-19	c23	CLEC2B
3.43287392152745e-23	0.512472389116358	0.262	0.185	6.79365749070282e-19	c23	RARA
3.45317474987155e-23	1.47575894218054	0.037	0.014	6.83383282999579e-19	c23	ABCA1
4.03244675135827e-23	0.285158025235988	0.677	0.578	7.98021212093801e-19	c23	HNRNPF
4.35962744919731e-23	0.376917447207092	0.491	0.396	8.62770272196148e-19	c23	COX7B
4.62461586542403e-23	0.463389973361546	0.322	0.24	9.15211479767416e-19	c23	OXNAD1
6.07197809564478e-23	2.54207883919778	0.015	0.003	1.2016444651281e-18	c23	LIF
6.67479225901344e-23	0.487426372071042	0.278	0.199	1.32094138805876e-18	c23	NCF1
6.87399501787989e-23	1.27916188777816	0.055	0.025	1.36036361403843e-18	c23	RARG
9.57233957701319e-23	0.260597774650119	0.752	0.678	1.89436600229091e-18	c23	PCBP1
1.02073898742534e-22	1.24666543862622	0.052	0.023	2.02004245611476e-18	c23	CLUAP1
1.0381730247552e-22	2.39197862681787	0.014	0.003	2.05454441599055e-18	c23	SIAH3
1.28806916765317e-22	0.22616109892216	0.802	0.705	2.54908888278561e-18	c23	CLIC1
1.42701338847873e-22	0.355166393454501	0.53	0.438	2.8240594957994e-18	c23	ERH
1.88860508770464e-22	0.480284198774553	0.321	0.242	3.73754946856749e-18	c23	ADD3
3.3469317713699e-22	1.51548954750671	0.029	0.009	6.62357797554104e-18	c23	C20orf204
4.77758876014825e-22	0.201152314239487	0.868	0.814	9.45484815633339e-18	c23	LAPTM5
7.19147168484402e-22	1.23552584642945	0.039	0.015	1.42319224643063e-17	c23	EMP1
9.8598076547727e-22	0.679497719590525	0.13	0.079	1.95125593487952e-17	c23	TTC39B
1.09915567973448e-21	0.850071730409848	0.088	0.048	2.17522909019453e-17	c23	RGS3
1.14989159448484e-21	0.318839161063605	0.445	0.352	2.2756354654855e-17	c23	RORA
1.29316595498028e-21	0.364571303993114	0.498	0.405	2.55917542490597e-17	c23	ARPC5
1.49951509163442e-21	0.180939401143069	0.804	0.72	2.96754036634451e-17	c23	S100A10
1.58488120661221e-21	1.19524087226574	0.059	0.027	3.13647990788556e-17	c23	NOD1
2.62511832365916e-21	0.482918214949614	0.276	0.202	5.19510916252147e-17	c23	TMEM35B
2.8233130876716e-21	0.294073692491779	0.521	0.428	5.5873366005021e-17	c23	RNASET2
3.28221734233637e-21	0.560840622115655	0.239	0.17	6.49550812048368e-17	c23	BCL2
3.39095712068107e-21	0.871988572305757	0.076	0.039	6.71070414182783e-17	c23	JCHAIN
3.65549942482022e-21	0.220973384837619	0.783	0.708	7.23423336171921e-17	c23	RPS20
4.51380722453862e-21	1.22270502946499	0.05	0.022	8.93282449736193e-17	c23	TNFAIP8L2
5.37026870606644e-21	1.14966365441204	0.058	0.027	1.06277617693055e-16	c23	RBM43
6.01453737452984e-21	0.441735071743682	0.235	0.165	1.19027694641945e-16	c23	TIMP1
7.15392595605554e-21	0.363608879419097	0.328	0.248	1.41576194670339e-16	c23	LNPEP
7.19411347812656e-21	0.668901182648627	0.095	0.052	1.42371505732125e-16	c23	PLAUR
8.0098367125773e-21	0.136345490259333	0.838	0.76	1.58514668541905e-16	c23	S100A4
8.61144799671188e-21	3.08124444871172	0.01	0.002	1.70420555854928e-16	c23	IL17A
8.78008758356377e-21	1.12677216954634	0.056	0.026	1.73757933278727e-16	c23	FAM241B
1.08317101944874e-20	2.25465041287075	0.015	0.003	2.14359544748905e-16	c23	HFE
1.19268715035951e-20	0.642989580085183	0.187	0.127	2.36032787056147e-16	c23	LETMD1
1.60411457410921e-20	0.415666844136725	0.433	0.355	3.17454274216213e-16	c23	SRP9
1.66614697972867e-20	0.305596466707724	0.698	0.625	3.29730487288303e-16	c23	LIMD2
1.7059195337773e-20	0.549750298468514	0.213	0.148	3.37601475734528e-16	c23	SMIM29
2.02352153568953e-20	0.288213134899734	0.672	0.589	4.00454911912958e-16	c23	ATP6V0E1
2.33882645509632e-20	0.454403262822146	0.437	0.358	4.62853755463561e-16	c23	CDKN1A
2.55817860032688e-20	0.616922453611409	0.184	0.124	5.06263545004689e-16	c23	FBLN7
2.74511526864265e-20	0.667377985000603	0.147	0.094	5.4325831166438e-16	c23	ZNF107
3.38768212461713e-20	0.848657341525244	0.11	0.065	6.7042229246173e-16	c23	RAD9A
4.41608590702701e-20	1.84708546924823	0.02	0.006	8.73943401000644e-16	c23	SYNPO2
5.25549965297585e-20	0.323417836940158	0.55	0.466	1.04006338132392e-15	c23	NDUFB2
5.53734990694436e-20	0.492889698589244	0.203	0.138	1.09584154658429e-15	c23	DYNLT3
6.85061073289542e-20	1.02845941538251	0.057	0.027	1.35573586404e-15	c23	LTC4S
8.99640285551138e-20	0.763816826213548	0.16	0.106	1.7803881251057e-15	c23	MRPL17
1.07320141802552e-19	0.306079208214051	0.62	0.538	2.1238656062725e-15	c23	HMGN1
1.12507883675538e-19	0.540916022257678	0.284	0.216	2.2265310179389e-15	c23	PSMA4
1.39278918448539e-19	0.484507936943991	0.249	0.181	2.75632979609658e-15	c23	PRKX
1.54510959298507e-19	0.577348532357762	0.163	0.107	3.05777188451744e-15	c23	XIAP
1.58272984099688e-19	0.566175665078971	0.179	0.119	3.13222235533283e-15	c23	CLIC3
1.63278111642032e-19	0.366134010999563	0.421	0.338	3.23127382939582e-15	c23	BAZ1A
1.93512861078101e-19	0.402249406624692	0.398	0.32	3.82961952073561e-15	c23	TTC39C
2.28711774838152e-19	0.968876961044089	0.044	0.019	4.52620602404703e-15	c23	CCR2
2.78791122534243e-19	0.334174944371347	0.447	0.365	5.51727631495268e-15	c23	ARHGAP15
3.36025543162618e-19	0.210632596126425	0.776	0.691	6.6499454991882e-15	c23	COX6A1
4.06213102454644e-19	1.34777210250211	0.042	0.018	8.0389572975774e-15	c23	CCDC146
4.99568725820423e-19	0.612630459880708	0.174	0.118	9.88646508398618e-15	c23	CTBS
5.1131729726722e-19	0.713509236451065	0.164	0.111	1.01189693129183e-14	c23	ETV6
5.33063484158738e-19	0.334564450032271	0.235	0.165	1.05493263515014e-14	c23	RASGEF1B
5.94218729052878e-19	0.690509966392267	0.14	0.09	1.17595886479565e-14	c23	USPL1
6.34801564369422e-19	0.247558327477721	0.703	0.624	1.25627229588709e-14	c23	NDUFS5
6.40811399563953e-19	1.69890088299728	0.014	0.004	1.26816575973706e-14	c23	TPBG
8.38944428015863e-19	0.478658111008601	0.261	0.192	1.66027102304339e-14	c23	ARL6IP6
8.44075732923471e-19	0.432503614069463	0.235	0.168	1.67042587545555e-14	c23	ITGB7
8.71601364459919e-19	0.931716073092594	0.084	0.047	1.72489910026618e-14	c23	JAK2
8.81556823328833e-19	0.946137159278716	0.056	0.027	1.74460095336776e-14	c23	STAG3
8.85864266252092e-19	0.574082441579567	0.288	0.219	1.75312538291289e-14	c23	LAG3
9.7780630551698e-19	0.395927258792405	0.386	0.31	1.9350786786181e-14	c23	SERPINB1
1.37921114029929e-18	1.53258508703515	0.031	0.012	2.7294588466523e-14	c23	FAM84B
1.83373728452643e-18	0.406650578526853	0.33	0.257	3.6289660860778e-14	c23	C4orf48
3.15750367173441e-18	1.60846728550577	0.017	0.005	6.24869976636241e-14	c23	LTK
3.16958066361138e-18	0.246080804716045	0.407	0.318	6.27260013328692e-14	c23	PARP8
3.96188160651985e-18	0.537853657569375	0.215	0.153	7.84056369930279e-14	c23	LGALS8
4.08874840438077e-18	0.66195146931843	0.127	0.08	8.09163309226953e-14	c23	SPTLC2
5.3797697540578e-18	1.04269807201436	0.041	0.018	1.06465643432804e-13	c23	IL15
5.8244325756887e-18	1.06991142106044	0.047	0.022	1.15265520672879e-13	c23	SLC40A1
6.86706681164381e-18	0.496862294036174	0.193	0.135	1.35899252202431e-13	c23	SENP7
7.88486906895393e-18	0.382708429581572	0.453	0.376	1.56041558874598e-13	c23	CKLF
9.1182409269458e-18	0.191690287471633	0.828	0.761	1.80449987944257e-13	c23	TMA7
9.2114492374984e-18	0.490700978423305	0.327	0.26	1.82294580410093e-13	c23	SELL
1.10422333717745e-17	1.01145074021118	0.051	0.025	2.18525798427417e-13	c23	FHL1
1.38756973167996e-17	0.331023653071739	0.448	0.371	2.74600049899464e-13	c23	XBP1
1.73308483166528e-17	0.665754511237215	0.165	0.114	3.42977488186559e-13	c23	PSMA2
1.94237376334725e-17	0.362601115323887	0.454	0.375	3.8439576776642e-13	c23	SKIL
2.64107131376566e-17	0.700699802884488	0.166	0.115	5.22668012994224e-13	c23	BAK1
2.78749781494776e-17	0.519122569969477	0.237	0.176	5.51645817578161e-13	c23	TCIRG1
2.80531355143352e-17	0.161160988684738	0.646	0.559	5.55171551828693e-13	c23	HMGN2
2.96320589169091e-17	0.985531471955864	0.079	0.044	5.86418445965632e-13	c23	OSM
3.09196793024467e-17	0.65537608264453	0.134	0.087	6.1190045339542e-13	c23	RAB24
3.41181808958326e-17	0.748999883378985	0.081	0.046	6.75198799928526e-13	c23	RIPK2
3.72569045634494e-17	0.278732419702362	0.624	0.551	7.37314141310663e-13	c23	KRTCAP2
3.84072187145696e-17	2.16395589720125	0.01	0.002	7.60078858361333e-13	c23	CLMP
4.23828157239734e-17	0.557054209155651	0.153	0.103	8.38755923177433e-13	c23	SLC6A6
4.42880775533313e-17	0.249943014008544	0.619	0.538	8.76461054780427e-13	c23	PRR13
4.47863713457986e-17	1.00811410778606	0.033	0.013	8.86322288933355e-13	c23	IL2
5.60882319616231e-17	0.120668062986175	0.959	0.923	1.10998611052052e-12	c23	CFL1
5.61196478735223e-17	0.56549808224261	0.176	0.123	1.11060783141701e-12	c23	NCOA7
6.7481524882947e-17	0.621161052007992	0.151	0.102	1.33545937743352e-12	c23	ZRSR2
6.79432849949191e-17	0.590093916417202	0.169	0.117	1.34459761004945e-12	c23	XPO1
6.80585253866323e-17	0.948383554775858	0.066	0.035	1.34687821740145e-12	c23	CD300A
1.08059396440315e-16	0.299147522441791	0.463	0.382	2.13849545555383e-12	c23	OPTN
1.29468114430144e-16	0.739839908977969	0.126	0.082	2.56217398457254e-12	c23	ARL14EP
1.40375082332044e-16	0.953084450830937	0.063	0.034	2.77802287935116e-12	c23	DOCK9
1.44732145175796e-16	0.666242477799762	0.075	0.041	2.86424915302901e-12	c23	SNTA1
1.47922050655594e-16	0.246191187100793	0.468	0.381	2.9273773824742e-12	c23	GPR183
1.64686459724826e-16	0.823453591802191	0.108	0.068	3.2591450379543e-12	c23	SLC35A4
1.64728607695348e-16	0.351969882828027	0.293	0.224	3.25997914629094e-12	c23	GALM
2.04575078919609e-16	1.05556526182098	0.049	0.024	4.04854081181907e-12	c23	IL18RAP
2.52220521861577e-16	0.365245223314195	0.204	0.145	4.99144412764061e-12	c23	TLE4
2.8874735989891e-16	0.998377604255873	0.053	0.027	5.71431025239943e-12	c23	SVIL
2.94253515228189e-16	1.63914660005695	0.035	0.015	5.82327706636586e-12	c23	CARD17
3.06155712803299e-16	0.346947746943482	0.363	0.29	6.05882155637728e-12	c23	YIPF5
3.20259680715989e-16	0.636070325438252	0.133	0.088	6.33793908136943e-12	c23	CXorf38
3.38556725002837e-16	0.516360851404761	0.189	0.134	6.70003758780613e-12	c23	IPCEF1
3.69804798475192e-16	0.435015363061408	0.274	0.21	7.31843696182405e-12	c23	DGCR6L
4.37544766824269e-16	0.342973917204602	0.377	0.304	8.65901093545229e-12	c23	CYLD
4.69150057799352e-16	0.399380657861634	0.372	0.302	9.28447964384918e-12	c23	PTGER4
5.50823424369062e-16	2.10012972228331	0.015	0.004	1.09007955682637e-11	c23	STAP1
7.25990196182626e-16	1.43629152172315	0.04	0.018	1.43673459824542e-11	c23	PPP1R2C
7.98317619766274e-16	0.444936055528734	0.255	0.193	1.57987056951746e-11	c23	HMGN4
8.09407864352347e-16	0.31977675434874	0.427	0.353	1.60181816355329e-11	c23	DEF6
9.33352765741808e-16	0.304595545453725	0.35	0.274	1.84710512340304e-11	c23	GPR65
1.14677503969054e-15	0.723788232212282	0.105	0.066	2.26946780354758e-11	c23	TTC37
1.20474068441772e-15	0.321511898296982	0.389	0.317	2.38418181446266e-11	c23	NOSIP
1.32330856961371e-15	0.281835411613563	0.355	0.28	2.61882765926553e-11	c23	TRAT1
1.42170590680635e-15	1.5804912118373	0.022	0.008	2.81355598956977e-11	c23	CRYBG2
1.42314250115534e-15	1.27841011236628	0.038	0.017	2.81639900978641e-11	c23	C1QA
1.54424497642208e-15	0.418446365809426	0.241	0.18	3.0560608083393e-11	c23	GRAP2
2.13523608973344e-15	0.342666944541399	0.339	0.268	4.22563222158247e-11	c23	IDH2
2.28442085036617e-15	1.14633773288872	0.024	0.009	4.52086886287465e-11	c23	CA2
2.29043604031006e-15	0.526256917237824	0.178	0.127	4.53277292377361e-11	c23	MRPL42
2.424919731674e-15	0.732213780425657	0.11	0.07	4.79891614898284e-11	c23	TCEAL8
3.16283004543897e-15	1.14280010330131	0.041	0.019	6.25924065992371e-11	c23	SLC18B1
3.40859970464336e-15	0.574632398456458	0.178	0.127	6.7456188154892e-11	c23	BTN3A3
3.52628717071851e-15	0.435705750566556	0.232	0.173	6.97852231085193e-11	c23	TRAPPC6A
4.02047229048334e-15	2.11351051622821	0.012	0.003	7.95651466286653e-11	c23	SSTR3
4.77939006764672e-15	0.293853015241802	0.489	0.417	9.45841294387286e-11	c23	RGS2
5.27972855005056e-15	1.12584974863311	0.037	0.017	1.04485828005501e-10	c23	MB21D2
5.52763408592766e-15	0.452525126810497	0.264	0.205	1.09391878560508e-10	c23	COX16
7.61883369880531e-15	0.205919780672697	0.609	0.531	1.50776718899357e-10	c23	CD53
8.38067828640913e-15	0.212230209294209	0.463	0.388	1.65853623288037e-10	c23	FOSB
1.06058820727669e-14	0.311386788199618	0.418	0.35	2.09890406220057e-10	c23	MINOS1
1.11489671548142e-14	0.526672667779461	0.128	0.085	2.20638059993773e-10	c23	ADA2
1.25546280500466e-14	0.625536989957047	0.149	0.103	2.48456089110423e-10	c23	TOR3A
1.54123013808942e-14	0.199837849768801	0.638	0.558	3.05009444327897e-10	c23	TMEM50A
1.69331729022269e-14	0.480953534143115	0.221	0.166	3.3510749173507e-10	c23	RABGGTB
2.07001099883682e-14	0.190751751575279	0.677	0.605	4.09655176669807e-10	c23	STK17A
2.11765051322371e-14	0.632768031542172	0.159	0.113	4.19083036566972e-10	c23	MAPKAPK3
2.2138180649873e-14	0.473815283469849	0.19	0.137	4.38114595060987e-10	c23	MLLT6
2.48701002683341e-14	0.215682320078409	0.595	0.517	4.92179284310332e-10	c23	ACTR3
3.2247105311179e-14	0.26756389935908	0.335	0.267	6.38170214108232e-10	c23	TMEM173
3.57022111058223e-14	0.481806956309944	0.181	0.131	7.06546757784223e-10	c23	AP3M2
4.17156360956126e-14	0.646935289022695	0.117	0.077	8.25552438332174e-10	c23	DGLUCY
5.26667534766041e-14	0.33970247171733	0.518	0.449	1.04227505130200e-09	c23	COX5A
5.51650215333641e-14	0.917796328733401	0.067	0.039	1.09171577614528e-09	c23	MTM1
5.8753071484255e-14	0.863823031159568	0.068	0.039	1.16272328467341e-09	c23	SRBD1
6.26540020343713e-14	0.90672065451486	0.058	0.032	1.23992270026021e-09	c23	LPAR6
6.46975275389075e-14	0.783339508702624	0.067	0.038	1.28036406999498e-09	c23	MOB3C
9.04516809773994e-14	0.531986095248137	0.148	0.103	1.79003876654273e-09	c23	RASSF7
9.283299349008e-14	0.845137050841922	0.084	0.052	1.83716494116868e-09	c23	FMR1
9.91845652436633e-14	0.842746424231127	0.052	0.028	1.9628625461721e-09	c23	GCSAM
1.00127559904906e-13	0.256149259247801	0.54	0.47	1.98152441051809e-09	c23	LCP2
1.07762384298371e-13	0.396748590942629	0.239	0.182	2.13261758526476e-09	c23	TMBIM1
1.29187829165434e-13	0.44623497826754	0.236	0.181	2.55662713918394e-09	c23	CEBPB
1.39911282430006e-13	0.945931115984678	0.058	0.032	2.76884427928982e-09	c23	TMEM200A
1.4267207143089e-13	1.05532731742697	0.048	0.025	2.82348029361732e-09	c23	KAT2A
1.5127491654999e-13	0.781351978873165	0.071	0.041	2.99373059852431e-09	c23	SLC44A1
1.61158799103748e-13	0.284099990725582	0.451	0.383	3.18933263426317e-09	c23	MAT2B
1.712777487904e-13	0.443102706019433	0.218	0.164	3.38958664856201e-09	c23	EFR3A
1.98100134037152e-13	0.22501423757418	0.396	0.325	3.92040165259524e-09	c23	PIM2
2.04433005719652e-13	0.308236700538944	0.32	0.256	4.04572918319192e-09	c23	NEU1
2.13787160816335e-13	0.200049011385934	0.489	0.412	4.23084791255528e-09	c23	CAST
2.20815498867576e-13	0.610397817283367	0.118	0.079	4.36993872258932e-09	c23	RABGGTA
2.41382284292957e-13	0.160466562409493	0.709	0.636	4.77695540615762e-09	c23	MCL1
2.62733756142349e-13	0.829840947248032	0.056	0.031	5.19950103405709e-09	c23	PDE8A
3.21706991558211e-13	0.432681471482379	0.241	0.187	6.36658136293699e-09	c23	ZNF267
3.4425262439938e-13	0.181988079193432	0.723	0.667	6.81275943686373e-09	c23	ZFP36L1
3.8701289215341e-13	0.656909655919715	0.117	0.079	7.65898513571597e-09	c23	ANXA4
4.40665591002224e-13	2.14558139689555	0.012	0.004	8.72077204593401e-09	c23	SCART1
4.43804494584271e-13	0.327831580847746	0.366	0.303	8.78289094782271e-09	c23	SSR3
4.4562533899285e-13	0.636655869026248	0.129	0.089	8.81892545866849e-09	c23	IDH3A
4.73827804919195e-13	0.14726872389627	0.894	0.839	9.37705225935087e-09	c23	CRIP1
4.949894507816e-13	0.19261962158798	0.653	0.569	9.79584123096786e-09	c23	COX6C
4.97491523293998e-13	0.697707981155881	0.093	0.059	9.84535724598823e-09	c23	PGS1
5.22182714075019e-13	1.6219368956806	0.016	0.005	1.03339959115446e-08	c23	FAM171A1
5.4726857083405e-13	0.427645947373843	0.175	0.127	1.08304450168058e-08	c23	MBNL2
5.68516518759741e-13	0.679853007558941	0.097	0.062	1.12509419062553e-08	c23	PRKAG2
6.55831463280909e-13	0.576981666299633	0.102	0.066	1.29789046583292e-08	c23	IER3
6.9295788923229e-13	0.470053530366517	0.144	0.1	1.3713636627907e-08	c23	RIPK1
6.98374336168478e-13	0.257905613215739	0.393	0.325	1.38208281127742e-08	c23	TNFRSF14
7.48622474423989e-13	0.833388833005079	0.079	0.049	1.48152387688507e-08	c23	C1GALT1C1
8.37353413765255e-13	0.23618066414573	0.506	0.434	1.65712240584144e-08	c23	SELENOH
1.00027583129486e-12	0.603928080956916	0.1	0.065	1.97954587013252e-08	c23	BLZF1
1.08517798647763e-12	0.558697573078672	0.073	0.043	2.14756723523922e-08	c23	SPART
1.18096002171327e-12	1.06225964538485	0.039	0.02	2.33711988297056e-08	c23	TRIM34
1.19139974774353e-12	1.38589074997337	0.02	0.008	2.35778010078445e-08	c23	SPI1
1.23227672818681e-12	1.93062177142269	0.01	0.002	2.43867564508171e-08	c23	RBM11
1.24088380139547e-12	0.207828403027115	0.653	0.581	2.45570904296163e-08	c23	UQCR11
1.28131917334148e-12	0.374687389571643	0.247	0.191	2.53573064404278e-08	c23	DNAJB4
1.30041000171739e-12	0.209851762187215	0.413	0.341	2.57351139339871e-08	c23	RBMS1
1.36076234395758e-12	0.324835195456393	0.37	0.307	2.69294867869205e-08	c23	PLK3
1.39687120742078e-12	1.36491078857394	0.029	0.013	2.76440811948572e-08	c23	FBXL8
1.40388411581065e-12	0.499646850675616	0.148	0.105	2.77828666518927e-08	c23	STX16
1.46036151398021e-12	0.125583417841601	0.966	0.957	2.89005543616683e-08	c23	HSPA8
1.79067742840627e-12	0.19426923382459	0.741	0.666	3.54375063081602e-08	c23	DAZAP2
1.82536732827355e-12	0.316764278404649	0.349	0.287	3.61240194265336e-08	c23	CASP4
1.95530723186993e-12	0.562499466651557	0.12	0.082	3.86955301187058e-08	c23	EMC2
2.13179469456223e-12	0.418807058664952	0.184	0.136	4.21882170053866e-08	c23	NCF4
2.14867291007383e-12	0.44781836399498	0.206	0.157	4.25222368903611e-08	c23	RIF1
2.51965651629271e-12	1.35089564337822	0.028	0.012	4.98640024574327e-08	c23	ATP10A
2.5446013926588e-12	0.478629419899639	0.206	0.157	5.03576615607176e-08	c23	MSL3
2.86150430653103e-12	0.541653790486104	0.154	0.112	5.66291702262492e-08	c23	PFDN6
3.43973798705506e-12	0.291219128034025	0.335	0.275	6.80724147638197e-08	c23	HERPUD2
3.70116798176272e-12	0.584243031313839	0.089	0.057	7.32461143590842e-08	c23	DLGAP4
3.9516640775045e-12	1.05378625314453	0.052	0.029	7.8203432093814e-08	c23	GORASP1
4.3018188525946e-12	0.343496524278392	0.24	0.187	8.51329950928471e-08	c23	MED28
4.48821049331401e-12	0.461903889170358	0.15	0.107	8.88216856626843e-08	c23	APOBEC3H
4.82623831472228e-12	0.544844826842475	0.178	0.133	9.55112562483539e-08	c23	COA6
4.95677662968924e-12	0.377289952559757	0.241	0.19	9.80946095015501e-08	c23	ERGIC2
5.10417741593516e-12	1.42525135634343	0.015	0.005	1.01011671061357e-07	c23	TRIQK
5.76997604253382e-12	1.47826695926543	0.024	0.01	1.14187825881744e-07	c23	FUT7
6.24281031568642e-12	0.528044327714487	0.16	0.118	1.23545216147434e-07	c23	GTF2H5
6.40171774970704e-12	0.394066272666925	0.225	0.174	1.26689994266702e-07	c23	PEF1
6.52071536560597e-12	0.132055335359296	0.239	0.181	1.29044957085342e-07	c23	CCR6
8.46780041696646e-12	0.393364174870266	0.237	0.186	1.67577770251766e-07	c23	NPC2
9.86040974794596e-12	0.297233950257185	0.303	0.245	1.95137508911851e-07	c23	SMAP1
1.01440634303462e-11	0.724742741044909	0.074	0.046	2.00751015286552e-07	c23	QKI
1.02566342220114e-11	0.163464884377311	0.792	0.719	2.02978791253606e-07	c23	ARPC3
1.09104807060678e-11	1.10969367187913	0.046	0.025	2.15918413173082e-07	c23	CCR1
1.1269160621969e-11	0.633172482727588	0.101	0.067	2.23016688708767e-07	c23	CASP7
1.41861188747286e-11	0.282032293799234	0.313	0.254	2.80743292530879e-07	c23	TMEM243
1.47519187406262e-11	0.355088779112912	0.276	0.222	2.91940471876993e-07	c23	SNRPE
1.55956122076615e-11	0.451086817126746	0.154	0.112	3.08637165589621e-07	c23	KLF10
1.77370956732228e-11	0.276443558616542	0.296	0.239	3.5101712337308e-07	c23	PDCD10
1.89339648347815e-11	0.519373670627143	0.117	0.081	3.74703164080327e-07	c23	ATF7IP2
1.96632120460201e-11	0.741289269612778	0.113	0.079	3.89134966390737e-07	c23	MAD2L1BP
2.01017376391641e-11	1.89384779735195	0.012	0.004	3.97813387879057e-07	c23	SAMD4A
2.18190983615815e-11	0.574440092963385	0.129	0.091	4.31799956575698e-07	c23	AFF1
2.27187902124016e-11	0.317384502833334	0.287	0.232	4.49604858303427e-07	c23	UBAC2
2.28516785660623e-11	0.207536972580524	0.532	0.464	4.52234718822372e-07	c23	TMEM258
2.29799187538505e-11	1.25663702768488	0.033	0.016	4.54772592138702e-07	c23	C15orf48
2.36568508799936e-11	0.509740067516792	0.122	0.085	4.68169078915072e-07	c23	NECAP1
2.58567560873313e-11	0.19281490310947	0.501	0.433	5.11705202968287e-07	c23	DDX3X
2.73168766230794e-11	0.270360803706055	0.388	0.329	5.40600988370742e-07	c23	TRAM1
2.86931172920269e-11	0.448730988047349	0.113	0.077	5.67836791209212e-07	c23	SPINT2
3.02833299591215e-11	0.571362663368562	0.122	0.085	5.99307099891015e-07	c23	C18orf25
3.11825913394684e-11	0.354117516349415	0.267	0.215	6.17103482608079e-07	c23	NDUFB3
3.46132198688107e-11	0.33998516770471	0.171	0.126	6.84995621203763e-07	c23	MAL
3.54347708538742e-11	0.638358838581044	0.112	0.077	7.01254115198171e-07	c23	RPAP3
3.59493506983630e-11	0.452959576777417	0.146	0.106	7.11437650320605e-07	c23	UBE2E1
3.75716441924387e-11	0.228244722618594	0.184	0.136	7.43542838568362e-07	c23	SYTL2
3.82145674879857e-11	0.419011051098447	0.173	0.129	7.56266290587237e-07	c23	RAB3GAP1
3.91947288786683e-11	0.361430600642771	0.25	0.198	7.75663684508846e-07	c23	IRF3
4.09915686826748e-11	1.13071704771176	0.022	0.009	8.11223144230135e-07	c23	ESPN
4.26799528939106e-11	0.92212743862699	0.032	0.015	8.44636267770491e-07	c23	CFH
4.31923984027955e-11	0.232004295550266	0.477	0.417	8.54777564391323e-07	c23	SNX3
4.46702699000784e-11	0.307425576968235	0.382	0.325	8.84024641322552e-07	c23	LPXN
4.53944589731067e-11	0.464833188331232	0.17	0.127	8.98356343077782e-07	c23	TRIM44
4.60222150095383e-11	0.32281838229227	0.291	0.239	9.10779635038762e-07	c23	NR4A1
5.16222470563718e-11	0.315350996491458	0.298	0.243	1.0216042692456e-06	c23	TSC22D4
5.22987029700376e-11	0.424827492126725	0.245	0.196	1.03499133177704e-06	c23	NBDY
5.47577199028707e-11	0.476750857362958	0.185	0.141	1.08365527687781e-06	c23	REEP3
6.08102066046362e-11	0.498226890123176	0.158	0.117	1.20343398870575e-06	c23	SNX20
6.64758813426212e-11	1.21146651973861	0.016	0.006	1.31555769177047e-06	c23	F2RL1
6.72516151109471e-11	0.251720669958611	0.377	0.316	1.33090946304564e-06	c23	MCUB
6.81423031475105e-11	0.297005218744146	0.299	0.244	1.34853617928923e-06	c23	TES
6.88835511089863e-11	0.281644096560523	0.35	0.292	1.36320547644684e-06	c23	CMTM3
7.02695406248003e-11	0.300582394572989	0.279	0.225	1.3906342089648e-06	c23	DERL1
7.07920572380704e-11	1.29457260827895	0.034	0.017	1.40097481274141e-06	c23	CEACAM1
7.83319149779154e-11	0.377475438370917	0.133	0.095	1.55018859741295e-06	c23	STAT6
8.12456248108336e-11	0.392217668951219	0.232	0.184	1.6078509150064e-06	c23	MORC3
8.14173440368979e-11	1.77115533228454	0.01	0.003	1.61124923849021e-06	c23	LRRC3
8.23988499246332e-11	0.23490635494737	0.442	0.382	1.63067324000849e-06	c23	SELENOF
8.7949942180309e-11	0.571853774728695	0.072	0.045	1.74052935574831e-06	c23	SMURF2
9.0824972969245e-11	1.37115221861119	0.018	0.007	1.79742621506136e-06	c23	MAGI3
1.0107959095443e-10	1.12221808410021	0.025	0.011	2.00036510498816e-06	c23	C1orf61
1.05844330469228e-10	0.468824795062063	0.153	0.113	2.09465929998602e-06	c23	ISCA2
1.06569008416697e-10	0.372020513935964	0.238	0.189	2.10900067656643e-06	c23	MAGED2
1.20377976561152e-10	0.445198145497929	0.163	0.122	2.3822801561452e-06	c23	CFAP97
1.2544919763277e-10	0.210195356819375	0.544	0.485	2.48263962115251e-06	c23	ERP29
1.47879241442809e-10	1.61833586773174	0.016	0.006	2.92653018815319e-06	c23	EDA
1.53263334385351e-10	0.302774107866263	0.262	0.211	3.0330813874861e-06	c23	DSTN
1.66421503417856e-10	0.769030973777463	0.051	0.03	3.29348155263937e-06	c23	CROT
1.79681174782942e-10	0.271634404799991	0.386	0.33	3.55589044895443e-06	c23	LSM8
1.91441015862822e-10	0.5253929336049	0.117	0.083	3.78861770392524e-06	c23	TRAK2
2.41245895364767e-10	1.61741744166638	0.01	0.003	4.77425626926874e-06	c23	AL136295.5
2.5050818355522e-10	0.205326372110062	0.646	0.581	4.9575569525578e-06	c23	COX5B
2.91534174948498e-10	0.326681263285281	0.285	0.236	5.76946132223077e-06	c23	VMP1
3.03778744033176e-10	0.73145054256815	0.107	0.075	6.01178134441655e-06	c23	WARS
3.26124257457494e-10	0.410117727982731	0.127	0.091	6.45399905508381e-06	c23	CALHM2
3.36690768194697e-10	0.538587167524049	0.121	0.087	6.66311030257305e-06	c23	GRN
3.61672665560924e-10	1.39208887618062	0.015	0.005	7.15750205145068e-06	c23	MNDA
3.68114703635424e-10	0.223235872141493	0.371	0.311	7.28498998494504e-06	c23	JMJD1C
4.02465994343918e-10	0.859363088099299	0.039	0.021	7.96480202806613e-06	c23	FBLN5
4.26354790739009e-10	0.485469578368102	0.118	0.083	8.43756130872499e-06	c23	FLAD1
4.30947054902139e-10	0.339820550833823	0.213	0.166	8.52844221651333e-06	c23	C6orf62
4.33544941373086e-10	0.442226873295873	0.087	0.057	8.57985438977338e-06	c23	SORBS3
4.44042653392132e-10	0.228742973391247	0.391	0.33	8.78760411063029e-06	c23	UBE2L3
4.6174599710567e-10	0.361684309471586	0.146	0.107	9.13795328272121e-06	c23	ELK3
4.77644397820458e-10	0.234513245486879	0.439	0.379	9.45258263286686e-06	c23	PRELID1
5.26226048947546e-10	0.678651696744125	0.055	0.033	1.04140135086719e-05	c23	THEMIS2
5.28446793941898e-10	1.3319257828751	0.015	0.006	1.04579620521102e-05	c23	RNF144B
5.29157095694119e-10	0.251523509793117	0.335	0.28	1.04720189237866e-05	c23	CCDC107
5.32288608945736e-10	0.414769736738198	0.201	0.157	1.05339915710361e-05	c23	TIA1
5.58171166633834e-10	0.18453253589424	0.474	0.41	1.10462073876836e-05	c23	SLC3A2
5.62110055540794e-10	0.350580492100154	0.181	0.138	1.11241579991523e-05	c23	PTTG1IP
5.70047362859447e-10	0.237832549997809	0.524	0.467	1.12812373109885e-05	c23	UQCR10
5.84646275275715e-10	1.11777371555153	0.021	0.009	1.15701497877064e-05	c23	RNASE1
5.85063533407575e-10	1.13224314154163	0.025	0.012	1.15784073261359e-05	c23	GSDMB
6.47324698679908e-10	0.463856038233848	0.157	0.118	1.28105557868754e-05	c23	LPCAT4
6.50620506962386e-10	1.10500937944095	0.034	0.018	1.28757798327856e-05	c23	C1QB
6.6618505398734e-10	0.282336944851943	0.325	0.272	1.31838022184095e-05	c23	RNF181
6.89382271836108e-10	0.386419689209385	0.201	0.158	1.36428751596366e-05	c23	GIT2
6.98009622001486e-10	0.552962769206111	0.12	0.086	1.38136104194094e-05	c23	OARD1
8.10750785529115e-10	1.47648437957958	0.018	0.007	1.60447580456212e-05	c23	SERPINE1
8.15682715029608e-10	1.24849543763543	0.017	0.007	1.61423609304359e-05	c23	RAB19
8.68113575681953e-10	0.37413914194103	0.177	0.136	1.71799676627459e-05	c23	WHAMM
8.79230952351185e-10	0.577027658104659	0.052	0.031	1.739998054703e-05	c23	MDK
9.09389256135109e-10	0.396188140880185	0.159	0.119	1.79968133789138e-05	c23	TNFSF8
9.74694209272873e-10	0.331540375370203	0.379	0.329	1.92891984015102e-05	c23	CMTM6
9.88182622678085e-10	0.303184521692729	0.329	0.277	1.95561341027993e-05	c23	VPS29
1.02839482729111e-09	0.326043528320125	0.175	0.133	2.03519336320911e-05	c23	C16orf54
1.06924554735398e-09	0.826679456757699	0.066	0.042	2.11603693821353e-05	c23	FANCA
1.12780680635343e-09	0.424936003225454	0.147	0.11	2.23192966977343e-05	c23	SERINC5
1.24260775161004e-09	0.812333393653082	0.038	0.021	2.45912074043627e-05	c23	LDOC1
1.38082645909418e-09	0.556425296606257	0.108	0.077	2.73265556254739e-05	c23	BLMH
1.42001972708603e-09	0.192091814594579	0.484	0.423	2.81021903990326e-05	c23	N4BP2L2
1.51191195228802e-09	0.182463337082357	0.454	0.396	2.99207375357799e-05	c23	TBC1D10C
1.54029152683268e-09	0.289477066989023	0.209	0.164	3.04823693160188e-05	c23	MIA3
1.65529407093653e-09	0.253818723066813	0.059	0.036	3.27582696638339e-05	c23	PTPN13
1.65635581159623e-09	0.380683671745233	0.151	0.112	3.27792815114895e-05	c23	KIAA0040
1.72610269135474e-09	0.399344002219191	0.177	0.137	3.41595722619104e-05	c23	ACAA1
1.81674062699402e-09	0.426034707696332	0.075	0.049	3.59532970082117e-05	c23	CD200R1
1.82841219179108e-09	0.246890851716873	0.412	0.357	3.61842772755454e-05	c23	GTF3A
2.00202562234806e-09	0.361500475149458	0.258	0.213	3.96200870662682e-05	c23	MRPS18C
2.05272464075471e-09	0.373186393226359	0.192	0.151	4.06234206405358e-05	c23	LIX1L
2.21611734045671e-09	0.237219886748591	0.367	0.313	4.38569621676383e-05	c23	TMED2
2.22505038248513e-09	0.128550453446549	0.828	0.776	4.40337470693807e-05	c23	HSPE1
2.29173596692519e-09	1.30465741210737	0.014	0.005	4.53534547854495e-05	c23	ADM
2.36460150890059e-09	0.492260864944479	0.117	0.084	4.67954638611426e-05	c23	NUDT14
2.4257184028767e-09	0.950236332672666	0.031	0.016	4.80049671929299e-05	c23	ZNF626
2.56808581902873e-09	0.752563825033575	0.059	0.036	5.08224183585787e-05	c23	IGFBP3
2.66760059350427e-09	1.41549023677347	0.017	0.007	5.27918157454495e-05	c23	C8orf44
2.95306401549018e-09	0.264142964482411	0.326	0.276	5.84411368665506e-05	c23	SPCS3
3.15612806067699e-09	0.86814452951574	0.043	0.025	6.24597743207976e-05	c23	CPEB2
3.18356493376174e-09	1.08827589972453	0.022	0.01	6.30027500391447e-05	c23	RLN2
3.3081681230461e-09	0.253171974873764	0.316	0.263	6.54686471550824e-05	c23	C19orf70
3.38409911903189e-09	0.484828269922606	0.09	0.061	6.69713215656411e-05	c23	SGK3
3.97114476896135e-09	0.327853738358195	0.165	0.126	7.85889549777451e-05	c23	NBN
4.21529802547293e-09	0.487472565651957	0.115	0.083	8.34207479241093e-05	c23	ORAI2
4.41017976487616e-09	0.214587673202741	0.428	0.374	8.72774575468992e-05	c23	RHOF
4.56279241307745e-09	0.366620965267902	0.226	0.183	9.02976618548027e-05	c23	TINF2
4.64019173396639e-09	0.846838348033321	0.032	0.017	9.18293944151948e-05	c23	CDKL1
5.05259088213814e-09	0.32792035130464	0.279	0.232	9.99907735575138e-05	c23	PHPT1
5.11633932982447e-09	0.313065135810852	0.269	0.222	0.000101252355337226	c23	LSM6
5.37585653271959e-09	0.194244043040406	0.218	0.171	0.000106388200782521	c23	PERP
5.40861280368834e-09	0.845272426304222	0.044	0.026	0.000107036447384992	c23	NR1D1
5.9474407983396e-09	0.143176875564323	0.747	0.693	0.000117699853399141	c23	PPIB
6.00084711567825e-09	0.224711721513236	0.408	0.352	0.000118756764419272	c23	GDI2
6.15186426488808e-09	0.296238086389903	0.278	0.231	0.000121745393802135	c23	GNAI3
6.24427180735226e-09	0.245869622950139	0.34	0.288	0.000123574139067501	c23	MIER1
6.91677392000193e-09	0.32271245217123	0.205	0.164	0.000136882955876838	c23	TFG
7.64379452201765e-09	0.363315360740176	0.173	0.135	0.000151270693590729	c23	SPATA13
8.63076535457739e-09	0.497498450851875	0.102	0.073	0.000170802846367087	c23	TRAF2
9.22012139982241e-09	1.18763339968961	0.022	0.01	0.000182466202502486	c23	SECTM1
9.50694185339763e-09	0.147235814501211	0.681	0.617	0.000188142379278739	c23	UBL5
9.80155864203629e-09	0.20666690133465	0.408	0.349	0.000193972845525898	c23	SNRPD3
1.0658527110089e-08	0.122525248731471	0.838	0.777	0.000210932251508661	c23	COX7C
1.07148296454953e-08	0.664628129470183	0.072	0.048	0.000212046478684353	c23	NFKBIE
1.10469570957269e-08	0.602833628434029	0.076	0.051	0.000218619280924435	c23	CYSLTR1
1.16490709240923e-08	0.725333073208196	0.047	0.028	0.000230535113587786	c23	WWC3
1.26322108071658e-08	0.189962842952558	0.43	0.374	0.00024999145187381	c23	PPP2R5C
1.36206006811105e-08	0.150767250107683	0.662	0.592	0.000269551687479177	c23	COX7A2
1.46871913449126e-08	0.674500630053734	0.077	0.052	0.00029065951671582	c23	GCA
1.52716767526589e-08	1.38820451794567	0.013	0.005	0.000302226482935119	c23	CRB3
1.57445398385082e-08	0.261182332354623	0.289	0.24	0.000311584443404077	c23	BAG3
1.59243343570242e-08	0.749931544207979	0.054	0.034	0.000315142576925508	c23	LST1
1.80990345570591e-08	0.503667205360039	0.109	0.079	0.0003581798938842	c23	SPSB1
1.85497321027066e-08	0.147417296680189	0.64	0.574	0.000367099198312563	c23	COX6B1
1.91345164329142e-08	0.246792248015506	0.399	0.346	0.000378672080207373	c23	PPP4C
1.97427816910146e-08	0.369381678903463	0.105	0.075	0.00039070964966518	c23	IGFBP4
1.98879010692293e-08	0.147602353034023	0.569	0.514	0.000393581562160048	c23	IER2
1.99002042128168e-08	0.264943769539293	0.279	0.233	0.000393825041371644	c23	VSIR
2.12762442890368e-08	0.432959125874084	0.115	0.084	0.000421056874480039	c23	ZBTB43
2.17913976979196e-08	0.302942823202685	0.236	0.193	0.00043125176044183	c23	NIFK
2.21279160409276e-08	0.422187312845979	0.11	0.079	0.000437911458449958	c23	PDK3
2.22364222085774e-08	0.513135964245845	0.105	0.076	0.000440058795507748	c23	PLEKHF2
2.25834624618557e-08	1.59695890799578	0.011	0.004	0.000446926722120124	c23	ENPP2
2.29993584983941e-08	0.654854951060464	0.061	0.039	0.00045515730468322	c23	SLC37A1
2.41616790460619e-08	0.206000036540562	0.358	0.307	0.000478159628321565	c23	ATF4
2.6068616010448e-08	0.488506414040619	0.146	0.112	0.000515897910846766	c23	NAGK
2.64105844307701e-08	0.282224566792526	0.292	0.247	0.00052266546588494	c23	NUCB1
2.74190520939909e-08	0.800398425078974	0.062	0.04	0.000542623040940079	c23	FUNDC1
2.7560886886665e-08	0.462463107372409	0.104	0.075	0.000545429951487099	c23	SUPT3H
2.88295217972237e-08	0.161498026997072	0.762	0.718	0.000570536236367057	c23	FYB1
2.97411569784809e-08	0.645475131400603	0.067	0.045	0.000588577496604137	c23	SMIM30
3.03500178737425e-08	0.59811212141436	0.074	0.05	0.000600626853721365	c23	KLHDC7B
3.08680703591491e-08	0.444944001058024	0.125	0.093	0.000610879112407561	c23	EXOC2
3.23386281380744e-08	0.19974314003609	0.384	0.334	0.000639981450852492	c23	SNRPB2
3.28392002390817e-08	0.214547067801515	0.347	0.294	0.000649887772731427	c23	RPS19BP1
3.33119448927964e-08	0.384889889043999	0.17	0.134	0.000659243389428441	c23	ARNTL
3.39461301711658e-08	0.378808406196752	0.122	0.091	0.000671793916087372	c23	TAPBPL
3.78160728677728e-08	0.341679185434186	0.191	0.152	0.000748380082053224	c23	B3GAT3
3.8611270011372e-08	0.348458183122159	0.22	0.18	0.000764117033525053	c23	THOC7
3.96517838489876e-08	0.432388019981085	0.208	0.169	0.000784708802371464	c23	GCHFR
4.06856400082382e-08	0.181872813313698	0.24	0.193	0.000805168815763034	c23	PDLIM2
4.36926081814971e-08	0.877202008984484	0.02	0.009	0.000864676715911827	c23	FRY
4.37193489769522e-08	0.48968868335181	0.114	0.084	0.000865205916253884	c23	HOXB2
4.67181312149163e-08	0.743481539070771	0.046	0.028	0.000924551816743194	c23	ZMYM1
5.10841189612419e-08	0.268368216930087	0.183	0.143	0.00101095471424298	c23	PTPN4
5.34624006103511e-08	0.567006968305775	0.062	0.04	0.00105802090807885	c23	ABCB1
5.58986551463315e-08	0.396243158410576	0.187	0.151	0.0011062343853459	c23	COMMD8
5.9319890745427e-08	1.72756920137358	0.013	0.005	0.001173940637852	c23	GCNT2
6.27089140039972e-08	0.152779570358426	0.52	0.458	0.0012410094081391	c23	GNB2
7.29545653164808e-08	0.162654672816828	0.42	0.365	0.00144377084761315	c23	ZAP70
8.45468756411259e-08	0.16474340568646	0.474	0.42	0.00167318266893788	c23	TAF1D
8.71244853125469e-08	0.290192675079127	0.235	0.194	0.0017241935643353	c23	NECAP2
8.87351151525357e-08	0.301503039128296	0.259	0.217	0.00175606792886868	c23	SUMO3
8.95565804394477e-08	0.414709354955411	0.163	0.128	0.00177232472689667	c23	ATP6V1H
9.05231505429697e-08	0.479100724690312	0.04	0.024	0.00179145314924537	c23	KLF5
9.30982068237159e-08	0.508710197731358	0.097	0.07	0.00184241351304134	c23	ZNF720
9.38871172259376e-08	0.310849645142266	0.127	0.095	0.00185802604990131	c23	USP25
9.79997453005339e-08	0.39627656215985	0.144	0.111	0.00193941495949757	c23	ESF1
9.98710881337342e-08	0.231104380941624	0.379	0.33	0.0019764488341666	c23	MED10
1.01016611828231e-07	0.221035090552632	0.316	0.27	0.0019991187480807	c23	CYBC1
1.01624064700703e-07	0.375946196634893	0.044	0.027	0.00201114024042691	c23	SPP1
1.0165459538073e-07	0.334493214936977	0.173	0.137	0.00201174444258465	c23	MED31
1.13426974898825e-07	0.418100639735895	0.122	0.092	0.00224471983324775	c23	UBQLN2
1.21819133583451e-07	0.173089741596695	0.545	0.489	0.00241080065361649	c23	CD247
1.21907270786359e-07	0.326773629682189	0.193	0.156	0.00241254488886204	c23	LMF2
1.25150604999442e-07	0.260089750127588	0.241	0.199	0.00247673047293895	c23	PYCARD
1.25627747352546e-07	0.375883049340521	0.084	0.059	0.00248617312010688	c23	ANK3
1.28471853587454e-07	0.941090638597945	0.019	0.009	0.00254245798249572	c23	RLN1
1.28829071764522e-07	0.384928437731171	0.075	0.051	0.00254952733021988	c23	MYBL1
1.4011570528086e-07	0.286394618171084	0.218	0.179	0.00277288980750822	c23	PPP2R2A
1.43193282497514e-07	0.445788401635845	0.128	0.097	0.0028337950606258	c23	PIGC
1.44408302770226e-07	0.540813089248329	0.065	0.044	0.00285784031182276	c23	AIM2
1.49061058180127e-07	0.274170832085586	0.233	0.192	0.00294991834138472	c23	STARD3
1.55781806281091e-07	1.54919551013183	0.012	0.004	0.00308292194630279	c23	KLF8
1.68999204707047e-07	0.38062892438582	0.128	0.097	0.00334449426115245	c23	UBE2Q2
1.73370040038412e-07	0.153552500756279	0.442	0.387	0.00343099309236016	c23	NDUFB4
1.7399193353118e-07	0.215468947916706	0.395	0.344	0.00344330036458206	c23	NOP10
1.886542862608e-07	0.265638142263357	0.188	0.151	0.00373346832510124	c23	UBR2
1.92032053386563e-07	0.298622936872606	0.12	0.09	0.00380031433652009	c23	CD226
1.92480549430216e-07	0.418112748552087	0.122	0.092	0.00380919007322398	c23	USP42
2.01034872595994e-07	0.257148056839517	0.277	0.235	0.00397848012867472	c23	ATG12
2.20075828361751e-07	0.4389223228654	0.117	0.088	0.00435530064327904	c23	AP5Z1
2.21275126803893e-07	0.35050833476283	0.188	0.152	0.00437903475944903	c23	TXNDC9
2.23206823094271e-07	0.408852835308213	0.102	0.075	0.00441726302903562	c23	IL18R1
2.31589340884279e-07	0.388622324312236	0.162	0.128	0.00458315305609988	c23	RBM7
2.36437099193121e-07	0.303932874549514	0.117	0.088	0.00467909019303186	c23	MGAT5
2.40289548170324e-07	0.315202085713708	0.241	0.203	0.00475533015829072	c23	C11orf98
2.45901473161457e-07	0.815498514087061	0.051	0.033	0.00486639015386524	c23	IRF5
2.56122961169614e-07	0.284483394322503	0.14	0.108	0.00506867340154666	c23	LPGAT1
2.66060292059428e-07	0.687328257158937	0.024	0.013	0.00526533317985608	c23	NECTIN3
2.68451437618129e-07	0.425936877649192	0.132	0.102	0.00531265395046278	c23	VAMP4
2.71873464368408e-07	0.359944630856389	0.167	0.133	0.00538037585985079	c23	UPF2
2.76033473908848e-07	0.888686692554187	0.036	0.021	0.00546270244865611	c23	DOLPP1
2.96561924681042e-07	0.106689513870646	0.467	0.412	0.00586896048943783	c23	CD96
3.47689751318639e-07	0.517314684837468	0.05	0.032	0.00688078017859586	c23	TMEM273
3.56804039437457e-07	0.305789426057522	0.191	0.156	0.00706115194046727	c23	CCDC90B
3.5863782608901e-07	0.984624420081563	0.013	0.006	0.00709744257830152	c23	CCDC65
3.6122710718787e-07	0.13795007372994	0.499	0.44	0.00714868445124795	c23	ANXA6
3.62811849908704e-07	0.966942668000964	0.027	0.015	0.00718004650969325	c23	SLC25A28
3.67638619493606e-07	0.41000355282457	0.133	0.103	0.00727556827977846	c23	ANAPC13
3.88554516234029e-07	0.182014474402503	0.473	0.418	0.00768949387627143	c23	PSMB3
4.36681599542328e-07	0.131412990779594	0.59	0.535	0.00864192885494267	c23	EIF3E
4.4685527619984e-07	0.295858875239951	0.272	0.233	0.00884326591599483	c23	CLNS1A
4.6054169152988e-07	0.22620082498079	0.261	0.22	0.00911412007537632	c23	PHB
4.77174397374932e-07	0.346486402266829	0.101	0.074	0.00944328132404991	c23	DDAH2
4.79238725041094e-07	0.555867765403461	0.058	0.038	0.00948413436856324	c23	NSG1
4.79951604664026e-07	0.321329446101436	0.232	0.194	0.00949824225630108	c23	C1D
4.88814698469001e-07	0.160833132649146	0.355	0.305	0.00967364288270154	c23	CMPK1
4.95380173188738e-07	0.497116887453187	0.074	0.052	0.00980357362740513	c23	POC1B
5.08060408856362e-07	0.340511395229809	0.141	0.11	0.0100545154912674	c23	STN1
5.39109076640012e-07	0.399535857416298	0.118	0.09	0.0106689686267058	c23	SHC1
5.51484016686645e-07	0.618481969965073	0.096	0.071	0.0109138686902287	c23	GRPEL2
5.51733598133541e-07	0.430323193645746	0.074	0.052	0.0109188079070628	c23	CREG1
5.7262833884469e-07	0.155642206986529	0.391	0.341	0.0113323148257364	c23	TRAF3IP3
5.7308569083705e-07	0.351706116519537	0.176	0.142	0.0113413658216652	c23	CREB1
5.8704920293246e-07	0.116847653160817	0.71	0.657	0.0116177037260334	c23	SERP1
5.88386311403999e-07	0.356545016610297	0.193	0.158	0.0116441651026851	c23	NDUFA9
5.8846131524503e-07	0.556511444945129	0.092	0.068	0.0116456494286992	c23	TRIM13
5.9028580513054e-07	0.172175065614374	0.481	0.435	0.0116817560835334	c23	POMP
6.28215124187838e-07	0.950713031217349	0.019	0.01	0.0124323773076773	c23	CEP112
6.29563885394434e-07	0.289022260345726	0.31	0.269	0.0124590692919558	c23	SOCS3
6.38006148237452e-07	0.24479558496249	0.347	0.305	0.0126261416736192	c23	MAX
6.41906362764926e-07	1.14677118234925	0.014	0.006	0.0127033269191179	c23	SEC31B
6.82011446223797e-07	0.207706799791563	0.315	0.272	0.0134970065207689	c23	PCNP
6.99572796465097e-07	0.188244382297897	0.333	0.286	0.0138445456420443	c23	SIT1
7.21376064663287e-07	0.756671313159494	0.066	0.046	0.0142760323196865	c23	MICB
7.47684385972302e-07	0.339673805058505	0.123	0.094	0.0147966739983919	c23	SMG7
7.56808243778694e-07	0.237443283154796	0.139	0.108	0.0149772351443804	c23	RETREG1
7.58800284984747e-07	0.786438795647191	0.047	0.03	0.0150166576398481	c23	TIPIN
7.60975866959165e-07	0.417879492079576	0.098	0.073	0.0150597124071219	c23	MOCS2
7.62760987620327e-07	0.400963649526166	0.123	0.095	0.0150950399450063	c23	AAGAB
7.67954090137324e-07	0.706951672393891	0.033	0.019	0.0151978114438176	c23	HVCN1
7.78731463450118e-07	1.30122567580309	0.014	0.006	0.0154110956616778	c23	PI16
7.80237151330248e-07	0.141872218002454	0.549	0.501	0.0154408932248256	c23	RSRP1
7.8994840845058e-07	0.249403793044265	0.266	0.226	0.015633079003237	c23	ORMDL1
8.11253266606995e-07	0.297238447370363	0.173	0.14	0.0160547021461524	c23	PCF11
8.13263546263802e-07	0.999808797369502	0.039	0.024	0.0160944855805606	c23	CD274
8.27848081183681e-07	0.310019082556219	0.103	0.077	0.0163831135266251	c23	TMEM204
8.60609431109384e-07	0.341281555850316	0.611	0.584	0.0170314606416547	c23	RGS1
8.62441150825936e-07	0.211741090206681	0.293	0.25	0.0170677103748453	c23	FBXO7
8.68876687436054e-07	0.552020244128698	0.07	0.049	0.0171950696443595	c23	SOS1
8.83048288948519e-07	0.370145343277783	0.164	0.131	0.0174755256382912	c23	CEBPD
9.10874594365025e-07	1.00079645669641	0.026	0.014	0.0180262082224838	c23	EIF4EBP3
9.34130529525402e-07	0.994332602437469	0.02	0.01	0.0184864431793077	c23	RFESD
9.66673293321317e-07	0.306877158307615	0.228	0.194	0.0191304644748289	c23	HPCAL1
9.91507643198886e-07	1.0796964114265	0.018	0.009	0.019621936258906	c23	PAIP2B
1.03352169087952e-06	0.231071493091523	0.297	0.257	0.0204533942625058	c23	PGLS
1.07433867420271e-06	0.375305788681745	0.139	0.11	0.0212611623624716	c23	TRIM27
1.0780458970039e-06	0.485689115019097	0.09	0.067	0.0213345283017072	c23	MBD5
1.07916604000986e-06	0.197839701543672	0.392	0.346	0.021356695931795	c23	BANF1
1.12583395266874e-06	0.610488465567027	0.047	0.03	0.0222802539233144	c23	FXYD1
1.13514160938235e-06	0.158374265110801	0.463	0.412	0.0224644524496768	c23	MZT2A
1.15553503716111e-06	0.254704526259405	0.616	0.58	0.0228680383854184	c23	NFKBIA
1.18502048059225e-06	0.202959236677052	0.325	0.283	0.0234515553109206	c23	PRNP
1.21036314414884e-06	0.1068565201132	0.754	0.7	0.0239530866227056	c23	UBE2D3
1.22902203425476e-06	0.402497481954468	0.117	0.09	0.0243223460579016	c23	CD151
1.24486533220731e-06	0.368085091038674	0.178	0.145	0.0246358849243827	c23	LLPH
1.35032888545901e-06	0.512466064177892	0.059	0.04	0.0267230086432339	c23	VILL
1.3712821526437e-06	0.211726233284077	0.321	0.28	0.0271376738008188	c23	APH1A
1.38157159901088e-06	0.546167254037937	0.07	0.05	0.0273413019444254	c23	NOC3L
1.44490638624346e-06	0.552462645339417	0.07	0.049	0.0285946973837581	c23	B4GALT4
1.44822986189704e-06	0.938612653014571	0.02	0.01	0.0286604689669423	c23	C3orf18
1.45631234755465e-06	0.211758434859447	0.227	0.189	0.0288204213581064	c23	NABP1
1.47820575977177e-06	0.459006179267305	0.113	0.087	0.0292536919858833	c23	ARRDC3
1.59070015844321e-06	0.217530967302369	0.186	0.15	0.0314799561355911	c23	TNFSF14
1.61480613072854e-06	0.183968718605205	0.335	0.292	0.0319570133271178	c23	PSMG2
1.62689646394982e-06	0.297538550467681	0.153	0.122	0.0321962810215669	c23	ADPGK
1.64191578013661e-06	0.690031534351248	0.042	0.027	0.0324935132889035	c23	PARP3
1.71085531538977e-06	0.145877653149144	0.516	0.464	0.0338578266915636	c23	SNRPG
1.7415157939731e-06	1.34430476642626	0.015	0.007	0.0344645975627277	c23	MDGA1
1.9641551165442e-06	0.345527056147541	0.134	0.105	0.0388706297564098	c23	IFNAR1
1.9776107236904e-06	0.376635894915284	0.119	0.092	0.0391369162218331	c23	ZNF791
1.99142063110485e-06	0.270301188539679	0.303	0.265	0.0394102142895649	c23	M6PR
2.0236623853338e-06	0.339725553644421	0.127	0.099	0.0400482786057559	c23	NDUFAF4
2.03188878504696e-06	0.185797156324948	0.317	0.273	0.0402110790560793	c23	NFKBIZ
2.04175517901783e-06	0.224111242448164	0.249	0.211	0.0404063349927629	c23	DBNL
2.11455516500605e-06	0.286869344874057	0.198	0.164	0.0418470467154698	c23	PBDC1
2.12418742073835e-06	0.311526591951603	0.214	0.181	0.042037669056412	c23	LAMTOR2
2.13460048880923e-06	0.141903299916358	0.608	0.555	0.0422437436735347	c23	GMFG
2.1953219951675e-06	0.114033868587681	0.505	0.454	0.0434454222843649	c23	ARID5A
2.19861449028059e-06	1.57376873401059	0.012	0.005	0.0435105807626529	c23	TMPRSS3
2.33743995760468e-06	0.573895669324333	0.034	0.02	0.0462579367609966	c23	APOC1
2.39679095112143e-06	0.198050849693204	0.352	0.307	0.0474324929226931	c23	TMED9
2.40068823499478e-06	0.284015694520567	0.219	0.185	0.0475096201705467	c23	TMEM14C
2.44492937669249e-06	0.265993349002079	0.175	0.143	0.0483851523647444	c23	LINS1
