p_val	avg_log2FC	pct.1	pct.2	p_val_adj	cluster	gene
0	1.52422916603796	0.855	0.336	0	c6	GZMK
0	0.880198073071462	0.858	0.418	0	c6	NKG7
0	1.94726498286653	0.789	0.372	0	c6	FOSB
0	2.16017550393733	0.732	0.316	0	c6	SERTAD1
0	1.90346150885917	0.771	0.368	0	c6	CCL4
0	0.642304420220003	0.976	0.576	0	c6	CCL5
0	2.1604160225984	0.848	0.456	0	c6	UBE2S
0	2.07329136923363	0.634	0.272	0	c6	H2AFX
0	2.32487996453927	0.544	0.201	0	c6	MARCKSL1
0	0.9639780645146	0.919	0.614	0	c6	CST7
0	1.85367386906823	0.897	0.595	0	c6	TUBB4B
0	1.90354245956041	0.527	0.227	0	c6	NR4A1
0	1.89778927120964	0.538	0.238	0	c6	CCL4L2
0	1.64905394942237	0.917	0.618	0	c6	NR4A2
0	1.88557760165983	0.536	0.244	0	c6	NEU1
0	1.05561757670149	0.724	0.436	0	c6	FOS
0	2.58219998169907	0.36	0.085	0	c6	TNFSF9
0	1.51463173871685	0.656	0.391	0	c6	CITED2
0	1.32919906983581	0.878	0.616	0	c6	HSPA1B
0	1.13222616049484	0.754	0.494	0	c6	PPP1R15A
0	1.19129673130274	0.715	0.457	0	c6	MYADM
0	1.5994935571884	0.645	0.388	0	c6	EIF4A3
0	1.44034929958926	0.758	0.504	0	c6	IER2
0	1.5169241275658	0.471	0.22	0	c6	CMC1
0	1.56719604949253	0.554	0.305	0	c6	IFRD1
0	2.32290558748475	0.367	0.118	0	c6	EGR1
0	1.27999231135041	0.952	0.706	0	c6	DUSP1
0	1.28973780001178	0.485	0.24	0	c6	ITM2C
0	1.52667772038924	0.825	0.587	0	c6	TUBA4A
0	1.36982032005759	0.966	0.729	0	c6	DUSP2
0	1.55222746514682	0.614	0.382	0	c6	ODC1
0	1.31084445186894	0.782	0.557	0	c6	BTG2
0	1.3533322947489	0.849	0.628	0	c6	BRD2
0	1.20676368650696	0.603	0.384	0	c6	CSRNP1
0	1.47664618728822	0.474	0.258	0	c6	FABP5
0	1.40216661275391	0.503	0.293	0	c6	TUBA1C
0	1.32226126695477	0.523	0.314	0	c6	CKS2
0	1.88145042294846	0.353	0.145	0	c6	TUBB2A
0	1.1314640206817	0.852	0.649	0	c6	YPEL5
0	1.65990153036024	0.408	0.206	0	c6	AREG
0	1.29542739957735	0.501	0.3	0	c6	JMJD6
0	1.04178264749344	0.875	0.675	0	c6	HSPH1
0	1.62126463987257	0.308	0.11	0	c6	CRTAM
0	1.66522569260613	0.355	0.158	0	c6	RASGEF1B
0	1.14973302978403	0.865	0.674	0	c6	JUN
0	1.79631567177615	0.328	0.14	0	c6	FAM53C
0	0.772832187608364	0.825	0.64	0	c6	TUBA1B
0	1.3809142535723	0.31	0.127	0	c6	KLRG1
0	1.32850565195426	0.975	0.792	0	c6	DNAJA1
0	1.18908913883864	0.629	0.453	0	c6	GTF2B
0	1.05405939417429	0.748	0.573	0	c6	TUBA1A
0	1.01264656236689	0.776	0.608	0	c6	SRSF2
0	1.16506443460556	0.844	0.678	0	c6	HSPA1A
0	1.66662912909828	0.245	0.083	0	c6	PLEK
0	1.35222510381159	0.993	0.835	0	c6	DNAJB1
0	0.859492808841843	0.93	0.776	0	c6	JUNB
0	1.17828517431637	0.79	0.638	0	c6	H2AFZ
0	2.17971698487888	0.187	0.042	0	c6	DKK3
0	0.989780084979836	0.854	0.71	0	c6	RGCC
0	0.929042521380461	0.821	0.677	0	c6	DYNLL1
0	0.744019680013845	0.931	0.79	0	c6	ZFP36
0	0.899638489243546	0.81	0.689	0	c6	FUS
0	0.863262286299383	0.902	0.787	0	c6	SRSF7
0	0.867096419197451	0.859	0.75	0	c6	CALM2
0	2.49524888852307	0.139	0.033	0	c6	ID1
0	0.888138820146399	0.955	0.85	0	c6	CXCR4
0	1.21025909102354	0.982	0.89	0	c6	UBB
0	1.00101676439877	0.985	0.897	0	c6	HSP90AB1
0	0.780936917603465	0.93	0.866	0	c6	DDX5
0	0.645245250033132	0.981	0.934	0	c6	CALM1
0	0.929034214736187	0.99	0.944	0	c6	HSP90AA1
0	0.948687463772165	0.999	0.955	0	c6	HSPA8
0	0.466182654339919	0.992	0.948	0	c6	UBC
0	0.893674427972869	0.999	0.974	0	c6	H3F3B
0	0.724255514118722	0.999	0.979	0	c6	EIF1
0	0.496777532072608	0.999	0.987	0	c6	PTMA
4.54327124325394e-307	2.21116587847276	0.17	0.05	8.99113379039954e-303	c6	ZNF296
4.13236724340378e-306	1.05274972068548	0.749	0.651	8.17795477469607e-302	c6	SAP18
1.72709843708378e-304	1.10242393683451	0.686	0.511	3.41792780698879e-300	c6	ZNF331
9.8063655185093e-297	0.627262179247531	0.672	0.378	1.94067973611299e-292	c6	CD8A
1.95102595480853e-292	0.787058638380263	0.85	0.727	3.86108036456609e-288	c6	LDHA
5.25588940489745e-288	1.34043729803813	0.487	0.299	1.0401405132292e-283	c6	ANKRD37
2.44912878463363e-286	0.880919851186724	0.376	0.182	4.84682586478996e-282	c6	STMN1
1.55910538981664e-279	0.449003481722449	0.752	0.454	3.08546956644713e-275	c6	GZMA
1.16100497071815e-270	1.19531824605829	0.51	0.334	2.29762883705122e-266	c6	AMD1
1.79189326318524e-266	1.17924089261207	0.477	0.289	3.5461567678436e-262	c6	MYLIP
8.5855599005496e-266	1.33088364587971	0.389	0.21	1.69908230431877e-261	c6	IER5
9.35287434628181e-261	1.33764236160996	0.424	0.247	1.85093383312917e-256	c6	DDIT3
7.23871263918431e-257	0.893599859256838	0.689	0.539	1.43254123129458e-252	c6	HERPUD1
1.27912689368834e-251	1.66745460837189	0.19	0.067	2.53139212260923e-247	c6	ENC1
1.89130195245476e-251	0.729469369459567	0.741	0.598	3.74288656390797e-247	c6	HSPA5
1.84950488499262e-247	0.659960669821424	0.882	0.773	3.66017016740039e-243	c6	HSPE1
1.91729480067376e-240	1.22331284914428	0.523	0.344	3.79432641053337e-236	c6	GADD45B
9.68630355431819e-238	0.845715960262895	0.601	0.422	1.91691947339957e-233	c6	GZMM
3.54633403712527e-234	1.32320854220305	0.415	0.244	7.01819505947091e-230	c6	NR4A3
2.49804748087627e-225	0.40142771371314	0.997	0.973	4.94363596465413e-221	c6	BTG1
3.58850825999962e-225	0.699755588214947	0.67	0.52	7.10165784653925e-221	c6	HIST1H4C
1.47422923377866e-222	1.47030525495665	0.275	0.125	2.91749965364797e-218	c6	IFNG
7.38695325253023e-222	1.06346041901107	0.572	0.428	1.46187804867573e-217	c6	DDX3X
7.70872745534745e-222	2.09045020590625	0.127	0.037	1.52555716341326e-217	c6	ARL4D
2.61593700373771e-221	1.69723590635118	0.157	0.052	5.17693933039693e-217	c6	ADRB2
5.21417040681421e-220	1.3097543871373	0.418	0.258	1.03188432350853e-215	c6	PNP
2.69788185595364e-219	0.680040453018753	0.79	0.69	5.33910819293225e-215	c6	EIF5
1.67828700106389e-212	0.519688846537519	0.915	0.849	3.32132997510543e-208	c6	PNRC1
2.67952069311339e-212	1.44197893236863	0.308	0.161	5.30277145167139e-208	c6	SLC1A5
2.69456504159534e-210	1.2163388178308	0.409	0.249	5.33254421731719e-206	c6	TIPARP
2.12828409248094e-206	1.41656896631592	0.323	0.176	4.21187421901979e-202	c6	OAT
7.02624470590004e-206	1.09433497277797	0.515	0.371	1.39049382729762e-201	c6	MAT2A
4.57499797204159e-204	0.882200624251303	0.654	0.514	9.0539209866703e-200	c6	TAGAP
1.33789468115187e-198	0.806901041281335	0.639	0.513	2.64769357399955e-194	c6	ARL6IP1
2.2737837341741e-195	1.10993001938695	0.258	0.118	4.49981800993055e-191	c6	AOAH
2.78216077838534e-191	0.952898455721092	0.485	0.332	5.5058961804246e-187	c6	SLC38A2
2.11698629280826e-189	1.13735321204731	0.225	0.097	4.18951587346755e-185	c6	EOMES
9.62263950275922e-187	1.85919788561929	0.173	0.068	1.90432035759605e-182	c6	IER5L
3.8394985263112e-175	1.32887716390045	0.307	0.171	7.59836758356986e-171	c6	MIDN
6.94484445694638e-174	0.993853736711265	0.486	0.35	1.37438471802969e-169	c6	NASP
1.26008037205837e-173	1.72586416018585	0.099	0.028	2.49369905630351e-169	c6	MS4A1
1.99845148579933e-172	1.14269214451893	0.436	0.299	3.95493549039688e-168	c6	PPP1R10
6.3882443175215e-169	0.744014474538371	0.675	0.579	1.2642335504375e-164	c6	SRSF3
5.3891602472769e-168	0.708017710104635	0.678	0.577	1.0665148129361e-163	c6	EIF4A2
2.48777073794497e-166	1.67338107558971	0.24	0.117	4.92329829039309e-162	c6	HSPA6
2.09809320668617e-164	2.20934163657369	0.06	0.013	4.15212645603194e-160	c6	LGR6
1.34806864106232e-162	0.539812799143923	0.86	0.786	2.66782784066232e-158	c6	TSC22D3
9.67487251111208e-157	1.32998858689351	0.285	0.159	1.91465726994908e-152	c6	LRIF1
5.56895741464394e-154	0.576630062907713	0.801	0.694	1.10209667235804e-149	c6	HSPD1
8.15609030980185e-154	0.836535761259023	0.54	0.376	1.61409027230979e-149	c6	KLF2
1.83775076551788e-153	0.900467211561449	0.452	0.318	3.63690876495989e-149	c6	RALGAPA1
9.3500020477787e-153	0.97802258422823	0.459	0.332	1.8503654052554e-148	c6	HNRNPAB
4.52290339964291e-151	1.05058343012529	0.291	0.161	8.95082582789333e-147	c6	SAMD3
1.10374201958518e-148	2.501222996474	0.054	0.011	2.18430545675907e-144	c6	TUBB4A
5.03534570291935e-148	1.32917653984989	0.303	0.172	9.96494914607739e-144	c6	ATF3
1.82215000741407e-147	0.817956792266773	0.552	0.438	3.60603486467245e-143	c6	JPT1
2.71321353388842e-146	1.05456897706881	0.428	0.299	5.36944958356518e-142	c6	ZFAND2A
2.0059117094762e-141	2.07811870275504	0.104	0.035	3.9696992730534e-137	c6	HSPA2
2.7541904938176e-140	0.345362139299027	0.969	0.936	5.45054298726503e-136	c6	SRGN
7.77396652196067e-140	1.36333679773686	0.231	0.121	1.53846797469602e-135	c6	HEXIM1
9.66613962910924e-139	0.744636893642141	0.6	0.51	1.91292903260072e-134	c6	CYCS
4.73933110363493e-136	0.746116853615352	0.617	0.531	9.37913625409352e-132	c6	SRSF5
3.72029855149249e-135	0.799689686748668	0.497	0.372	7.36247083340364e-131	c6	SKIL
5.89529698161082e-135	1.19499826825205	0.371	0.251	1.16667927266078e-130	c6	CHMP1B
4.26145318509132e-134	1.66051355705643	0.107	0.038	8.43341585329572e-130	c6	C1orf21
4.03845363947206e-132	0.764769545225527	0.61	0.496	7.99209975251521e-128	c6	SOCS1
2.91882012449017e-129	0.507253494347548	0.734	0.652	5.77634502636605e-125	c6	CALR
7.19104992413801e-129	1.10244231489906	0.223	0.115	1.42310877998691e-124	c6	TNF
8.26392246060797e-128	0.825140422513557	0.512	0.403	1.63543025495432e-123	c6	CLDND1
9.32379546518647e-128	1.22154830808233	0.153	0.066	1.8451791225604e-123	c6	DTHD1
5.71879698940861e-126	2.08194396007987	0.075	0.022	1.13174992420396e-121	c6	POU3F1
1.92006722131501e-125	0.411594265356043	0.909	0.865	3.79981303098241e-121	c6	NPM1
8.59307444705212e-125	0.959771582801176	0.416	0.304	1.70056943307161e-120	c6	ATF4
2.8406730678537e-121	1.68034753508678	0.121	0.049	5.62169200128248e-117	c6	ERRFI1
8.68122945815907e-121	1.23143249687958	0.227	0.124	1.71801530976968e-116	c6	ERO1B
3.59758405735276e-120	0.675925385156475	0.644	0.534	7.1196188495011e-116	c6	CD69
4.19673896842412e-120	1.71139275786019	0.115	0.045	8.30534641851133e-116	c6	SERTAD3
5.99213564201436e-120	0.760352941997647	0.532	0.437	1.18584364355464e-115	c6	ARF4
4.94691326677473e-117	2.41622629967111	0.048	0.011	9.78994135494719e-113	c6	CDKN1C
8.8612557281477e-117	1.9864183009122	0.082	0.027	1.75364250860043e-112	c6	EFNB2
5.63322151462637e-115	2.28343189487111	0.041	0.009	1.11481453774456e-110	c6	TMEM171
1.8522595850095e-113	0.70504098114889	0.587	0.498	3.66562171873381e-109	c6	RSRP1
3.14526843381455e-113	0.755267046821856	0.537	0.432	6.22448623051899e-109	c6	MRPL18
1.61320514779853e-109	1.13134646711608	0.264	0.16	3.1925329874933e-105	c6	INTS6
4.1015930634213e-108	1.60697954512611	0.143	0.067	8.11705267251075e-104	c6	ERF
2.89865380099974e-105	1.41719810690084	0.156	0.075	5.73643587217848e-101	c6	SLC25A4
2.11060648892576e-104	1.50718249813497	0.077	0.026	4.17689024158407e-100	c6	PTGDR
8.50661482757983e-104	0.588359479510703	0.6	0.502	1.68345907437805e-99	c6	LITAF
2.68081607934852e-103	0.528157206330816	0.716	0.661	5.30533502103072e-99	c6	ATP6V0C
7.31156419842478e-103	1.51727527002754	0.117	0.049	1.44695855486826e-98	c6	SMARCD3
6.12880540632289e-101	1.01614442108692	0.367	0.26	1.2128905899113e-96	c6	INSIG1
1.30570899103108e-100	1.18947111037895	0.216	0.122	2.58399809325051e-96	c6	RHOB
1.52494227245917e-99	1.59170881008216	0.139	0.066	3.0178607571967e-95	c6	MLF1
1.53626499088917e-99	1.1984175298065	0.203	0.113	3.04026841696967e-95	c6	TBX21
2.24006334384718e-99	2.46292900454538	0.048	0.012	4.43308535747358e-95	c6	FOXJ1
2.87996167247437e-99	1.0712305578205	0.151	0.072	5.69944414982677e-95	c6	SLAMF7
6.33661732547557e-99	0.601903486419199	0.565	0.483	1.25401656871161e-94	c6	SLC9A3R1
2.27790585591236e-98	2.1079535359266	0.055	0.016	4.50797568885057e-94	c6	ZNF703
1.30822381888275e-96	0.864663411482299	0.379	0.274	2.58897493756897e-92	c6	TOB1
8.3575461499332e-96	0.77490159512368	0.448	0.336	1.65395838307178e-91	c6	ID2
5.25300899354381e-95	0.452591495244304	0.68	0.604	1.03957047982232e-90	c6	STK17A
7.35306205456487e-95	0.423985985308655	0.426	0.279	1.45517098059839e-90	c6	CD8B
9.43655844363041e-95	0.218471978735023	0.938	0.876	1.86749491599446e-90	c6	CD74
1.87396501474781e-93	0.667481689216644	0.611	0.534	3.70857676418592e-89	c6	TGFB1
2.19819375922245e-93	0.460797494389827	0.744	0.675	4.35022544950124e-89	c6	SFPQ
5.28187573020923e-93	0.612952636576185	0.718	0.666	1.04528320700841e-88	c6	ZFP36L1
8.76893583150273e-93	1.15735559041186	0.245	0.153	1.73537240105439e-88	c6	EHD1
3.80730645624057e-91	1.22943965756028	0.207	0.12	7.53465947690009e-87	c6	RBKS
4.91644029971576e-88	1.17468313618149	0.216	0.13	9.7296353531375e-84	c6	ABHD5
1.63787129264041e-87	1.78760157015596	0.101	0.043	3.24134728813537e-83	c6	ARG2
1.08282452980586e-86	0.393924886653983	0.781	0.727	2.1429097444858e-82	c6	NCL
9.8969646815749e-86	0.568923706222531	0.57	0.471	1.95860931048367e-81	c6	TENT5C
1.13708414583025e-84	0.564491634422943	0.488	0.377	2.25028952459806e-80	c6	APOBEC3G
5.75510650171939e-84	1.90332003624231	0.049	0.015	1.13893557669027e-79	c6	SNAI1
2.31686599500581e-83	0.196065025227035	0.982	0.964	4.5850778041165e-79	c6	RPL23A
1.89524246053008e-81	0.687681563579676	0.504	0.423	3.75068482938902e-77	c6	CHORDC1
6.16791234086681e-80	1.85030697492166	0.087	0.036	1.22062985225754e-75	c6	EGR2
1.56188691235185e-79	0.797124175225261	0.376	0.286	3.09097419954432e-75	c6	DEDD2
9.36487745081595e-78	1.26594635756935	0.148	0.078	1.85330924751648e-73	c6	MAFF
6.41506267212247e-77	1.04014608771265	0.254	0.169	1.26954090281304e-72	c6	MRPL10
2.13882543889904e-76	0.464934731984737	0.676	0.615	4.2327355435812e-72	c6	DNAJB6
6.12344715219337e-76	0.464217632861293	0.362	0.248	1.21183019141907e-71	c6	CTSW
1.0000484214575e-75	0.456062789477965	0.712	0.66	1.9790958260644e-71	c6	SELENOK
1.63064838903769e-75	0.614077842319944	0.465	0.381	3.22705316190558e-71	c6	ZFAND5
2.03502885517039e-75	0.159405159153456	0.999	0.992	4.02732210438221e-71	c6	RPL28
2.25918962611828e-75	1.02656684680817	0.202	0.12	4.47093627008809e-71	c6	YBX3
1.10182887621955e-74	0.654789303398648	0.467	0.386	2.18051934603849e-70	c6	JUND
8.79949886941233e-74	0.504652521186436	0.584	0.524	1.7414208262567e-69	c6	MAP1LC3B
6.26686814674024e-72	1.10599445111977	0.181	0.106	1.24021320623989e-67	c6	FBXO32
2.52647557651999e-71	0.429567180048662	0.771	0.703	4.99989516593307e-67	c6	KLF6
4.55806352222504e-71	0.534297247888178	0.518	0.444	9.02040771048336e-67	c6	WSB1
2.33534597016468e-70	1.52957826401185	0.07	0.027	4.6216496749559e-66	c6	NXPH4
1.06542205614273e-69	0.715469742550758	0.321	0.232	2.10847024910645e-65	c6	APMAP
8.53718008307e-69	0.899943012159734	0.309	0.228	1.68950793843955e-64	c6	EIF4A1
1.35212735275361e-68	1.99382683186616	0.062	0.023	2.6758600310994e-64	c6	CHAC1
1.16274599317044e-67	0.753062082952324	0.22	0.137	2.3010743204843e-63	c6	AUTS2
1.46594339190358e-67	0.471419567434343	0.682	0.636	2.90110197257719e-63	c6	MCL1
2.91267575190734e-67	1.89771379333092	0.045	0.014	5.76418531302462e-63	c6	EGR3
3.4940871019182e-67	0.842855476308198	0.361	0.284	6.91479837469611e-63	c6	POLR2A
6.46172674850931e-67	2.11091504925069	0.043	0.014	1.27877572352999e-62	c6	FOSL1
7.60358337639392e-67	0.750800691415404	0.401	0.326	1.50474915018836e-62	c6	IDI1
7.6325560530226e-67	1.51378338907604	0.074	0.03	1.51048284289317e-62	c6	RASD1
7.64842936345453e-67	2.40796275738044	0.029	0.007	1.51362417102765e-62	c6	VASN
1.47712885158956e-66	1.98470239152871	0.043	0.013	2.92323799729573e-62	c6	IQCN
3.01129175419192e-65	1.6779683190862	0.082	0.036	5.95934638154581e-61	c6	BAIAP2
9.52883611775072e-65	2.54606026483361	0.021	0.004	1.88575666770287e-60	c6	DLX2
5.41171073235387e-64	0.60915279174634	0.439	0.364	1.07097755393283e-59	c6	CLK1
9.2389831767674e-64	0.771278652993671	0.21	0.131	1.82839477068227e-59	c6	MATK
1.36208381646149e-62	0.618285350841548	0.408	0.328	2.6955638727773e-58	c6	NFATC2
6.96678294896819e-62	1.09214694935656	0.165	0.098	1.37872634560081e-57	c6	SMAD7
6.07769999439504e-61	1.10705849276704	0.181	0.113	1.20277682889078e-56	c6	NXF1
7.26300635503155e-61	1.0795311062896	0.198	0.127	1.43734895766074e-56	c6	GLA
3.24412673339657e-60	0.85852982819744	0.132	0.071	6.42012680539181e-56	c6	PECAM1
3.27118015904968e-60	1.53289238034526	0.09	0.043	6.47366553475932e-56	c6	ULBP2
3.85151009474019e-60	0.415968758810525	0.511	0.415	7.62213847749084e-56	c6	RGS2
6.50973930766365e-60	1.40742188869161	0.084	0.039	1.28827740898664e-55	c6	DUSP6
6.66586651371906e-60	0.552845575457957	0.388	0.299	1.319174983065e-55	c6	TC2N
2.26016461339437e-59	1.26908646081221	0.136	0.075	4.47286576990747e-55	c6	XCL2
2.54027859479999e-59	0.287080687922883	0.857	0.827	5.02721133910917e-55	c6	YWHAZ
2.71267308834342e-58	1.16887102030532	0.1	0.05	5.36838004183162e-54	c6	EPHA4
3.48454996493723e-58	0.659914375282443	0.4	0.33	6.89592438061078e-54	c6	ATP1A1
6.90428448576606e-58	0.979494301696282	0.121	0.065	1.3663578997331e-53	c6	IER3
2.55193044008738e-57	1.37676038566616	0.066	0.027	5.05027034093293e-53	c6	PLCG2
3.39575994714086e-57	1.57072503161088	0.074	0.033	6.72020893539176e-53	c6	RASL11A
1.76194185590854e-56	1.72728674502563	0.053	0.02	3.486882932843e-52	c6	HIC1
1.71714152574311e-55	0.793630164438713	0.152	0.087	3.39822307944561e-51	c6	CCL3L1
1.99644529584717e-54	0.868818122356977	0.212	0.143	3.95096524048156e-50	c6	TLE4
2.55479784048714e-54	1.76151175705105	0.046	0.017	5.05594492632405e-50	c6	B3GNT5
5.5549547262559e-53	0.520345820740769	0.506	0.445	1.09932554032604e-48	c6	AHSA1
7.7553348791618e-53	3.31040368211511	0.01	0.001	1.53478077258612e-48	c6	ADRA2B
1.0686065431883e-52	0.982478753453151	0.238	0.171	2.11477234896964e-48	c6	MKNK2
1.11677001607833e-51	0.699793044386859	0.487	0.441	2.21008786181901e-47	c6	SDCBP
2.37724514329188e-51	0.901723918288998	0.238	0.171	4.70456813857464e-47	c6	CASP3
3.03067626575718e-51	0.485568458649939	0.523	0.441	5.99770832993346e-47	c6	LMNA
4.83195948709084e-51	1.12736797149421	0.084	0.041	9.56244782495277e-47	c6	EPHA1
5.61447884881076e-51	1.92625343590166	0.025	0.006	1.11110536417965e-46	c6	PACSIN1
1.46983044546611e-50	0.715210394073636	0.345	0.282	2.90879445157744e-46	c6	PITHD1
2.99524730559203e-50	0.917688296558816	0.193	0.128	5.92759441776664e-46	c6	PPP1R14B
3.59112505144506e-50	1.6534379333534	0.056	0.024	7.10683647680978e-46	c6	FSCN1
5.89971607126412e-50	0.590993626331425	0.353	0.28	1.16755381050317e-45	c6	CDC42EP3
2.99194423775391e-49	0.343920457827168	0.658	0.589	5.92105764651498e-45	c6	DDIT4
4.11628489865506e-49	1.29889826037266	0.061	0.026	8.14612781443836e-45	c6	PLXDC1
8.60740174171232e-49	0.644612553430698	0.371	0.305	1.70340480468487e-44	c6	PLK3
1.0518995040032e-48	1.36494337147165	0.103	0.056	2.08170911842234e-44	c6	TP53INP2
1.27145766958373e-48	0.111095393020436	0.997	0.987	2.51621472810621e-44	c6	RPS27
3.57184248760852e-48	0.502575394817272	0.529	0.482	7.06867628297726e-44	c6	LBH
1.5795058407929e-47	0.257344072219103	0.575	0.487	3.12584205892914e-43	c6	HLA-DPB1
1.8881073748308e-47	1.34363203782695	0.08	0.039	3.73656449479015e-43	c6	GSE1
3.20139867781393e-46	0.655148636429503	0.338	0.275	6.33556798339377e-42	c6	GLS
9.27194036075727e-46	0.496219852336742	0.5	0.45	1.83491699739386e-41	c6	ZC3HAV1
9.38946748695224e-46	0.345293691532884	0.87	0.839	1.85817561566785e-41	c6	CRIP1
2.45267596041862e-45	0.658775459106277	0.373	0.308	4.85384572566845e-41	c6	TSPYL2
4.53876139925786e-45	0.350331011342901	0.668	0.612	8.98220880913131e-41	c6	IRF1
7.86552444804242e-45	0.392546764503817	0.34	0.263	1.55658728826759e-40	c6	OASL
8.33139157774091e-45	2.01094606140399	0.029	0.009	1.64878239323493e-40	c6	HOMER1
1.45111789704655e-44	1.37022048587577	0.076	0.038	2.87176231825513e-40	c6	NOCT
1.52972141554783e-44	0.441701678227839	0.526	0.484	3.02731868136915e-40	c6	CCNL1
3.43721797083308e-44	0.860862239857089	0.261	0.202	6.80225436427866e-40	c6	UBE2D1
5.14652487002216e-44	1.75115269501229	0.029	0.009	1.01849727177739e-39	c6	SLC4A4
7.78505949573785e-44	1.26928550245767	0.085	0.044	1.54066327420652e-39	c6	CBX4
1.23420495239473e-43	1.0693291265061	0.134	0.083	2.44249160078916e-39	c6	WDR47
1.83031585446487e-43	1.72799981828472	0.041	0.016	3.62219507598597e-39	c6	RND1
2.22980654903429e-43	0.317559152354835	0.615	0.57	4.41278716053886e-39	c6	FYN
3.36365120374087e-43	2.14779856034028	0.016	0.004	6.65666573220318e-39	c6	LDB2
8.53043897964942e-43	1.05804837648014	0.093	0.05	1.68817387407262e-38	c6	PRR5L
9.00721083982003e-43	0.89776646069703	0.17	0.113	1.78252702520038e-38	c6	TSC22D2
1.35712440635294e-42	2.22429827538029	0.021	0.005	2.68574920017247e-38	c6	EGR4
3.22101112839547e-42	0.654933216670889	0.34	0.284	6.37438102309463e-38	c6	CMC2
6.37856190776763e-42	0.926380464505301	0.179	0.122	1.26231740154721e-37	c6	C16orf72
2.22675591433282e-41	1.28875545360313	0.097	0.055	4.40674995446465e-37	c6	SIRT1
2.85965494757445e-41	0.440339471800693	0.367	0.296	5.65925714124984e-37	c6	SH2D1A
6.50007082405885e-41	1.13262456149734	0.073	0.037	1.28636401608125e-36	c6	CHI3L2
9.38327814106798e-41	1.10129363027402	0.167	0.114	1.85695074411735e-36	c6	NAF1
1.03384229751047e-40	0.710031516124259	0.16	0.103	2.04597390677322e-36	c6	F2R
1.76813983181985e-40	0.477477862515556	0.38	0.312	3.49914872717147e-36	c6	SLC7A5
2.04345929379061e-40	0.59088144722428	0.334	0.274	4.04400594241162e-36	c6	PITPNC1
6.97279984973387e-40	0.686850089172315	0.295	0.235	1.37991709026233e-35	c6	SRRT
1.23667027625355e-39	0.4067258686923	0.586	0.547	2.44737047670577e-35	c6	SLC25A5
2.46845588655654e-39	1.08719048866486	0.061	0.029	4.88507419949539e-35	c6	FCRL6
4.08499504824718e-39	0.765277022738925	0.315	0.261	8.08420520048117e-35	c6	KPNA2
1.75755104225571e-38	0.185090581728854	0.927	0.889	3.47819351262405e-34	c6	ZFP36L2
2.31735035578701e-38	0.725095247832545	0.212	0.153	4.5860363541025e-34	c6	ZBTB7A
3.97175137763555e-38	1.16251213551834	0.101	0.059	7.86009597634075e-34	c6	TRIM39
9.0641822654251e-38	0.467736663727689	0.378	0.318	1.79380167032763e-33	c6	CEMIP2
9.80745593406584e-38	0.293791402357951	0.748	0.737	1.94089552935163e-33	c6	SKP1
1.06138506176913e-37	0.486062987501629	0.469	0.428	2.10048103724112e-33	c6	TCP1
1.4155405494346e-37	0.244912908660182	0.731	0.708	2.80135474733108e-33	c6	CD44
2.88195675778108e-37	0.864633045929523	0.133	0.085	5.70339242364876e-33	c6	LPCAT1
6.16105423843009e-37	0.186649336934124	0.314	0.229	1.21927263378532e-32	c6	GZMH
6.5071895927691e-37	0.342736635890781	0.607	0.585	1.287772820409e-32	c6	RBM8A
7.46650117027978e-37	0.846277296707272	0.096	0.054	1.47762058159837e-32	c6	PILRB
7.95411875372232e-37	1.28210450980356	0.065	0.032	1.57412010136165e-32	c6	PPP1R13B
1.92445468199613e-36	1.06655964862291	0.111	0.067	3.80849581567033e-32	c6	ITPRIP
1.95128031586972e-36	1.6589358450315	0.029	0.01	3.86158374510618e-32	c6	FAM49A
3.4777609104017e-36	0.944075841718865	0.107	0.064	6.88248884168497e-32	c6	CSKMT
8.38286441073437e-36	0.737552936498871	0.146	0.095	1.65896886688433e-31	c6	PPP2R2B
1.43620809485231e-35	1.21604077659863	0.081	0.045	2.84225581971273e-31	c6	ENDOG
3.19837406846935e-35	0.576102532045645	0.348	0.298	6.32958228150085e-31	c6	DNAJB9
3.6786233082361e-35	0.341409218396416	0.612	0.591	7.27999552699924e-31	c6	EIF4G2
5.14514850099872e-35	0.789922302055767	0.244	0.191	1.01822488834765e-30	c6	ISG20L2
5.54107620046563e-35	0.686546454901836	0.291	0.236	1.09657898007215e-30	c6	ARL4A
3.17462997486417e-34	1.09077482533682	0.06	0.03	6.2825927202562e-30	c6	TPRG1
3.19412910060363e-34	0.379798316024017	0.551	0.516	6.32118149009459e-30	c6	IDS
3.59073624284047e-34	0.743184502277682	0.244	0.19	7.1060670245813e-30	c6	DNAJB4
1.1414604157959e-33	0.530169827480918	0.4	0.353	2.25895016286008e-29	c6	ATP1B3
1.49651333518118e-33	0.764803611510387	0.235	0.182	2.96159989032356e-29	c6	MLLT3
2.17072236288986e-33	0.691886919658899	0.206	0.153	4.29585955615903e-29	c6	GGA2
2.54580697183348e-33	0.690659317778638	0.245	0.191	5.03815199725846e-29	c6	ZC3H12A
3.38609693734233e-33	0.443487240781666	0.47	0.424	6.70108583900047e-29	c6	ADGRE5
5.40128284521396e-33	0.185729614617125	0.938	0.947	1.06891387506784e-28	c6	FTL
7.24979646120665e-33	0.784547748170495	0.169	0.119	1.4347347196728e-28	c6	ZNF10
7.3572559792633e-33	0.817863819068243	0.199	0.148	1.45600095829621e-28	c6	C12orf65
7.79669574614335e-33	1.16829957052939	0.089	0.052	1.54296608816177e-28	c6	TENT5A
1.07646283242948e-32	0.690509562662179	0.184	0.131	2.13031994537794e-28	c6	CD81
1.24494815153981e-32	0.473201155374428	0.477	0.445	2.46375239189729e-28	c6	RPL22L1
2.52557554976774e-32	1.71383095243998	0.031	0.012	4.99811401299036e-28	c6	ASTL
5.65402691884633e-32	0.546889237551798	0.377	0.339	1.11893192723969e-27	c6	UBE2A
7.99686413408532e-32	0.499726985454725	0.391	0.348	1.58257941213549e-27	c6	RBBP6
1.20688972957916e-31	0.576358522681021	0.321	0.269	2.38843477483715e-27	c6	NAA50
1.47248971555109e-31	1.12048602628995	0.095	0.057	2.91405714707561e-27	c6	EPOR
3.48551198512579e-31	1.42318111190434	0.024	0.008	6.89782821856394e-27	c6	PDGFD
1.01067973411521e-30	1.29084071566232	0.04	0.018	2.000135193814e-26	c6	SYNM
2.36952236519138e-30	0.701751789042931	0.261	0.213	4.68928476071373e-26	c6	RNF139
8.79737456951533e-30	0.217902375905603	0.701	0.669	1.74100042730708e-25	c6	COTL1
1.37007672526483e-29	0.71695665377669	0.21	0.161	2.7113818392991e-25	c6	NUFIP2
1.41021291230299e-29	0.852810312342462	0.17	0.124	2.79081135344761e-25	c6	DYNLL2
2.5200969103857e-29	0.6831807278045	0.29	0.239	4.9872717856533e-25	c6	BAG3
5.22740618530306e-29	2.22167590845015	0.014	0.004	1.03450368407148e-24	c6	LSMEM1
8.60377570831317e-29	0.642561419877391	0.278	0.232	1.70268721267518e-24	c6	NOP56
1.3962100905151e-28	0.534948831191316	0.232	0.178	2.76309976912937e-24	c6	ZEB2
1.5679481590857e-28	0.15593538576312	0.925	0.897	3.10296940683061e-24	c6	OAZ1
1.67795623210214e-28	1.36204670522951	0.035	0.015	3.32067538333013e-24	c6	TTC16
2.30776122487506e-28	1.10942051853068	0.09	0.055	4.56705946402774e-24	c6	LETM2
2.40751641514685e-28	1.57196035788706	0.029	0.011	4.76447498557562e-24	c6	NCKAP5L
2.53503407474203e-28	1.16953806937636	0.048	0.023	5.01683243391448e-24	c6	PDLIM1
9.45392180307504e-28	0.209568408898827	0.769	0.736	1.87093112482855e-23	c6	TNFAIP3
1.15804001568128e-27	1.11188492284212	0.054	0.028	2.29176119103326e-23	c6	VNN2
6.30492298410021e-27	0.977067106369333	0.121	0.082	1.24774425855343e-22	c6	DNAJA4
6.35682799328016e-27	1.17826300352455	0.044	0.021	1.25801625987014e-22	c6	PTPRM
2.19357060703667e-26	0.25733505651956	0.562	0.531	4.34107623132557e-22	c6	ITGB2
2.59984550929571e-26	0.906055904369185	0.125	0.086	5.14509426289621e-22	c6	FRAT2
2.70892395359959e-26	0.620640312376875	0.224	0.178	5.36096050417359e-22	c6	LYAR
3.79214738891072e-26	0.607124138541583	0.263	0.216	7.50465968265432e-22	c6	KDM6B
6.80300166692688e-26	0.804628465365131	0.185	0.142	1.34631402988483e-21	c6	TOB2
7.58255964489349e-26	0.157015916000841	0.858	0.845	1.50058855372442e-21	c6	RPL27A
8.97999685594355e-26	1.82149922546854	0.013	0.004	1.77714137779123e-21	c6	CDHR1
1.03992900423276e-25	0.69113170603132	0.226	0.182	2.05801949937664e-21	c6	CDKN2AIP
1.44129314336039e-25	0.867765706327239	0.095	0.06	2.85231913071021e-21	c6	ARHGAP26
2.97169133953716e-25	0.970145139118717	0.064	0.036	5.88097716094404e-21	c6	JAKMIP2
1.26668078230748e-24	1.92973541366308	0.016	0.005	2.5067612681865e-20	c6	NGFR
2.17052481483592e-24	0.652009331118249	0.229	0.185	4.29546860856028e-20	c6	B3GNT2
2.4764783603739e-24	0.454974110139597	0.319	0.274	4.90095067517995e-20	c6	DENND2D
9.54800733666267e-24	0.534845734009	0.33	0.296	1.88955065192554e-19	c6	PTBP1
9.62025384057365e-24	0.691963127470726	0.188	0.146	1.90384823504953e-19	c6	SLC20A1
9.76868293180714e-24	0.908828230066782	0.096	0.062	1.93322235220463e-19	c6	ETS2
2.14750461872546e-23	0.378080458241769	0.402	0.357	4.24991164045768e-19	c6	CDKN1A
3.05430528706955e-23	0.451436029472996	0.265	0.218	6.04447016311064e-19	c6	SYNE1
4.7089329985304e-23	0.806440069316967	0.163	0.123	9.31897840409166e-19	c6	PMEPA1
6.85408957802707e-23	1.381918876506	0.032	0.015	1.35642432749156e-18	c6	BCORL1
1.06006330256989e-22	0.288375373896286	0.641	0.637	2.09786527578581e-18	c6	HNRNPDL
1.50495156606076e-22	0.739050785650167	0.179	0.14	2.97829914923424e-18	c6	GCH1
1.56648093350723e-22	0.809046345880525	0.167	0.129	3.1000657674108e-18	c6	CDC34
2.93709167979044e-22	2.16926904665853	0.013	0.004	5.81250443430529e-18	c6	ACHE
3.2435845515244e-22	0.308515470574984	0.654	0.586	6.41905382746679e-18	c6	ANXA1
3.75011969421631e-22	0.130951059269556	0.943	0.923	7.42148687485408e-18	c6	CFL1
4.10887010654257e-22	0.714239378332243	0.089	0.057	8.13145394084774e-18	c6	FCRL3
4.53830611885472e-22	0.505756225578448	0.222	0.177	8.98130780921348e-18	c6	NUCB2
5.83211943851446e-22	0.766984863128704	0.18	0.141	1.15417643688201e-17	c6	KIAA1191
7.37421908114753e-22	0.605329372522849	0.259	0.223	1.4593579561591e-17	c6	GRPEL1
7.80561837740553e-22	0.431318057735789	0.428	0.408	1.54473187688856e-17	c6	TRA2B
8.11760470311484e-22	0.901590997765411	0.082	0.052	1.60647397074643e-17	c6	SLC2A1
1.58602909470229e-21	0.93178547050265	0.114	0.078	3.13875157841583e-17	c6	XCL1
1.90079953658846e-21	1.67037615661021	0.015	0.005	3.76168228290856e-17	c6	ADAMTS4
2.25397315852695e-21	0.884353388019482	0.154	0.117	4.46061288072483e-17	c6	UAP1
2.98829551662426e-21	0.455916254086985	0.249	0.204	5.91383682739942e-17	c6	THEMIS
4.64647482816659e-21	0.882871699382764	0.08	0.051	9.19537368494169e-17	c6	ITGA5
5.0635703392065e-21	1.0761504361076	0.054	0.031	1.00208057012897e-16	c6	SEMA4A
1.07274991721968e-20	0.999849166621128	0.096	0.065	2.12297208617774e-16	c6	HIST3H2A
1.1996455590811e-20	1.17801391973396	0.039	0.02	2.3740985614215e-16	c6	GNAO1
1.41231216951889e-20	0.355933338004738	0.33	0.283	2.79496578347788e-16	c6	DUSP5
6.11706370905944e-20	0.94739654845117	0.091	0.062	1.21056690802286e-15	c6	MEPCE
1.24182182196122e-19	0.19834838211676	0.622	0.599	2.45756538566125e-15	c6	SQSTM1
1.92260533929071e-19	1.38175568622666	0.025	0.011	3.80483596645632e-15	c6	VIPR2
4.19849304833797e-19	0.971148672307702	0.073	0.047	8.30881774266085e-15	c6	BCL6
1.47710991899345e-18	1.42003867747822	0.018	0.007	2.92320052968804e-14	c6	MMP23B
7.190857613069e-18	1.24832953219802	0.041	0.023	1.42307072162635e-13	c6	CCNYL1
9.72530424211115e-18	1.11132444380981	0.054	0.032	1.9246377095138e-13	c6	CSRNP2
1.18694140331333e-17	1.47158366740947	0.018	0.007	2.34895703715707e-13	c6	TCF7L2
2.31364167333262e-17	0.593229145710276	0.19	0.152	4.57869687152525e-13	c6	GLUL
2.61401170263482e-17	0.395213094337224	0.339	0.304	5.1731291595143e-13	c6	RUNX3
2.85757862020401e-17	0.786925500242876	0.144	0.112	5.65514808938373e-13	c6	KLF10
3.37470404507613e-17	1.34867678883609	0.019	0.008	6.67853930520566e-13	c6	PDGFB
4.09743105954673e-17	0.755563095794653	0.073	0.048	8.10881606684297e-13	c6	CXCR5
4.63949497781889e-17	0.564662061490107	0.185	0.149	9.18156056110359e-13	c6	PDE4DIP
5.62030506354777e-17	1.18247014693246	0.027	0.013	1.1122583720761e-12	c6	FGR
5.81845680274343e-17	0.45577627350779	0.359	0.339	1.15147260126292e-12	c6	SBDS
8.409668948885e-17	0.879758267684899	0.06	0.038	1.66427348498434e-12	c6	TP53I11
1.18362467488927e-16	0.860804923389851	0.058	0.036	2.34239323160587e-12	c6	CD244
1.22502533795747e-16	0.385657680602815	0.292	0.257	2.42432514381783e-12	c6	ARAP2
1.62343737520983e-16	1.47420193813085	0.014	0.005	3.21278256554024e-12	c6	KLRF1
1.80048674318495e-16	0.952615998897021	0.091	0.064	3.56316326476302e-12	c6	FAM83D
1.82778935658034e-16	0.546624568983987	0.248	0.216	3.61719513667249e-12	c6	HMGA1
2.88116413672636e-16	0.480344511923145	0.295	0.268	5.70182382658146e-12	c6	PNPLA2
5.10185279420624e-16	0.63047245350603	0.164	0.132	1.00965666797341e-11	c6	ZFYVE28
6.18244546234051e-16	1.008078088695	0.055	0.034	1.22350595699719e-11	c6	PIK3R3
7.7636971587816e-16	0.518498040036113	0.243	0.21	1.53643566772288e-11	c6	GYG1
8.34741512596625e-16	0.616079143828884	0.213	0.182	1.65195345342872e-11	c6	CHCHD7
9.27113109610748e-16	0.504130013217137	0.301	0.275	1.83475684391967e-11	c6	HERPUD2
9.39842863701568e-16	0.339196953175328	0.465	0.46	1.8599490272654e-11	c6	BZW1
1.11054805170336e-15	1.00758129609277	0.057	0.036	2.19777459432094e-11	c6	SIK1
1.38306774847398e-15	0.496926724260615	0.297	0.274	2.73709107423001e-11	c6	OSER1
2.51694770440113e-15	0.938631127761345	0.039	0.022	4.98103950700984e-11	c6	TSPOAP1
2.58327965238626e-15	0.833166670644731	0.062	0.04	5.1123104320724e-11	c6	USP28
3.79552266620177e-15	0.863808452232046	0.078	0.053	7.51133935641331e-11	c6	ING1
4.26861441576361e-15	0.787000231143762	0.089	0.063	8.44758792879618e-11	c6	COQ10A
4.43055650763504e-15	0.907472537140761	0.106	0.079	8.76807132860974e-11	c6	BPGM
5.14580554321932e-15	0.739766861115596	0.164	0.134	1.0183549170031e-10	c6	DNAAF2
1.03162557555334e-14	0.992696949825332	0.066	0.044	2.04158701402006e-10	c6	SIK1B
1.2039970656108e-14	0.414084986793397	0.354	0.331	2.38271019284376e-10	c6	FKBP4
1.27283097847764e-14	0.76882030320923	0.061	0.04	2.51893250640724e-10	c6	PLCB1
1.28342736828403e-14	1.3710510065522	0.015	0.006	2.5399027618341e-10	c6	ZNF532
1.37502420376034e-14	0.946546409494168	0.056	0.036	2.72117289924171e-10	c6	KLHL21
2.1809391583114e-14	1.13190501802648	0.027	0.014	4.31607859429826e-10	c6	FRMD4A
3.96853092034496e-14	0.545290134574966	0.176	0.145	7.85372269136268e-10	c6	PLA2G16
5.99927650081793e-14	0.177525250027097	0.718	0.7	1.18725681951187e-09	c6	EZR
6.27448636104983e-14	1.13542043543335	0.028	0.015	1.24172085085176e-09	c6	RCAN2
6.30887462220811e-14	0.200346373462311	0.584	0.588	1.24852628773498e-09	c6	RBM39
7.48022295770979e-14	0.788398636211311	0.05	0.031	1.48033612333077e-09	c6	IGFBP2
1.53514161759271e-13	0.126038678860958	0.791	0.771	3.03804526121597e-09	c6	SOD1
1.82830424706733e-13	1.70419880385432	0.012	0.005	3.61821410494625e-09	c6	NKX3-1
1.8482721075126e-13	0.899921029796799	0.052	0.034	3.65773050076744e-09	c6	KIF9
2.42381853760894e-13	0.755233092538671	0.18	0.154	4.7967368859281e-09	c6	STX11
2.80319004185246e-13	0.320307665646234	0.29	0.258	5.54751309282602e-09	c6	STOM
3.13422318716318e-13	0.664075645646026	0.086	0.062	6.20262768739594e-09	c6	NFKBID
4.23368462491493e-13	1.11236174408247	0.035	0.02	8.37846187270666e-09	c6	KLHL15
5.10849548174474e-13	1.04258836256307	0.033	0.019	1.01097125583728e-08	c6	HIST2H2AA4
8.38146409626095e-13	0.101178468317517	0.735	0.723	1.65869174465004e-08	c6	CD99
9.59604521379341e-13	0.809123262366582	0.083	0.06	1.89905734780972e-08	c6	POLH
9.91172944902055e-13	0.490424668217787	0.21	0.182	1.96153125796117e-08	c6	ELL2
1.12954767805439e-12	0.964348447927468	0.099	0.075	2.23537485486965e-08	c6	ALAS1
1.16686635781984e-12	0.30617003642102	0.39	0.374	2.30922852212546e-08	c6	PPP2R5C
1.65733984738206e-12	1.27000683484834	0.026	0.014	3.2798755579691e-08	c6	ELOVL4
1.91656235926844e-12	1.02952630864703	0.021	0.011	3.79287690899225e-08	c6	GAS7
2.56418621448612e-12	0.405818423636812	0.376	0.365	5.07452451846803e-08	c6	CDK2AP2
2.80135716911128e-12	1.07768821640282	0.039	0.024	5.54388583767122e-08	c6	CLCF1
7.67806156261517e-12	0.347557580282118	0.552	0.57	1.51948838324154e-07	c6	PRDX1
8.35888794592445e-12	0.569034491950203	0.166	0.139	1.65422392449845e-07	c6	PCF11
8.5123877852204e-12	1.07646840821425	0.018	0.009	1.68460154269512e-07	c6	ATP9A
1.06839359541589e-11	0.902718419042235	0.065	0.045	2.11435092532804e-07	c6	TNFRSF12A
1.21666214638272e-11	0.977288808476872	0.052	0.035	2.4077743876914e-07	c6	DNAJC25
1.39262212986342e-11	0.992842230899541	0.027	0.015	2.75599919499972e-07	c6	EPB41L5
2.14044565935232e-11	1.00396492647088	0.034	0.021	4.23594195985824e-07	c6	PLEKHO2
2.15904527160228e-11	0.510808729998372	0.153	0.126	4.27275059250091e-07	c6	PIP4K2A
2.21200718008886e-11	0.427290798795356	0.323	0.308	4.37756220939586e-07	c6	RBM38
2.23003597331619e-11	0.86037503895812	0.05	0.033	4.41324119119274e-07	c6	PLK2
4.02823667367534e-11	1.01146154661046	0.039	0.024	7.9718803772035e-07	c6	DUSP8
5.2752359637582e-11	0.588998020726698	0.054	0.036	1.04396919722775e-06	c6	IGFBP3
5.43217197259422e-11	0.16646411907664	0.736	0.738	1.0750268333764e-06	c6	YBX1
9.78943774734294e-11	0.365772697071713	0.313	0.295	1.93732973019917e-06	c6	PSTPIP1
9.87940384506651e-11	0.631416936107549	0.046	0.03	1.95513402093866e-06	c6	KLRC3
1.43413321034425e-10	0.676555204360755	0.068	0.049	2.83814962327126e-06	c6	MAP2K6
1.45598002716908e-10	0.590167890742504	0.102	0.079	2.8813844737676e-06	c6	TTC39B
1.95760437901651e-10	1.29544329135587	0.016	0.008	3.87409906607367e-06	c6	IL5RA
2.04511519443353e-10	0.265698137640172	0.484	0.492	4.04728296978395e-06	c6	CCT4
2.1660862748881e-10	0.18764718720523	0.638	0.647	4.28668473800355e-06	c6	TPI1
2.32494096843412e-10	0.360597076651156	0.334	0.319	4.60105817653112e-06	c6	CDK17
3.0821062958483e-10	0.928013509291239	0.049	0.033	6.09948835948379e-06	c6	MED26
3.48245086468811e-10	1.17045035277056	0.026	0.015	6.89177026121777e-06	c6	N4BP3
3.79799546583117e-10	0.917139060693076	0.068	0.05	7.51623302687989e-06	c6	GZF1
3.84576050956126e-10	0.48017453653111	0.15	0.124	7.61076004842174e-06	c6	KCNA3
3.93771650655939e-10	0.222020481096286	0.237	0.209	7.79274096648104e-06	c6	GADD45A
7.39034433613996e-10	1.08544019429909	0.034	0.021	1.4625491441221e-05	c6	KLHL25
7.53218762662554e-10	0.835832959743592	0.028	0.017	1.49061993130919e-05	c6	S1PR5
9.67235696343181e-10	0.322452541776798	0.397	0.391	1.91415944306316e-05	c6	RSRC2
1.12829225973721e-09	0.485140178135688	0.15	0.127	2.23289038201994e-05	c6	KIF21A
1.47673071430341e-09	0.420021234797113	0.263	0.245	2.92245008360646e-05	c6	HNRNPH1
1.75820677182061e-09	1.01874477384372	0.026	0.015	3.47949120143298e-05	c6	HIST1H3A
1.91141017145945e-09	0.661348288358434	0.116	0.094	3.78268072931825e-05	c6	P4HA1
2.01006690758939e-09	0.666397490045118	0.079	0.059	3.97792241011941e-05	c6	SHISAL2A
2.0449770946966e-09	0.944133427893439	0.03	0.018	4.04700967040458e-05	c6	MYO6
2.07117392995097e-09	0.629814900650046	0.108	0.087	4.09885320737296e-05	c6	ZNF92
2.08531287028373e-09	0.144286917791614	0.541	0.535	4.12683417029151e-05	c6	CD48
2.13854460802736e-09	1.56313465570542	0.011	0.005	4.23217977928615e-05	c6	ST8SIA6
2.26736039685183e-09	0.405556960804457	0.201	0.177	4.48710622536977e-05	c6	IFNGR1
2.96013683432536e-09	1.17366150004252	0.021	0.011	5.85811079512989e-05	c6	NRIP3
2.99831010109757e-09	0.349819551668584	0.185	0.159	5.93365569007209e-05	c6	LY9
3.73261114148921e-09	0.893539044396748	0.055	0.039	7.38683744900715e-05	c6	BRMS1L
4.06805140216315e-09	1.04058750450586	0.028	0.017	8.05067372488087e-05	c6	MAP1A
4.21550209932451e-09	1.37110113083902	0.012	0.005	8.3424786545632e-05	c6	PYGM
5.69175254392683e-09	0.708856314933496	0.101	0.081	0.000112639782844312	c6	MXD1
6.59935609506186e-09	0.562227966393703	0.132	0.11	0.000130601257121274	c6	PTPRE
8.16147816018924e-09	0.747776792074167	0.078	0.06	0.000161515652790145	c6	ZNF124
9.54371570887998e-09	0.561429226200389	0.098	0.078	0.000188870133878735	c6	GALNT11
9.93806838430908e-09	0.763461283830068	0.105	0.086	0.000196674373325477	c6	SLC25A33
1.46922059204623e-08	0.371501471396933	0.226	0.204	0.000290758755165949	c6	ABI3
1.62404783446695e-08	1.19163033492343	0.012	0.006	0.00032139906644101	c6	LEKR1
1.69234955151725e-08	0.868798189184074	0.023	0.013	0.000334915976245264	c6	NUAK2
1.94842659523456e-08	0.956995135211057	0.036	0.024	0.000385593623196919	c6	SLC9A1
2.43443668241971e-08	1.16519705472483	0.022	0.013	0.000481775019450861	c6	FOXO4
3.66199884269098e-08	1.50672745381424	0.011	0.005	0.000724709570968545	c6	FAM222A
3.90132925385805e-08	1.32218466131577	0.01	0.004	0.000772073059338509	c6	NAV2
3.91946249000155e-08	0.68605356019043	0.08	0.062	0.000775661626771306	c6	SLFN11
4.20812796929601e-08	0.530269702649517	0.082	0.064	0.000832788525123681	c6	MCOLN2
4.38675063171892e-08	0.624308183726481	0.071	0.054	0.000868137950017174	c6	IL9R
4.66020101149598e-08	1.06703594243541	0.023	0.014	0.000922253780175054	c6	BAMBI
5.48931099331584e-08	0.797762090291685	0.117	0.098	0.0010863346455772	c6	SERPINH1
6.31469023190309e-08	0.337277339992892	0.247	0.228	0.00124967719689362	c6	LYST
7.42989098081065e-08	1.05071436955931	0.021	0.012	0.00147037542510243	c6	C4orf47
1.10874169855278e-07	0.517671355444129	0.16	0.14	0.00219419982143595	c6	TRMO
1.24301607622545e-07	0.722310482000589	0.104	0.086	0.00245992881485017	c6	HMGCS1
1.26741799263051e-07	0.880718771861472	0.034	0.023	0.00250822020741578	c6	SEMA7A
1.33032572957586e-07	0.967132901276406	0.037	0.025	0.00263271461883062	c6	MUC12
1.4485528528978e-07	0.538409643828805	0.11	0.092	0.00286668609588474	c6	GCLM
1.51502288320686e-07	0.257213710669194	0.463	0.477	0.00299823028586638	c6	POLR2L
1.55843927697853e-07	0.117948598143082	0.105	0.136	0.0030841513291405	c6	TWISTNB
1.69089860894592e-07	0.615519911402073	0.078	0.061	0.00334628834710398	c6	INTS6L
2.23768312244145e-07	0.970159653980669	0.018	0.01	0.00442837489931163	c6	SETBP1
2.33004669142029e-07	0.274919223973374	0.261	0.244	0.00461116240232075	c6	UTRN
2.44592895553469e-07	1.16462334458758	0.023	0.014	0.00484049340300316	c6	ZNF844
2.45152363940889e-07	0.387440415271464	0.277	0.266	0.0048515652823902	c6	MAPRE2
2.67957373321438e-07	0.883603931776083	0.032	0.021	0.00530287641803126	c6	SMAGP
2.69534646431233e-07	0.480556388976123	0.183	0.166	0.0053340906528741	c6	LUC7L
2.80454911760649e-07	0.566916481728184	0.17	0.153	0.00555020270374324	c6	TBPL1
2.86079191805678e-07	0.757202240973187	0.05	0.036	0.00566150720583436	c6	SLC12A2
2.88478179575816e-07	0.627689856417594	0.06	0.045	0.0057089831738054	c6	TGFBR1
3.19075866325935e-07	0.94760990474565	0.02	0.012	0.00631451139459026	c6	KIR3DL2
3.21664321737934e-07	0.554347118304614	0.102	0.084	0.00636573692719372	c6	TMEM39A
3.47550949616154e-07	0.808895431451517	0.017	0.01	0.00687803329290369	c6	SPRY2
3.93041447580747e-07	0.29777898606755	0.372	0.372	0.00777829024762299	c6	SLBP
4.65924743079722e-07	0.105817542312626	0.7	0.71	0.0092206506655477	c6	RPS20
4.70550953993574e-07	0.968966937092716	0.039	0.028	0.00931220337953283	c6	KBTBD8
5.45648298027631e-07	0.775217155311279	0.08	0.065	0.0107983798179668	c6	AVPI1
5.63551943391313e-07	0.687363896229559	0.103	0.086	0.0111526929597141	c6	SESN2
5.66009031473047e-07	0.123254979171162	0.734	0.713	0.0112013187328516	c6	CREM
7.5265610737065e-07	0.825153032785658	0.029	0.019	0.0148950643648652	c6	SLC19A2
1.09312395411711e-06	0.322234724374724	0.242	0.227	0.0216329230519776	c6	OFD1
1.28660944389344e-06	0.913495469500279	0.02	0.012	0.0254620008946513	c6	RIMKLB
1.36846548888974e-06	0.561264542531584	0.129	0.112	0.027081932025128	c6	BNIP3
1.44814432700333e-06	0.578326622289963	0.086	0.07	0.028658776231396	c6	CHPT1
1.50800196654573e-06	0.434057051564918	0.076	0.06	0.02984335891794	c6	APBA2
1.66783889321331e-06	0.933793511800626	0.019	0.011	0.0330065316966914	c6	C12orf42
2.04195525999712e-06	1.09830432043746	0.024	0.015	0.040410294595343	c6	MAP3K20
2.20037747315158e-06	0.698122801587997	0.023	0.015	0.0435454701936697	c6	RAB27B
2.20436749414116e-06	0.543567807892459	0.064	0.05	0.0436244327090535	c6	GCLC
2.25786150960338e-06	0.568421391510881	0.077	0.062	0.0446830792750508	c6	AGTPBP1
2.46599327802341e-06	0.362290971939303	0.209	0.194	0.0488020069720832	c6	PDLIM2
