p_val	avg_log2FC	pct.1	pct.2	p_val_adj	cluster	gene
0	1.21908529351632	0.939	0.575	0	c12	ANXA1
0	1.18149461539795	0.959	0.606	0	c12	IL7R
0	1.38812378777964	0.637	0.286	0	c12	CCR7
0	1.09155486170204	0.698	0.37	0	c12	GPR183
0	0.894692197284375	0.697	0.371	0	c12	KLF2
0	0.844405937540054	0.846	0.522	0	c12	LTB
0	1.21708417961582	0.751	0.432	0	c12	LMNA
0	1.07341551209281	0.923	0.633	0	c12	S100A11
0	1.54030140755978	0.431	0.15	0	c12	S1PR1
0	1.00058977532788	0.584	0.312	0	c12	FLT3LG
0	0.862313646607482	0.616	0.345	0	c12	CD55
0	1.11184726813716	0.515	0.257	0	c12	AQP3
0	1.30643652413464	0.395	0.158	0	c12	TIMP1
0	0.751497394167759	0.916	0.714	0	c12	S100A10
0	0.694476726036811	0.91	0.721	0	c12	TAGLN2
0	0.660072051208235	0.953	0.794	0	c12	FXYD5
0	0.736363444944456	0.943	0.804	0	c12	EEF1G
0	2.05406277747892	0.175	0.039	0	c12	CRIP2
0	0.590102181450168	0.947	0.817	0	c12	RPL7
0	0.669798317531037	0.963	0.835	0	c12	CRIP1
0	0.690399578040354	0.965	0.854	0	c12	PABPC1
0	0.722018953107859	0.982	0.88	0	c12	EEF1B2
0	0.635172926700325	0.96	0.863	0	c12	RPL4
0	0.633571245033536	0.986	0.892	0	c12	VIM
0	0.605025346368633	0.987	0.9	0	c12	RPL22
0	0.504515778234822	0.988	0.935	0	c12	RPL35
0	0.572153030651609	0.987	0.935	0	c12	RPL9
0	0.543368889186127	0.993	0.944	0	c12	RPL21
0	0.57734790075282	0.99	0.942	0	c12	RPL10A
0	0.460611171286986	0.989	0.941	0	c12	NACA
0	0.650516463668288	0.996	0.95	0	c12	RPL5
0	0.662912748889263	0.993	0.947	0	c12	RPSA
0	0.462216197178044	0.991	0.945	0	c12	RPS21
0	0.616545779593154	0.995	0.951	0	c12	RPS5
0	0.422248854674368	0.994	0.951	0	c12	RACK1
0	0.497067821702768	0.995	0.96	0	c12	RPL17
0	0.459861817155322	0.993	0.958	0	c12	RPL36
0	0.471856762323031	0.993	0.96	0	c12	RPS9
0	0.774312558333514	0.999	0.969	0	c12	RPLP0
0	0.48233816355652	0.996	0.968	0	c12	RPL37
0	0.523743752093888	0.996	0.968	0	c12	RPS16
0	0.462156977800188	0.998	0.972	0	c12	RPLP2
0	0.899331463145801	1	0.974	0	c12	FTH1
0	0.500749989087256	0.997	0.971	0	c12	RPL6
0	0.710335473140211	0.997	0.971	0	c12	RPL3
0	0.577681960992898	0.997	0.972	0	c12	RPL14
0	0.567640698661187	0.998	0.974	0	c12	RPL29
0	0.613315893728352	0.998	0.975	0	c12	RPS13
0	0.66885944924864	0.997	0.975	0	c12	RPS6
0	0.497460455960171	0.999	0.977	0	c12	RPL12
0	0.429014992706466	0.999	0.978	0	c12	RPL35A
0	0.57748174277729	0.999	0.979	0	c12	RPL8
0	0.544309258792144	0.999	0.979	0	c12	RPL18
0	0.637326426572301	0.998	0.979	0	c12	RPL34
0	0.663944950650752	0.998	0.979	0	c12	RPS3A
0	0.510247614187189	0.999	0.98	0	c12	RPL39
0	0.439967725020876	0.997	0.978	0	c12	RPS25
0	0.42186362482972	0.999	0.98	0	c12	RPL26
0	0.563198000839008	0.999	0.981	0	c12	RPS4X
0	0.397033788196862	0.998	0.98	0	c12	RPS28
0	0.400010008281306	0.998	0.981	0	c12	RPL7A
0	0.365897031723343	0.998	0.982	0	c12	RPS7
0	0.548870358601661	0.999	0.983	0	c12	RPS23
0	0.548399361799411	1	0.984	0	c12	RPS2
0	0.660054518792302	1	0.985	0	c12	RPL32
0	0.647468119826982	0.999	0.984	0	c12	RPS18
0	0.347777595734277	0.999	0.984	0	c12	RPS15
0	0.605322993896724	0.999	0.985	0	c12	RPL11
0	0.576050838100625	1	0.986	0	c12	RPS14
0	0.569265096221764	0.999	0.985	0	c12	RPL18A
0	0.601021450360986	1	0.987	0	c12	RPS8
0	0.564577992266724	0.999	0.986	0	c12	RPL19
0	0.597896392455572	0.999	0.988	0	c12	RPS27A
0	0.483604411482715	1	0.989	0	c12	RPL30
0	0.727293682639377	1	0.989	0	c12	TPT1
0	0.500543571987686	1	0.99	0	c12	RPS3
0	0.481170760896101	1	0.99	0	c12	RPS19
0	0.624889878722281	1	0.991	0	c12	RPS12
0	0.586433180840622	1	0.994	0	c12	RPL13
0	0.599715840008547	1	0.995	0	c12	RPL10
0	0.594775951809835	1	0.996	0	c12	RPLP1
0	0.686497000193135	1	0.997	0	c12	EEF1A1
3.12751805453215e-307	0.294153064735589	1	0.989	6.18935822991912e-303	c12	RPS15A
1.45153378946386e-301	0.469500918133012	0.968	0.894	2.87258536934898e-297	c12	RPL27
9.42877537658127e-301	0.404575340693871	0.986	0.932	1.86595464702543e-296	c12	UBA52
2.89051709374228e-289	0.269944069727696	1	0.992	5.72033332851598e-285	c12	RPL28
6.21382201908048e-283	1.07374620832733	0.383	0.17	1.22971537757603e-278	c12	KLF3
6.56442657293564e-271	1.05142503856099	0.381	0.174	1.29910001878396e-266	c12	CCR6
3.77293554932087e-270	0.351420698803797	0.991	0.965	7.466639452106e-266	c12	RPL15
6.95300902417226e-263	1.69947951941079	0.167	0.049	1.37600048588369e-258	c12	PLAUR
1.44894611346839e-262	0.479005831759924	0.951	0.754	2.86746435855395e-258	c12	S100A4
5.75986905713159e-262	0.644756346919201	0.829	0.62	1.13987808640634e-257	c12	LDHB
2.36268470612832e-261	0.414676977898274	0.982	0.929	4.67575303342794e-257	c12	RPL13A
6.88411189965757e-251	0.752423054632478	0.696	0.467	1.36236574494223e-246	c12	RPS4Y1
1.02198962204261e-250	1.07577444050594	0.42	0.211	2.02251746202234e-246	c12	ICAM2
1.26975115196245e-250	0.290602630348079	0.998	0.978	2.51283752973369e-246	c12	FAU
5.40670662933891e-245	0.33359402430442	0.994	0.963	1.06998724194617e-240	c12	RPL23A
6.37311440992535e-239	1.90069229745366	0.105	0.024	1.26123934172423e-234	c12	SVIL
3.25317452120292e-233	0.32395017399315	0.992	0.955	6.43803237746058e-229	c12	RPL24
8.06811772602797e-227	0.571790577222213	0.842	0.666	1.59668049798094e-222	c12	NOP53
2.88941278999664e-224	0.612777200238344	0.797	0.578	5.71814791140336e-220	c12	EMP3
2.21728049239218e-213	1.20759858468896	0.214	0.08	4.38799809444411e-209	c12	PLAC8
4.15835021092919e-204	1.04284202577516	0.279	0.121	8.22937506742886e-200	c12	RASGRP2
1.5483629082232e-203	0.388693012528572	0.958	0.863	3.06421019537372e-199	c12	PFDN5
8.17640266604669e-201	0.919551295306362	0.279	0.121	1.61811008761064e-196	c12	MAL
6.64236100455522e-197	1.56892297776682	0.148	0.047	1.31452324280148e-192	c12	FXYD7
9.02050176011298e-196	1.29689439585124	0.193	0.072	1.78515729832636e-191	c12	PTGER2
9.39521212080711e-195	1.76342929991876	0.117	0.033	1.85931247870773e-190	c12	IL4I1
8.02460401837522e-192	1.59597373093379	0.132	0.04	1.58806913523646e-187	c12	SPART
6.02592794945914e-190	0.417325845247322	0.929	0.821	1.19253114119796e-185	c12	RPL31
7.93434041783557e-181	0.621671074113261	0.738	0.549	1.57020596868966e-176	c12	RPL36A
1.39269704241637e-167	0.564113339570641	0.722	0.529	2.75614744694199e-163	c12	EIF3E
1.64792020220282e-167	0.425793606235515	0.916	0.821	3.26123408015938e-163	c12	RPL38
1.65127572664251e-161	0.315317840975506	0.981	0.914	3.26787466302552e-157	c12	EEF1D
4.68817739391084e-160	0.390371396956815	0.942	0.854	9.27790306254954e-156	c12	EEF2
2.76336189450104e-154	0.392489420709801	0.904	0.78	5.46869318921756e-150	c12	TOMM7
4.11337397335827e-154	1.81909807096004	0.086	0.023	8.14036709327601e-150	c12	FHL1
1.45538971076948e-148	0.384267268151192	0.929	0.843	2.88021623761281e-144	c12	RPL27A
2.4485711433572e-148	0.511935653720477	0.728	0.549	4.8457222927039e-144	c12	RPS10
3.57242442556307e-147	0.584769862091875	0.544	0.352	7.06982793818932e-143	c12	CDKN1A
4.73504283115423e-146	0.629149455739535	0.439	0.257	9.37064976285421e-142	c12	ABLIM1
9.72890830958885e-143	0.341479671194302	0.961	0.904	1.92535095446763e-138	c12	RPL37A
3.25182101729984e-140	0.706432675284249	0.429	0.258	6.43535379323638e-136	c12	S1PR4
1.0396026066289e-139	2.44618284273454	0.035	0.005	2.0573735585186e-135	c12	ADAM23
5.5229833438429e-137	1.04070366947287	0.198	0.088	1.09299840374651e-132	c12	CTSL
6.90058090371688e-134	0.742845854949741	0.479	0.312	1.36562496084557e-129	c12	NOSIP
1.39892258134602e-133	0.525846483539087	0.667	0.485	2.76846778848377e-129	c12	AES
9.62059124099555e-133	0.410932081751405	0.843	0.704	1.90391500659302e-128	c12	RPS20
1.39803796547112e-132	1.1634305264126	0.147	0.057	2.76671713366734e-128	c12	DPP4
4.18965997936971e-132	0.725018905183101	0.393	0.233	8.29133709917267e-128	c12	ARL4A
1.4348867650587e-131	0.461035141175023	0.65	0.461	2.83964090805117e-127	c12	MYADM
9.36438650469936e-131	0.674803008773894	0.407	0.244	1.85321208928e-126	c12	KLRB1
1.54619221934901e-127	1.10722328809769	0.165	0.069	3.05991440209168e-123	c12	C1orf162
1.16291914460374e-126	0.80861011989067	0.332	0.188	2.3014169871708e-122	c12	KDSR
1.59689026324486e-126	0.257696749858921	0.919	0.769	3.16024583096158e-122	c12	CD52
5.65852152423599e-126	0.668244016477226	0.584	0.415	1.1198214096463e-121	c12	FAM107B
4.14001080399196e-125	0.332570031897591	0.918	0.822	8.19308138110009e-121	c12	RPS11
2.26086388932076e-124	0.43415325655088	0.8	0.652	4.47424963696579e-120	c12	SERP1
7.59321394495417e-123	2.23905448918317	0.04	0.007	1.50269703970643e-118	c12	HPCAL4
1.16980075748231e-121	0.531085272637137	0.547	0.366	2.3150356990575e-117	c12	XBP1
4.38054901443526e-120	0.500348019949304	0.655	0.48	8.66910649956738e-116	c12	NME2
2.34302662716754e-115	2.37132268876507	0.033	0.005	4.63684969516456e-111	c12	NTN4
1.96636409712957e-113	0.312774363049759	0.968	0.887	3.89143454821942e-109	c12	ZFP36L2
2.25939869380681e-112	0.223371452642466	0.999	0.987	4.47135001504367e-108	c12	RPS27
3.30900070577101e-111	0.32994751355709	0.905	0.785	6.54851239672083e-107	c12	HINT1
6.44656398281658e-111	1.059307316035	0.163	0.073	1.2757750121994e-106	c12	TNFSF13B
6.08377466167151e-110	1.40322535774556	0.101	0.036	1.20397900554479e-105	c12	NSG1
3.18950828949742e-107	0.312700696164341	0.939	0.84	6.3120369049154e-103	c12	RPL36AL
1.12224070613933e-106	0.531143386817485	0.546	0.376	2.22091435744974e-102	c12	GLIPR1
1.23907116768144e-106	0.472132932509752	0.578	0.405	2.45212184084158e-102	c12	GIMAP7
1.32761848443314e-106	1.11247220926696	0.146	0.063	2.62735698069319e-102	c12	CTSH
6.43841680786859e-105	0.800508996856856	0.252	0.135	1.27416268627719e-100	c12	DYNLT3
1.49747325309762e-104	0.271247466651234	0.954	0.878	2.96349956788019e-100	c12	BTF3
2.96291999308116e-102	2.19187515109545	0.04	0.008	5.86361866630762e-98	c12	TSPAN18
2.98023574849802e-100	0.218974174734051	0.993	0.94	5.89788654627758e-96	c12	SARAF
1.39859775206956e-98	0.281355123926942	0.867	0.71	2.76782495134566e-94	c12	RGCC
1.47991763787602e-98	0.445780558043136	0.485	0.32	2.92875700535665e-94	c12	TMEM123
1.04365023392289e-97	0.305261125626943	0.916	0.787	2.06538381293339e-93	c12	S100A6
3.33048593946836e-97	0.444021668068342	0.626	0.464	6.59103167420789e-93	c12	EIF3L
4.33000127466556e-94	0.631324387513791	0.284	0.162	8.56907252256315e-90	c12	FKBP11
1.43972618433266e-93	0.495846017415803	0.457	0.302	2.84921811879433e-89	c12	PLK3
3.68981015510995e-91	1.53421828798098	0.077	0.026	7.30213429696259e-87	c12	GCSAM
1.55946697448876e-90	2.48986727873024	0.026	0.004	3.08618514251326e-86	c12	WNT7A
2.4234621908547e-90	0.443045190488121	0.583	0.424	4.79603167570145e-86	c12	RNASET2
1.505685159004e-88	0.681082178489485	0.255	0.144	2.97975092966893e-84	c12	P2RY8
2.33868236910902e-86	0.952360751990755	0.161	0.079	4.62825240846675e-82	c12	CMTM8
2.3483714863813e-85	0.944497437916504	0.155	0.075	4.64742717154859e-81	c12	SH3YL1
2.47864231327203e-85	0.474206447518552	0.507	0.361	4.90523313796535e-81	c12	ARHGAP15
2.03434602430516e-84	0.478120890460202	0.293	0.171	4.02597078209992e-80	c12	TCF7
2.60865710290764e-84	0.71400554777518	0.279	0.167	5.16253240665422e-80	c12	ARRDC2
1.15215988275636e-83	0.533439754688325	0.412	0.274	2.28012440797484e-79	c12	FBL
1.17297897231019e-81	1.36646052579346	0.086	0.033	2.32132538620187e-77	c12	TSPAN2
6.20697104660471e-81	0.763169453249146	0.204	0.111	1.22835957012307e-76	c12	CFAP36
2.03230524798172e-80	0.321377674857535	0.687	0.528	4.02193208575582e-76	c12	AHNAK
2.82347781374773e-80	1.65138721339406	0.052	0.015	5.58766259340676e-76	c12	GRASP
4.23867724420939e-80	0.818786257244458	0.153	0.075	8.38834226629038e-76	c12	SPINT2
2.00645603605246e-79	0.580577977938689	0.298	0.182	3.97077649534782e-75	c12	RARA
2.81962119256453e-78	0.410396246581217	0.585	0.432	5.58003034008521e-74	c12	ABRACL
1.56475402811096e-76	0.498170695087967	0.394	0.265	3.0966482216316e-72	c12	ATP2B1
5.19955936274559e-76	0.310585702448961	0.817	0.7	1.02899279788735e-71	c12	SLC25A6
8.05536087420594e-75	0.45108796038046	0.339	0.215	1.59415591700536e-70	c12	CAPG
1.25001670503976e-74	0.237352449500224	0.935	0.841	2.47378305927369e-70	c12	COX4I1
5.45358202558068e-74	0.584716798567739	0.252	0.149	1.07926388286242e-69	c12	SORL1
1.31819744818735e-73	0.462785550961784	0.446	0.31	2.60871274996276e-69	c12	C1QBP
3.26290364974842e-73	1.75747863418684	0.035	0.009	6.45728632285212e-69	c12	FRY
5.31763473848027e-73	1.62236357404192	0.05	0.015	1.05235991474525e-68	c12	VSIG1
8.6331216800487e-73	0.53842550315484	0.324	0.208	1.70849478048164e-68	c12	DSTN
3.96482827478335e-72	0.818989397403196	0.115	0.052	7.84639515579624e-68	c12	AC119396.1
7.81208259133747e-72	0.350139718063759	0.708	0.564	1.54601114482569e-67	c12	RPS17
1.40254459309079e-70	2.55466271437092	0.017	0.002	2.77563574972668e-66	c12	NEFL
2.3718117627128e-70	0.243832348306324	0.971	0.923	4.69381547840863e-66	c12	RPL41
1.32128922700219e-68	1.36675624818108	0.06	0.021	2.61483138023734e-64	c12	SLC40A1
6.23154166676343e-68	0.464438081699518	0.422	0.295	1.23322209585248e-63	c12	DNAJB9
1.78332230916723e-67	0.56573958033587	0.385	0.268	3.52919484984194e-63	c12	SOD2
1.80332568130217e-67	0.526523441997283	0.369	0.252	3.56878152329699e-63	c12	PIM1
6.07715054535051e-67	0.424377121830422	0.527	0.392	1.20266809292487e-62	c12	EIF5A
8.28330934488429e-67	0.648749868782463	0.225	0.133	1.6392669193526e-62	c12	LSR
1.03743822713174e-66	0.35766357437494	0.411	0.277	2.05309025149372e-62	c12	TRAT1
1.26164870370212e-66	0.688403804781935	0.189	0.106	2.4968027846265e-62	c12	SLC39A8
3.88482560632832e-66	0.701628794987075	0.176	0.097	7.68806987492375e-62	c12	PRKCA
8.76022230050637e-66	0.273534850567331	0.939	0.875	1.73364799327021e-61	c12	RPS29
1.15280911446207e-65	0.297972621693967	0.772	0.635	2.28140923752044e-61	c12	EIF3F
2.1651434594888e-65	0.280013935506372	0.902	0.792	4.28481890632834e-61	c12	ZFP36
3.0303654158976e-65	0.359372179448392	0.52	0.381	5.99709315806135e-61	c12	ARL4C
6.40769329621244e-65	1.26036513031489	0.059	0.021	1.26808250332044e-60	c12	USP46
3.11378429364923e-64	1.42005611449057	0.047	0.015	6.16217911713183e-60	c12	EMP1
4.42018157065524e-64	0.795975704553187	0.141	0.073	8.74753932832671e-60	c12	BACH2
5.30464329514239e-63	1.47618685501516	0.05	0.016	1.04978890810868e-58	c12	MB21D2
3.26753738779137e-62	0.925747744985569	0.086	0.037	6.46645649043913e-58	c12	CYB561
5.14348628972559e-62	0.308837545227859	0.756	0.621	1.01789593673669e-57	c12	NDUFS5
1.10950633356575e-61	0.494283867934754	0.286	0.185	2.19571303412661e-57	c12	THEM4
1.51995994607195e-61	0.442279258707737	0.338	0.225	3.00800073327638e-57	c12	ERN1
4.49600592479536e-61	0.32529546670927	0.707	0.569	8.89759572517002e-57	c12	SEC61B
3.94998989107694e-60	0.292434919509409	0.757	0.636	7.81702999444127e-56	c12	RPL23
6.36714374829166e-60	0.323336705059501	0.714	0.576	1.26005774778692e-55	c12	LRRFIP1
9.82550955437009e-60	0.348977293588125	0.564	0.429	1.94446834080984e-55	c12	SMDT1
3.73951383350453e-59	0.133559011006308	0.997	0.98	7.40049787650546e-55	c12	RPS24
7.22562529061115e-59	0.548587386839265	0.278	0.181	1.42995124501195e-54	c12	TRADD
8.381851836718e-59	0.335131503107304	0.595	0.465	1.65876847848649e-54	c12	EIF4B
2.45266802001044e-58	0.835791028676738	0.105	0.05	4.85383001160066e-54	c12	MYBL1
8.32869238008402e-58	0.340717292062969	0.478	0.349	1.64824822201863e-53	c12	RORA
1.22569472481536e-57	0.216418727678847	0.903	0.779	2.4256498604096e-53	c12	MIF
1.85126898565507e-57	0.17438196760064	0.968	0.907	3.66366132261139e-53	c12	ARHGDIB
2.40123806927074e-57	0.499164445922197	0.264	0.169	4.75205013908679e-53	c12	PERP
2.85428996894701e-57	0.993276072084079	0.077	0.032	5.64863984854612e-53	c12	PCSK1N
7.71255045886312e-57	0.227604446853544	0.832	0.692	1.52631373580901e-52	c12	LEPROTL1
1.76535685450605e-56	0.650044985928902	0.222	0.138	3.49364121506747e-52	c12	GNA15
3.83076572205453e-56	1.12042359796903	0.075	0.032	7.58108536394591e-52	c12	KIF5C
3.35118887025588e-55	0.775611344685377	0.121	0.062	6.63200277423638e-51	c12	BEX2
4.29302581941985e-55	0.563628296515045	0.132	0.07	8.49589809663189e-51	c12	CCL20
8.99172867339467e-55	0.319696709414663	0.422	0.299	1.77946310446481e-50	c12	PTGER4
1.42810332533047e-54	0.344597881063295	0.439	0.321	2.826216480829e-50	c12	ITGB1
2.1146379735962e-54	1.88581401031568	0.024	0.006	4.18486854974689e-50	c12	PI16
8.01628011939773e-54	1.70552331125276	0.024	0.006	1.58642183562881e-49	c12	EDA
3.03034594605804e-53	1.22686392021801	0.058	0.022	5.99705462724886e-49	c12	CCDC184
4.07299061658729e-53	0.430668709439673	0.397	0.288	8.06044843022624e-49	c12	YIPF5
7.06211167007893e-53	0.124910995866113	0.893	0.767	1.39759189950862e-48	c12	IFITM2
8.20881802681933e-53	0.996316647148881	0.095	0.046	1.62452508750755e-48	c12	SLC12A7
8.49659883559625e-53	0.285452238221085	0.671	0.536	1.6814769095645e-48	c12	APRT
1.63474082856289e-52	0.73950665207753	0.158	0.09	3.23515209972597e-48	c12	MID1IP1
6.15923543496034e-52	0.589377766312951	0.164	0.094	1.21891269257865e-47	c12	CA5B
1.41432880294717e-51	0.36526189235234	0.407	0.294	2.79895670103246e-47	c12	RELB
1.60759276166799e-51	0.367564983711474	0.328	0.221	3.18142607534096e-47	c12	MGAT4A
1.90085723681539e-51	1.60881625068804	0.031	0.009	3.76179647165766e-47	c12	VIPR1
6.15674723268073e-51	0.219810610061021	0.879	0.775	1.21842027734752e-46	c12	COX7C
7.2632391291888e-51	0.370389032279038	0.389	0.279	1.43739502366646e-46	c12	PRNP
8.42998629678158e-51	1.12707791960657	0.068	0.029	1.66829428813307e-46	c12	FXYD1
1.36364572833847e-50	1.16503227915366	0.061	0.025	2.69865489638184e-46	c12	SLCO3A1
1.37179306687754e-50	1.12778622320245	0.068	0.029	2.71477847935066e-46	c12	IL23A
3.41275064111076e-50	1.34447355414444	0.043	0.015	6.75383351875819e-46	c12	CFH
1.75346174806252e-49	0.716891662610907	0.11	0.056	3.47010079941573e-45	c12	SORBS3
1.77856683949852e-49	1.79292296414978	0.021	0.005	3.51978377536756e-45	c12	LTK
2.90977393639062e-49	0.228502617513697	0.671	0.525	5.75844262011705e-45	c12	PLP2
8.76092028231422e-48	0.454448348098614	0.284	0.195	1.73378612386998e-43	c12	TNFRSF25
5.51505064196316e-46	0.230208232321041	0.665	0.532	1.09142852204451e-41	c12	TGFB1
6.03186718718442e-46	0.300567650545419	0.472	0.352	1.1937065163438e-41	c12	ANXA2
6.15706015989793e-46	0.319456817782624	0.341	0.24	1.2184822056438e-41	c12	SC5D
1.31513647506495e-45	0.485304028738061	0.264	0.179	2.60265508415354e-41	c12	IMPDH2
3.36949565260071e-45	0.508292807525101	0.143	0.083	6.6682318964968e-41	c12	CD40LG
7.41154457427289e-45	0.615088292033234	0.103	0.053	1.4667446712486e-40	c12	ITGA6
6.28712077595336e-44	1.07830290468817	0.057	0.024	1.24422120156117e-39	c12	RARG
9.8027627592898e-44	0.832173480327554	0.092	0.046	1.93996675006345e-39	c12	TRABD2A
1.01759455297605e-43	0.564117172515021	0.172	0.105	2.01381962033961e-39	c12	ELK3
1.55915691941574e-43	1.89475821842696	0.019	0.004	3.08557154352375e-39	c12	RRAGD
1.71811812966117e-43	0.209786066526346	0.811	0.696	3.40015577859945e-39	c12	EZR
3.24558235751293e-43	0.851587279620866	0.096	0.05	6.42300748551808e-39	c12	CHD7
4.43478702364193e-43	0.341787785239342	0.304	0.211	8.77644351978738e-39	c12	CRYBG1
1.94111790151212e-42	1.68206155484133	0.029	0.009	3.84147232709249e-38	c12	ESPN
2.20939226223027e-42	0.258948359830811	0.441	0.329	4.3723872869537e-38	c12	ATP1A1
1.46134063559224e-41	1.05842645446041	0.06	0.027	2.89199311783704e-37	c12	LTC4S
1.53501258306611e-41	0.246300137998872	0.67	0.543	3.03778990188782e-37	c12	EIF3H
5.81867727895369e-40	1.22823292985577	0.04	0.015	1.15151623350493e-35	c12	CKAP4
7.56567114592991e-40	0.436152001219896	0.2	0.13	1.49724631977953e-35	c12	AP3M2
1.43765436017341e-39	0.270648829824478	0.422	0.313	2.84511797878318e-35	c12	MCUB
2.34489434786768e-39	0.744389366411914	0.092	0.048	4.64054591443014e-35	c12	DHRS3
2.38698756947534e-39	0.484559715327245	0.242	0.166	4.7238483999917e-35	c12	NSMCE1
3.02639007132789e-39	0.34850927941623	0.268	0.184	5.98922595115789e-35	c12	NPC2
3.58931868271093e-39	0.179885766433325	0.688	0.577	7.10326167308493e-35	c12	TUBA1A
6.23629294475803e-39	0.623167669477088	0.133	0.078	1.23416237376762e-34	c12	SESN1
6.48918746206873e-39	0.551481583616064	0.105	0.057	1.2842101987434e-34	c12	ANK3
1.09883971143166e-38	0.231281287268517	0.462	0.349	2.17460378892325e-34	c12	RNF125
1.20736558886194e-38	0.363953104039349	0.377	0.283	2.38937650035779e-34	c12	OSTC
5.34072627321494e-38	0.259054708458549	0.547	0.431	1.05692972946924e-33	c12	RSL1D1
1.47261985770748e-37	0.324265069283501	0.235	0.158	2.9143146984031e-33	c12	LEF1
2.1542011188667e-37	0.283141813100613	0.462	0.357	4.26316401423721e-33	c12	TNFAIP8
3.44876595083955e-37	0.419911698361354	0.249	0.172	6.82510781671146e-33	c12	TRAPPC6A
4.18136450114748e-37	0.304954437735268	0.401	0.304	8.27492034777087e-33	c12	PPP1CB
7.21195041956423e-37	0.917735047795229	0.079	0.041	1.42724498803176e-32	c12	SNTA1
1.96162404367162e-36	0.53470973901572	0.15	0.093	3.88205398242613e-32	c12	MAP3K4
4.24685387159877e-36	0.146770238618258	0.942	0.864	8.40452381189397e-32	c12	NPM1
5.03941718142757e-36	0.215104743015956	0.668	0.547	9.97300660204515e-32	c12	PDCD4
7.62615229832305e-36	0.277542466009781	0.496	0.391	1.50921553983813e-31	c12	RSL24D1
7.6362558619604e-36	0.276711892150883	0.561	0.45	1.51121503508196e-31	c12	YWHAQ
8.71408298853785e-36	0.268351102549287	0.349	0.258	1.72451702343164e-31	c12	SELL
1.00907047375737e-35	0.119877724006078	0.97	0.916	1.99695046756584e-31	c12	PPIA
1.53465455772722e-35	0.177271737352934	0.791	0.657	3.03708136974216e-31	c12	SELENOK
1.71478283019764e-35	0.160573770962376	0.832	0.726	3.39355522096114e-31	c12	COMMD6
2.04237854496474e-35	1.08961492795102	0.047	0.02	4.04186714048523e-31	c12	LDOC1
2.21142510721215e-35	0.176613508163614	0.813	0.71	4.37641028717285e-31	c12	EIF3K
2.42097620824382e-35	0.79077928404502	0.068	0.033	4.79111191611452e-31	c12	LST1
2.64053391000629e-35	1.54184504778684	0.019	0.005	5.22561660790244e-31	c12	SUSD4
4.3800238409361e-35	0.207257011645031	0.681	0.572	8.66806718121255e-31	c12	GSTK1
5.55687432579892e-35	1.89714776269372	0.016	0.004	1.09970542907561e-30	c12	GREM2
7.09110464081434e-35	1.44465943658438	0.034	0.013	1.40332960841716e-30	c12	TPPP
2.69587417458677e-34	0.488622656326446	0.166	0.106	5.33513499150721e-30	c12	SH3BP5
5.39032005695751e-34	0.243604388566675	0.489	0.38	1.06674433927189e-29	c12	ATP5PB
7.66296637916436e-34	1.20274639438955	0.031	0.011	1.51650104643663e-29	c12	JAM3
8.0314109715007e-34	0.470576881023508	0.171	0.11	1.58941623125999e-29	c12	CYSTM1
7.16944610109914e-33	0.419150166309815	0.169	0.109	1.41883338340752e-28	c12	CAMK1D
8.02894766397634e-33	0.50620076147036	0.183	0.123	1.58892874270092e-28	c12	FBLN7
8.27738510686872e-33	0.365506644968049	0.254	0.18	1.63809451264932e-28	c12	TMBIM1
1.0551218591754e-32	0.200248490627411	0.351	0.261	2.08808615930811e-28	c12	PNP
1.09236021740236e-32	0.196088640081473	0.686	0.567	2.16178087023926e-28	c12	MZT2B
1.09436816381984e-32	0.236030911548556	0.596	0.49	2.16575459619945e-28	c12	UXT
1.45799104586302e-32	0.153666848383375	0.651	0.53	2.88536427976291e-28	c12	CD48
1.59918697199689e-32	0.343128525178868	0.161	0.103	3.16479101758185e-28	c12	GIMAP5
1.73638960163216e-32	0.300397146266258	0.324	0.24	3.43631502163004e-28	c12	ADD3
3.02303402995877e-32	0.382810951764731	0.206	0.14	5.9825843452884e-28	c12	RASA3
4.70600154324233e-32	0.240792005329891	0.48	0.379	9.31317705407657e-28	c12	NSA2
5.92184629475493e-32	0.208265079229726	0.574	0.458	1.171933381732e-27	c12	PEBP1
6.89654317469331e-32	0.717300146673357	0.095	0.054	1.36482589427181e-27	c12	DSE
7.79414217085702e-32	0.264563128237316	0.419	0.324	1.5424607356126e-27	c12	TOMM22
1.89788939731051e-31	0.422312342439486	0.223	0.157	3.75592311727751e-27	c12	CERK
2.9753360946918e-31	0.201474201609793	0.434	0.335	5.88819013139507e-27	c12	CAMK4
3.55087145423717e-31	0.289816778662692	0.39	0.301	7.02717460793537e-27	c12	SSR3
1.17546790952736e-30	0.236098231585807	0.296	0.216	2.32625099295464e-26	c12	SATB1
1.17907471330968e-30	0.635253315380431	0.13	0.082	2.33338885763986e-26	c12	ORAI2
1.50855086339837e-30	0.228945861603578	0.418	0.324	2.98542215866537e-26	c12	DDX21
3.23266278140853e-30	0.616508679617394	0.085	0.047	6.39743964440747e-26	c12	NME4
3.29179270413954e-30	0.60666440524278	0.074	0.039	6.51445776149215e-26	c12	PLCB1
4.89960257263616e-30	0.724417783808575	0.05	0.023	9.69631349124696e-26	c12	GPR15
6.67187820978329e-30	0.435326847439525	0.167	0.111	1.32036469771611e-25	c12	CDC14A
7.38673781276266e-30	0.134205966077698	0.916	0.844	1.46183541314573e-25	c12	ITM2B
8.88335130026564e-30	0.888242067699159	0.049	0.023	1.75801522232257e-25	c12	VCL
9.46080183759423e-30	0.245616192801359	0.465	0.369	1.8722926836599e-25	c12	ATP5PD
1.39015486400097e-29	0.787387425156142	0.092	0.053	2.75111647585793e-25	c12	FURIN
3.92465882363483e-29	0.537908868308057	0.126	0.079	7.76689981197334e-25	c12	PXN
4.95385780225896e-29	1.31889648098361	0.025	0.009	9.80368459067047e-25	c12	NEO1
1.22774804945756e-28	0.186700940220879	0.653	0.536	2.42971338987652e-24	c12	HNRNPA0
2.88749671389672e-28	1.27881517146902	0.023	0.008	5.71435599680162e-24	c12	PLEKHG3
3.53036908657555e-28	0.283827187606857	0.388	0.303	6.986600422333e-24	c12	CMPK1
5.73194043679296e-28	1.37279435441264	0.02	0.006	1.13435101244133e-23	c12	NHSL2
6.12165887369443e-28	0.172538798716221	0.769	0.666	1.21147629110413e-23	c12	SSR4
6.81152668730115e-28	0.267969312731594	0.348	0.268	1.3480011314169e-23	c12	EIF2S3
1.19519310420853e-27	1.41132666588477	0.024	0.008	2.36528715322868e-23	c12	GPR146
1.22910037654749e-27	0.233294034181803	0.364	0.28	2.43238964518748e-23	c12	CYTH1
1.5277378876567e-27	0.484769098485496	0.152	0.102	3.0233932796726e-23	c12	IRS2
1.69971603113758e-27	0.557991771134666	0.119	0.074	3.36373802562128e-23	c12	BEX4
2.49577001469863e-27	1.14456063723145	0.033	0.013	4.93912885908859e-23	c12	KCNQ1
3.40870777209576e-27	1.60327369187782	0.017	0.005	6.74583268097751e-23	c12	TRIQK
4.26142776783941e-27	0.307666269575201	0.275	0.205	8.4333655525542e-23	c12	NXT1
4.8582238302465e-27	1.26131326538915	0.028	0.01	9.61442496005781e-23	c12	NT5E
8.49939574493832e-27	0.453472957448119	0.217	0.157	1.68203041792329e-22	c12	SLC16A3
9.08263250648524e-27	1.31670405971844	0.022	0.007	1.79745297303343e-22	c12	TSPAN15
1.3948735582963e-26	1.481977037527	0.017	0.005	2.76045477186837e-22	c12	RGMB
1.96327897195033e-26	0.259298176520913	0.363	0.283	3.8853290854897e-22	c12	PPA1
2.24950313719236e-26	0.128820486775943	0.656	0.545	4.45176670850367e-22	c12	SLC2A3
3.04846242235694e-26	0.21645899400094	0.446	0.356	6.03290713384439e-22	c12	CD47
3.80078626268547e-26	0.47162458020441	0.066	0.035	7.52175601385454e-22	c12	PTPN13
4.10659428187467e-26	1.37422926849353	0.017	0.005	8.12695008382996e-22	c12	EGLN3
4.25515051315197e-26	0.356041266840732	0.193	0.135	8.42094286552775e-22	c12	TESPA1
5.71870751052061e-26	0.643710827012258	0.107	0.067	1.13173221633203e-21	c12	FAM241A
6.44772309247527e-26	0.619033657921217	0.07	0.038	1.27600440000086e-21	c12	PLEKHB1
6.49342310953443e-26	0.231247899900463	0.492	0.399	1.28504843337686e-21	c12	SEC61G
7.98209572183577e-26	0.27926608183749	0.291	0.219	1.5796567433513e-21	c12	PER1
8.25105722662742e-26	0.431558859911887	0.211	0.153	1.63288422514957e-21	c12	PLSCR3
9.52550224400847e-26	0.25431399432369	0.394	0.311	1.88509689408928e-21	c12	TMED2
1.7854827633483e-25	0.139101017279529	0.76	0.658	3.53347038866629e-21	c12	SNRPD2
2.00033964296056e-25	1.90990626058545	0.011	0.002	3.95867215341896e-21	c12	ST6GALNAC1
2.51474247268084e-25	0.245157599022804	0.301	0.227	4.97667535343539e-21	c12	ALKBH7
3.45622519824677e-25	0.23449300362923	0.322	0.248	6.83986966733035e-21	c12	NFKB1
4.03773895898395e-25	0.137118706341949	0.74	0.638	7.99068539982924e-21	c12	SF1
5.03987360220271e-25	0.657309276202678	0.1	0.062	9.97390985875917e-21	c12	SFMBT1
5.55947175515742e-25	0.278716645184777	0.19	0.132	1.10021946034565e-20	c12	C16orf54
1.21446134679488e-24	1.12353616086208	0.027	0.01	2.40341900530708e-20	c12	TGFA
1.69207028221512e-24	0.376057879613112	0.198	0.143	3.34860708850372e-20	c12	IL4R
2.29569610218246e-24	0.17378335759421	0.507	0.408	4.54318258621908e-20	c12	PRDX2
2.82212540626022e-24	0.518058616589156	0.13	0.086	5.58498617898898e-20	c12	MXI1
2.93209689328909e-24	1.09562496245578	0.024	0.009	5.80261975181911e-20	c12	PELI2
4.30984297089252e-24	0.101520235426675	0.504	0.402	8.52917923939629e-20	c12	PBXIP1
4.68441942431165e-24	0.315192415425334	0.144	0.097	9.27046604071276e-20	c12	ANKRD28
5.22133022398696e-24	0.15335208661074	0.709	0.611	1.03330125132702e-19	c12	SSR2
5.47198587470703e-24	0.480598299157073	0.144	0.098	1.08290600460452e-19	c12	IFT57
5.94555715568516e-24	0.536651536754745	0.095	0.058	1.17662576111009e-19	c12	SSBP2
6.71435263148822e-24	1.09562256112942	0.031	0.013	1.32877038577152e-19	c12	SPON1
7.06545149290484e-24	0.560709321388936	0.121	0.079	1.39825285044587e-19	c12	PARD6A
7.98241116067861e-24	0.214909333746053	0.425	0.339	1.5797191686983e-19	c12	RBMS1
9.58246836299631e-24	0.235837849902905	0.437	0.355	1.89637048903697e-19	c12	GTF3A
9.65055867810332e-24	0.188901604789074	0.352	0.273	1.90984556239665e-19	c12	GPR65
9.68296775090586e-24	0.118846031273128	0.935	0.878	1.91625931790427e-19	c12	HNRNPA1
1.04238367326531e-23	0.53524977650144	0.078	0.045	2.06287728939204e-19	c12	AMPD2
1.42781668174497e-23	0.218544941214407	0.478	0.39	2.8256492131733e-19	c12	HNRNPUL1
1.58209672863954e-23	0.162055730500608	0.422	0.335	3.13096942597764e-19	c12	PDE4D
1.93428165171511e-23	1.43009930605938	0.015	0.004	3.8279433887442e-19	c12	PCSK5
1.03925917606924e-22	0.19972585436374	0.28	0.211	2.05669390944103e-18	c12	RIPOR2
1.15934023807429e-22	0.509266825966439	0.081	0.048	2.29433433114902e-18	c12	SCML1
3.40914408042801e-22	0.16990896461044	0.637	0.537	6.74669613516704e-18	c12	SNU13
3.75499091468999e-22	0.195848938203876	0.449	0.366	7.4311270201715e-18	c12	UFC1
3.80283253302902e-22	0.658250212098158	0.056	0.031	7.52580558286443e-18	c12	PDE8A
4.27195272316503e-22	0.393385450781236	0.192	0.14	8.4541944391436e-18	c12	REEP3
8.09041923967049e-22	0.155136397952215	0.462	0.373	1.60109396753079e-17	c12	SKIL
8.738404505951e-22	0.443820849246825	0.107	0.069	1.7293302517277e-17	c12	PRR7
1.20416969189037e-21	0.154757938020923	0.616	0.515	2.38305182025104e-17	c12	GPX4
1.30090200097302e-21	0.288448497434596	0.187	0.135	2.57448505992561e-17	c12	ESYT1
1.35796104138984e-21	0.170647609568844	0.53	0.437	2.68740490091048e-17	c12	UCP2
1.53951356282369e-21	0.215202292271269	0.32	0.25	3.04669734082808e-17	c12	RCAN3
1.60545282131968e-21	0.605056876355899	0.081	0.05	3.17719113339165e-17	c12	APP
1.7914592090075e-21	0.996023572315524	0.033	0.015	3.54529777462584e-17	c12	CFP
1.92157988991367e-21	0.70862514288676	0.049	0.025	3.80280660213915e-17	c12	NR1D1
2.02462975433696e-21	1.51233343299903	0.013	0.004	4.00674228383284e-17	c12	WWC2
2.16457411065484e-21	0.352795898050468	0.121	0.08	4.28369216498593e-17	c12	TMEM71
2.22734208959877e-21	0.218203730391421	0.279	0.213	4.40790999531596e-17	c12	SYTL1
2.44391971151149e-21	0.459543807445432	0.087	0.054	4.83651710908123e-17	c12	RRP12
2.5665439071e-21	0.221046394834644	0.23	0.17	5.0791903921509e-17	c12	STK38
3.77784845404294e-21	0.184118406552496	0.499	0.41	7.47636209055097e-17	c12	MZT2A
6.64448942467488e-21	0.214678019077255	0.275	0.21	1.31494445714316e-16	c12	FKBP2
8.92626972297362e-21	0.866413554907384	0.04	0.02	1.76650877817648e-16	c12	SBF2
8.94515357173754e-21	0.517691288198999	0.099	0.064	1.77024589184686e-16	c12	RASSF2
1.094481315255e-20	0.166256083476457	0.678	0.581	2.16597852288964e-16	c12	CIB1
1.34183559928472e-20	0.554916795093148	0.103	0.068	2.65549265098446e-16	c12	KIAA0391
1.51166945386831e-20	0.198882338225553	0.554	0.458	2.99159384920538e-16	c12	TXN
1.56958176239028e-20	0.137052426010758	0.831	0.734	3.10620230777037e-16	c12	YBX1
1.76809218613546e-20	0.583629891863346	0.061	0.034	3.49905443636207e-16	c12	RNF130
2.50160842636734e-20	1.16315011265645	0.024	0.01	4.95068307578097e-16	c12	AFDN
3.38716426500145e-20	0.254808121247395	0.297	0.234	6.70319808043788e-16	c12	UBE2J1
3.85392742810011e-20	0.782072108319677	0.042	0.022	7.62692238021011e-16	c12	BEX5
3.87478112507798e-20	0.976033415811917	0.039	0.019	7.66819184652933e-16	c12	RFX2
4.44823637619566e-20	0.355306685610395	0.143	0.1	8.8030597884912e-16	c12	TPD52
1.27165061502316e-19	0.210054925671915	0.413	0.338	2.51659656713083e-15	c12	ORAI1
1.51208068739777e-19	1.34418130510378	0.018	0.007	2.99240768036018e-15	c12	AXIN2
2.21663032514589e-19	0.237797612571498	0.306	0.243	4.38671141346371e-15	c12	TES
2.33521363243981e-19	0.592568517145021	0.075	0.046	4.62138777859838e-15	c12	CXCL16
2.59875377013423e-19	0.221037666089813	0.329	0.262	5.14293371109565e-15	c12	MYDGF
2.60444926572651e-19	0.279817237500867	0.194	0.144	5.15420509687275e-15	c12	NBEAL1
2.90063009438185e-19	0.668741296955591	0.054	0.03	5.74034695678168e-15	c12	GNAQ
3.50204676530874e-19	0.348466052156816	0.185	0.137	6.93055054854599e-15	c12	AP1S2
3.78634823786639e-19	0.111296762897364	0.804	0.713	7.4931831627376e-15	c12	UQCRB
5.8899807699654e-19	0.250489326128196	0.246	0.189	1.16562719437615e-14	c12	TRMT10C
7.81101842903706e-19	0.130744484802837	0.493	0.41	1.54580054710643e-14	c12	CAST
7.85019906618681e-19	0.574770319455156	0.069	0.042	1.55355439519837e-14	c12	ZSCAN18
8.62934606950627e-19	0.381282025717383	0.104	0.069	1.70774758715529e-14	c12	ANTXR2
8.78469670418257e-19	0.280440994242133	0.224	0.172	1.73849147775773e-14	c12	MRPL14
9.08442785982854e-19	0.647329182290234	0.063	0.037	1.79780827346007e-14	c12	TMEM184B
1.40297780356666e-18	0.205680511271972	0.258	0.198	2.77649307325841e-14	c12	NCF1
1.6833012122134e-18	0.179362400639838	0.392	0.319	3.33125309897032e-14	c12	AKIRIN1
2.42557238617563e-18	1.08935678550028	0.023	0.01	4.80020775224157e-14	c12	RAB20
3.17518730781425e-18	0.251894270431956	0.178	0.13	6.28369568216439e-14	c12	RAP2B
3.26607222624943e-18	0.239552645034005	0.267	0.21	6.46355693574763e-14	c12	ADK
5.23634665246466e-18	0.108359938482026	0.786	0.69	1.03627300252276e-13	c12	PPIB
5.98426705242461e-18	0.609466355208102	0.06	0.035	1.18428644967483e-13	c12	GPR35
6.06745379306112e-18	1.05250975187388	0.022	0.009	1.20074910564679e-13	c12	MAPRE3
8.01962948822563e-18	0.128194002652998	0.538	0.446	1.58708467571985e-13	c12	NDUFV2
9.84482671389859e-18	0.203699262570819	0.27	0.211	1.94829120668053e-13	c12	SYPL1
1.00274885814977e-17	0.432194685721638	0.091	0.059	1.98443999027839e-13	c12	C11orf1
1.02527141391296e-17	0.918857939973717	0.027	0.012	2.02901212813374e-13	c12	SEMA4C
1.03573136665415e-17	0.25808865126302	0.216	0.164	2.04971237460855e-13	c12	NR1D2
2.38893181134927e-17	0.770235417520642	0.044	0.024	4.72769605466021e-13	c12	EEPD1
2.65008358176981e-17	0.516182981741077	0.076	0.048	5.24451540832245e-13	c12	ARHGAP5
3.59135262039088e-17	1.50461963445523	0.01	0.003	7.10728683575356e-13	c12	CRISPLD2
4.09802138865529e-17	0.457139960181406	0.092	0.061	8.10998432814882e-13	c12	SGK3
4.28927409272807e-17	0.153861037828343	0.435	0.359	8.48847342950886e-13	c12	STRAP
4.93140828432899e-17	0.230790007442069	0.151	0.109	9.75925699468707e-13	c12	SERINC5
5.11262108211324e-17	0.32358441381006	0.139	0.099	1.01178771215021e-12	c12	RBM15B
5.93067448186931e-17	0.290624325602307	0.124	0.087	1.17368047996194e-12	c12	MGAT5
7.2468489633366e-17	0.914020602134214	0.029	0.014	1.43415140984431e-12	c12	EIF4EBP3
9.29816577775274e-17	0.105789368643908	0.727	0.634	1.84010700741727e-12	c12	MCL1
1.2537057809541e-16	0.166086648027173	0.317	0.253	2.48108374050817e-12	c12	TMEM243
1.62102697559406e-16	0.107061366655574	0.601	0.515	3.20801238470065e-12	c12	IDS
1.7366211051337e-16	0.215002638222435	0.287	0.229	3.4367731670596e-12	c12	LSM5
1.8525082297958e-16	0.615778647146219	0.046	0.025	3.66611378676589e-12	c12	AL136454.1
2.06978115156067e-16	0.135896041400628	0.55	0.465	4.09609689893856e-12	c12	TOMM20
2.26375950400005e-16	0.617626316737172	0.078	0.051	4.47998005841609e-12	c12	CYSLTR1
2.3211777104278e-16	0.241840753152095	0.153	0.111	4.59361068893662e-12	c12	BNIP3
2.36234879394452e-16	0.305782898561795	0.16	0.118	4.67508826321621e-12	c12	EIF1AY
2.4137808404391e-16	0.179614240136879	0.355	0.291	4.77687228322897e-12	c12	HAX1
3.12910557550565e-16	0.105341277793464	0.633	0.538	6.19249993392568e-12	c12	GPSM3
3.3949390248371e-16	0.179270784874884	0.31	0.25	6.71858433015263e-12	c12	CAMLG
4.46648201312308e-16	0.21664160158072	0.391	0.327	8.83916790397058e-12	c12	CMTM6
4.51581655675984e-16	0.248261837798982	0.194	0.147	8.93680096582773e-12	c12	SVIP
4.84957380043746e-16	0.190408979714122	0.285	0.227	9.59730655106573e-12	c12	PHF20
7.05875432797738e-16	0.116798393925127	0.478	0.399	1.39692748150672e-11	c12	BCAS2
1.02227357810879e-15	0.123981773186213	0.274	0.216	2.02307941107729e-11	c12	KDM6B
1.05447979583934e-15	0.134570226015522	0.605	0.512	2.08681551596605e-11	c12	RBM3
1.19079072351867e-15	0.217331284851416	0.248	0.196	2.35657484184345e-11	c12	APEX1
1.57869845263115e-15	0.505518731745015	0.056	0.034	3.12424423775705e-11	c12	GSTM3
1.62467419997417e-15	0.220278492756874	0.241	0.19	3.21523024174888e-11	c12	LYSMD2
1.8429981064201e-15	1.34961882564105	0.013	0.004	3.64729325260537e-11	c12	ALOX5
1.98152971177228e-15	0.671010275400318	0.046	0.026	3.92144729959735e-11	c12	AGPAT4
2.6707922955731e-15	0.169240409377733	0.3	0.24	5.28549795293916e-11	c12	ABHD14B
2.96602304120133e-15	0.542695518780082	0.053	0.031	5.86975959853743e-11	c12	THBS1
3.06551563048141e-15	0.221562867903258	0.267	0.214	6.06665543272271e-11	c12	ABT1
3.29305965573716e-15	0.335368785235489	0.079	0.051	6.51696505870384e-11	c12	PATJ
5.04377763075793e-15	0.138338263994406	0.191	0.144	9.98163593126995e-11	c12	TLE4
7.30777494322907e-15	0.149499644215799	0.217	0.167	1.44620866126503e-10	c12	ITGB7
7.85524355401139e-15	0.470858291250796	0.062	0.039	1.55455269933885e-10	c12	GKAP1
8.0805661497245e-15	0.113115741915005	0.401	0.333	1.59914404103048e-10	c12	TMED10
8.88219987093757e-15	1.14981781979092	0.015	0.006	1.75778735445854e-10	c12	F2RL1
1.0503457522868e-14	0.171524881761135	0.324	0.264	2.07863424377558e-10	c12	R3HDM4
1.10818159656563e-14	0.154939677855496	0.368	0.304	2.19309137960337e-10	c12	GADD45GIP1
1.13490569816564e-14	0.121123837322608	0.653	0.568	2.24597837666979e-10	c12	EIF3G
1.35010489801352e-14	0.121801846975026	0.506	0.424	2.67185759316875e-10	c12	TSPO
1.45897255325372e-14	0.19933722362767	0.309	0.254	2.88730668288912e-10	c12	CHMP1B
1.67412720211433e-14	0.71332121279017	0.043	0.025	3.31309773298426e-10	c12	CETN2
2.01195889044269e-14	0.532535330101131	0.09	0.063	3.98166664418608e-10	c12	SYNJ2
2.23763491129684e-14	0.201666375881876	0.173	0.131	4.42827948945644e-10	c12	CDC25B
2.49122305891253e-14	0.518700274300926	0.06	0.038	4.93013043358789e-10	c12	EVA1C
2.7348202587982e-14	0.871354321280024	0.024	0.011	5.41220929216163e-10	c12	CALHM6
3.04055887093582e-14	0.169212975783882	0.282	0.227	6.01726600558199e-10	c12	NHP2
3.07966055940377e-14	0.116268016943663	0.564	0.483	6.09464824706006e-10	c12	ERP29
3.72305063929777e-14	0.84818520275179	0.033	0.018	7.36791721517029e-10	c12	BTBD11
3.79972356854058e-14	0.105453096975485	0.552	0.462	7.5196529421418e-10	c12	SNRPG
3.88809497495496e-14	0.122299130967557	0.535	0.452	7.69453995543587e-10	c12	NDFIP1
4.04171950334342e-14	0.112811721314345	0.323	0.26	7.99856289711664e-10	c12	MGST3
4.167469915093e-14	0.20765854763985	0.257	0.206	8.24742296196904e-10	c12	ARL2BP
4.49688870040315e-14	0.822670401052731	0.027	0.013	8.89934273809783e-10	c12	TCEA3
4.57067873632778e-14	0.840111264600322	0.034	0.018	9.04537321919267e-10	c12	GPAT3
4.86083776575132e-14	0.386610786236627	0.083	0.056	9.61959793842186e-10	c12	CSGALNACT1
5.10438541351948e-14	0.825992975685906	0.022	0.01	1.01015787333551e-09	c12	RALGPS2
5.14453903984662e-14	0.47852063234838	0.054	0.033	1.01810427598565e-09	c12	DOCK9
6.66206334296298e-14	0.194660503730499	0.942	0.885	1.31842233557237e-09	c12	RPS26
7.3554867766977e-14	0.108214951134176	0.321	0.262	1.45565083310848e-09	c12	USP36
7.44330813319341e-14	1.19140145039841	0.011	0.004	1.47303067955898e-09	c12	IGSF22
8.00080832947932e-14	0.173140097714427	0.239	0.189	1.58335996840396e-09	c12	HSD17B11
8.52657421499459e-14	0.200324582263693	0.142	0.105	1.68740903714743e-09	c12	NELL2
9.55135499142423e-14	0.702636272522611	0.044	0.026	1.89021315280286e-09	c12	ZBTB16
9.79469673663861e-14	0.24836757096576	0.175	0.134	1.93837048418078e-09	c12	SLC10A3
1.02069342272086e-13	0.25206635862554	0.097	0.068	2.01995228356458e-09	c12	MLF1
1.59549948104534e-13	0.191284495781794	0.194	0.151	3.15749347298873e-09	c12	RNF11
1.60411557010681e-13	0.131182157870298	0.457	0.384	3.17454471324138e-09	c12	EIF3M
1.67095528758767e-13	0.164057975713975	0.272	0.22	3.306820514136e-09	c12	ODF2L
1.96021077005406e-13	0.465361228801123	0.069	0.045	3.87925711393698e-09	c12	MAP9
2.01844531771179e-13	0.312866173390322	0.103	0.073	3.99450328375164e-09	c12	UBXN11
2.1208051488441e-13	0.826573716700362	0.022	0.01	4.19707338956247e-09	c12	WDR86
2.13210338656032e-13	0.167715449135666	0.253	0.203	4.21943260200287e-09	c12	EIF2A
2.39005612678148e-13	0.144682502220324	0.249	0.199	4.72992107490055e-09	c12	FUNDC2
2.62214109308719e-13	0.130652476045059	0.32	0.262	5.18921722321955e-09	c12	C19orf70
2.66931793534015e-13	0.11064511153638	0.262	0.21	5.28258019403815e-09	c12	MANF
4.22302743082131e-13	0.511435892006725	0.046	0.028	8.35737128559538e-09	c12	AIG1
4.47727443399837e-13	0.166232596450374	0.242	0.194	8.86052610488278e-09	c12	RAB22A
4.58203170420038e-13	0.183387819508288	0.213	0.169	9.06784074261256e-09	c12	FBXO34
4.88675326629305e-13	0.697039965020348	0.025	0.013	9.67088471399395e-09	c12	MICU3
5.00148480574199e-13	0.201326187016295	0.23	0.184	9.89793843056341e-09	c12	TMEM14C
7.09874786442701e-13	0.131843024731174	0.229	0.181	1.4048422023701e-08	c12	ELL2
7.67507370118635e-13	1.02076205017878	0.02	0.009	1.51889708546478e-08	c12	ZNF165
8.52614080303845e-13	0.123288924157105	0.366	0.304	1.68732326492131e-08	c12	TOMM5
8.83822313246753e-13	0.167974642089489	0.286	0.234	1.74908435791532e-08	c12	DDT
9.16516580489643e-13	0.107842036938201	0.423	0.356	1.813786312789e-08	c12	EIF3D
9.17147527951313e-13	0.356141591076355	0.126	0.094	1.81503495781565e-08	c12	HSPBP1
1.14940993293131e-12	0.211978896551177	0.176	0.137	2.27468225727106e-08	c12	GNL3
1.27820666750691e-12	0.846177164776535	0.019	0.009	2.52957099499618e-08	c12	SPINK2
1.36845064632424e-12	0.244722947234099	0.128	0.095	2.70816382907567e-08	c12	GALT
1.38780612199626e-12	1.24872241282064	0.013	0.005	2.7464683154306e-08	c12	GPR160
1.51873810498623e-12	0.328818956307563	0.132	0.099	3.00558270976775e-08	c12	PASK
1.55380571716468e-12	0.818072353689397	0.024	0.012	3.0749815142689e-08	c12	RORC
1.70362326170125e-12	0.377890875200998	0.116	0.085	3.37147043490677e-08	c12	CDK5RAP1
2.03913096007718e-12	0.305438138817185	0.101	0.072	4.03544016999273e-08	c12	TLNRD1
2.07550332672011e-12	0.114638603283692	0.377	0.316	4.10742108357911e-08	c12	OSBPL8
2.11790904975812e-12	0.102853528384755	0.356	0.298	4.19134200947133e-08	c12	P2RY10
2.74850121109446e-12	0.142650981676688	0.506	0.44	5.43928389675593e-08	c12	OCIAD2
3.32835603092707e-12	0.151501975860159	0.113	0.082	6.58681658520468e-08	c12	TGFBR3
3.43104683421196e-12	0.304558051752382	0.129	0.097	6.79004168490547e-08	c12	ADAM19
3.80068941114981e-12	0.894206620122975	0.012	0.005	7.52156434466548e-08	c12	COLQ
4.50857904593663e-12	1.3013513904658	0.01	0.004	8.9224779319086e-08	c12	TMEM45B
4.87656460733854e-12	0.175290841229021	0.137	0.103	9.65072135792297e-08	c12	HGSNAT
4.95661538825672e-12	1.33236769045135	0.012	0.005	9.80914185336006e-08	c12	TKTL1
5.98658065042939e-12	0.596867704499545	0.049	0.031	1.18474431071998e-07	c12	FADS3
6.46024600666973e-12	0.152639198210976	0.247	0.199	1.27848268471994e-07	c12	TSPYL1
7.45543147629306e-12	0.288566786252899	0.073	0.05	1.4754298891584e-07	c12	MYC
7.9515610691734e-12	0.259241009461745	0.135	0.103	1.57361393558942e-07	c12	ETV3
1.1155782391861e-11	0.602380606575779	0.046	0.028	2.20772933534929e-07	c12	SOCS2
1.21265095937435e-11	0.111270646930841	0.706	0.621	2.39983624860183e-07	c12	PCBP2
1.22559741774542e-11	0.236479790960599	0.225	0.184	2.42545728971818e-07	c12	ETHE1
1.43560764493136e-11	0.174206823733916	0.239	0.195	2.84106752931916e-07	c12	USP3
1.46604603340465e-11	0.269046167330482	0.143	0.11	2.90130510010779e-07	c12	MGAT2
1.48230488894211e-11	1.32039927784248	0.012	0.005	2.93348137521644e-07	c12	PODXL2
1.49560348333283e-11	1.03834338816027	0.017	0.008	2.95979929351566e-07	c12	CDK5R1
1.53675937544025e-11	0.484814466002016	0.05	0.032	3.04124680399625e-07	c12	IFNGR2
1.55785998244712e-11	0.107438717147386	0.391	0.33	3.08300490526285e-07	c12	EIF1B
1.86241890061729e-11	1.07387091111172	0.013	0.005	3.68572700432161e-07	c12	TANC2
1.92394395189219e-11	0.17611915942875	0.216	0.174	3.80748508079464e-07	c12	IRF2BP2
2.06667787197147e-11	0.224473681091595	0.134	0.101	4.08995550863153e-07	c12	LDLRAP1
2.10500402952191e-11	0.287994613601304	0.127	0.097	4.16580297442386e-07	c12	TRMT6
2.42806624975313e-11	0.232686106682664	0.205	0.166	4.80514310826144e-07	c12	ESD
2.66745908068755e-11	0.135965098006609	0.223	0.179	5.27890152068067e-07	c12	MFNG
3.16977763530918e-11	1.14290698353149	0.015	0.007	6.27298994027687e-07	c12	PAK3
3.35314917336843e-11	0.536204878713546	0.039	0.023	6.63588221409613e-07	c12	KLF5
3.76615708412016e-11	0.212947393589497	0.108	0.079	7.4532248694738e-07	c12	LGALS3BP
4.67994739525933e-11	0.133377849582993	0.261	0.214	9.26161589521821e-07	c12	VPS51
5.2789602304893e-11	0.327825787384957	0.085	0.061	1.04470622961383e-06	c12	TCP11L2
6.15030796786331e-11	0.514678772450752	0.049	0.032	1.21714594684015e-06	c12	TMEM273
6.16025214722757e-11	0.507827186033603	0.046	0.029	1.21911389993634e-06	c12	PWWP2B
6.24327063790732e-11	0.376496158084302	0.054	0.035	1.23554325924186e-06	c12	IMMP2L
6.29528500576608e-11	0.283148128724759	0.085	0.06	1.24583690264111e-06	c12	SNAI3
6.68526558510896e-11	0.864838426641402	0.016	0.008	1.32301405929306e-06	c12	CRYBG3
6.91012917317112e-11	0.138285897700042	0.331	0.279	1.36751456337057e-06	c12	CCDC107
7.2206113069553e-11	0.11182494244969	0.34	0.285	1.42895897764645e-06	c12	KRAS
7.63525207179156e-11	0.34741626233523	0.07	0.048	1.51101638500755e-06	c12	ABRAXAS1
7.79971075908119e-11	1.23764278171603	0.012	0.005	1.54356275922217e-06	c12	GRB10
7.80593054653652e-11	0.937035883280195	0.014	0.006	1.54479365515958e-06	c12	NEK11
8.23765839171258e-11	0.601000181910218	0.043	0.027	1.63023259571992e-06	c12	LYPD3
8.43514315403674e-11	0.490454747651344	0.05	0.032	1.66931483018387e-06	c12	KLF11
1.20137298619956e-10	0.157338298694137	0.243	0.2	2.37751713968892e-06	c12	HEBP2
1.28704283474417e-10	0.105679814065085	0.232	0.189	2.54705776995871e-06	c12	PABPC4
1.38471004238313e-10	0.507849768393601	0.034	0.02	2.74034117387621e-06	c12	TMOD2
1.43507989778955e-10	0.701743411502312	0.027	0.015	2.84002311772552e-06	c12	HOOK1
1.52983206177089e-10	0.48536823135132	0.042	0.026	3.02753765024458e-06	c12	DPEP2
1.58191675117226e-10	0.174756029371513	0.09	0.065	3.13061325056989e-06	c12	AKT3
1.76567729054454e-10	1.07825518775626	0.016	0.007	3.49427535798765e-06	c12	TTYH2
1.97755944842498e-10	0.189048254876296	0.073	0.051	3.91359014843304e-06	c12	ITGA5
2.00726127727549e-10	0.109072853746469	0.19	0.152	3.9723700677282e-06	c12	DENND4A
2.00915949468609e-10	0.219422360941706	0.153	0.12	3.97612663998377e-06	c12	PAGR1
2.06107970763435e-10	0.248557315057449	0.103	0.076	4.07887674140838e-06	c12	TMEM204
2.21049876753668e-10	0.197924866107163	0.182	0.146	4.3745770609551e-06	c12	MRPL32
2.70701763398214e-10	0.305202427173927	0.068	0.047	5.35718789765066e-06	c12	DUSP14
2.78308980597542e-10	0.210089479490301	0.089	0.064	5.50773472602535e-06	c12	TMEM63A
2.86425148800352e-10	0.47022486535813	0.038	0.023	5.66835369475897e-06	c12	NBPF1
2.91440773759367e-10	0.110488004125557	0.389	0.333	5.76761291269788e-06	c12	EIF3I
3.22637727355388e-10	0.291526502729332	0.057	0.038	6.38500062436314e-06	c12	CPQ
3.36638566254809e-10	0.384979204130945	0.081	0.059	6.66207722618267e-06	c12	BEST1
3.37194515410675e-10	0.64424447724392	0.034	0.021	6.67307945997726e-06	c12	EMILIN2
3.63736253593729e-10	0.211918625926308	0.088	0.063	7.19834045861989e-06	c12	PLEKHA1
3.76059505538102e-10	0.246221569022224	0.179	0.145	7.44221761459904e-06	c12	USP10
3.93177041618364e-10	0.621417559393714	0.021	0.011	7.78097365362742e-06	c12	FBP1
4.29986618045634e-10	0.354015730930726	0.048	0.031	8.50943517112309e-06	c12	MARCH9
4.35270737656172e-10	0.2184705066824	0.174	0.139	8.61400789821563e-06	c12	SINHCAF
4.85496158974675e-10	0.372705281366023	0.063	0.043	9.60796898610882e-06	c12	UBE2D4
4.85912643612259e-10	0.782258805772198	0.019	0.009	9.61621121708661e-06	c12	RAP1GAP2
5.30441477575061e-10	0.177270845604338	0.237	0.197	1.04974368412105e-05	c12	NINJ1
5.33282134003267e-10	0.522264721509215	0.025	0.014	1.05536534319247e-05	c12	ABCA1
5.87482703572953e-10	0.120747708484289	0.275	0.231	1.16262827037087e-05	c12	TKT
6.471757663182e-10	0.10497776175633	0.367	0.31	1.28076084154372e-05	c12	NDUFA12
7.20573160068105e-10	0.305416992039209	0.07	0.05	1.42601428377478e-05	c12	SH2D3A
9.0539150230346e-10	0.320105646200695	0.066	0.046	1.79176978305855e-05	c12	FCGRT
9.19020501120456e-10	0.132597215650751	0.279	0.234	1.81874157171738e-05	c12	RELA
1.26054339512344e-09	0.128207537146516	0.223	0.183	2.49461537894928e-05	c12	PPIL4
1.30976386987758e-09	1.14600967298399	0.011	0.005	2.59202269848772e-05	c12	ST6GALNAC2
1.41116284065761e-09	0.157648816414608	0.097	0.072	2.79269126166142e-05	c12	IL6R
1.63146275464459e-09	0.192273180663979	0.134	0.104	3.22866479144164e-05	c12	CDKN2D
1.86446787174818e-09	0.272717746415438	0.129	0.101	3.68978191818964e-05	c12	AK6
2.00641508547557e-09	0.216572099352105	0.125	0.097	3.97069545415615e-05	c12	UBE2Q2
2.00672614744503e-09	0.586433716637898	0.015	0.007	3.97131104579371e-05	c12	KRTCAP3
2.02583417557586e-09	0.174634733267333	0.141	0.111	4.00912583346462e-05	c12	ABCE1
2.10187844353493e-09	1.06568033199311	0.013	0.006	4.15961743975563e-05	c12	ZNF365
2.14033811450862e-09	0.167825425222145	0.142	0.112	4.23572912861256e-05	c12	CRY1
2.31896825855053e-09	0.191962125878571	0.105	0.079	4.5892381836715e-05	c12	PDK3
2.57698445397448e-09	0.973997390698812	0.01	0.004	5.09985223441549e-05	c12	SYDE2
2.99972439096582e-09	0.120647296083959	0.224	0.185	5.93645456972136e-05	c12	NOLC1
3.23733494056841e-09	0.770389661824908	0.012	0.006	6.40668584738488e-05	c12	ZFYVE9
3.85041283293308e-09	0.188292020076005	0.136	0.107	7.61996699637456e-05	c12	NOP16
4.43919419193503e-09	0.152953082555546	0.277	0.235	8.78516530583942e-05	c12	LPIN2
4.82995331644856e-09	0.172215748501169	0.105	0.08	9.5584776132517e-05	c12	ESYT2
5.33707242633813e-09	0.157192301441736	0.194	0.16	0.000105620663317232	c12	CRTAP
5.4844846162174e-09	0.198975943343193	0.183	0.15	0.000108537950554942	c12	NAA20
5.63442699029955e-09	0.623671146153413	0.027	0.016	0.000111505310138028	c12	METTL1
6.00382017370115e-09	0.160653780746103	0.152	0.121	0.000118815601237546	c12	SRPRB
6.03969324314765e-09	0.114279017146351	0.289	0.246	0.000119525529281892	c12	BCL7B
6.14922628536379e-09	0.355574316147723	0.059	0.041	0.000121693188187349	c12	SLC44A1
6.16449361756294e-09	0.146097000466916	0.15	0.12	0.000121995328691571	c12	ERO1A
7.12164801286379e-09	0.166433039736735	0.133	0.105	0.000140937414174574	c12	POLR1C
7.59669646705686e-09	0.194230621787844	0.138	0.11	0.000150338623083055	c12	CYB5A
8.90922412733767e-09	0.184260391971154	0.126	0.099	0.000176313545480013	c12	NDUFAF4
9.30221969944863e-09	0.183236827584439	0.133	0.105	0.000184090927852088	c12	SLC7A6
9.56792412606947e-09	0.624892142535622	0.02	0.011	0.000189349218454915	c12	SNED1
9.92194475876119e-09	0.539099007367859	0.036	0.023	0.000196355286775884	c12	CACNA2D4
1.02834553437692e-08	0.165952732157804	0.169	0.138	0.000203509581253192	c12	PTTG1IP
1.21664356235728e-08	0.115118946823411	0.251	0.211	0.000240773760990506	c12	C6orf48
1.22872374524074e-08	0.64526213651396	0.03	0.018	0.000243164429183142	c12	DYRK3
1.33987871205109e-08	0.105473886414011	0.262	0.222	0.000265161997114911	c12	SELENOS
1.37792364650906e-08	0.423672163498066	0.064	0.046	0.000272691089644142	c12	RIPK2
1.40774508988184e-08	0.60973100809568	0.028	0.017	0.000278592753287617	c12	AC010422.3
1.48494284916328e-08	0.160003880895455	0.18	0.148	0.000293870189849413	c12	NANS
1.5645036236783e-08	0.708000791996538	0.018	0.009	0.000309615267125935	c12	C1orf54
1.66595002396829e-08	0.110351391201997	0.299	0.255	0.000329691509743325	c12	NDUFA5
2.24569456288306e-08	0.123144560762649	0.205	0.17	0.000444422953994558	c12	BCL2
2.38532039806923e-08	0.105871489087639	0.16	0.129	0.0004720549067779	c12	MPZL3
2.40037718445091e-08	0.110190309160847	0.262	0.222	0.000475034644802835	c12	PAF1
2.53926886735087e-08	0.418786805250038	0.044	0.03	0.000502521308848737	c12	PLCD1
2.58296126741603e-08	0.489167543713019	0.038	0.025	0.000511168034821633	c12	KRT8
2.83124308485706e-08	0.165336916145441	0.166	0.136	0.000560303006493212	c12	CHRAC1
3.4705340271011e-08	0.138464333604544	0.147	0.118	0.000686818683963307	c12	LTA4H
3.55100861828927e-08	0.726181464722161	0.017	0.009	0.000702744605559446	c12	OTUD7A
4.10218860291987e-08	0.251826730161987	0.051	0.035	0.000811823124517842	c12	CD300A
4.35408313871297e-08	0.292206210465824	0.07	0.052	0.000861673053151297	c12	PPRC1
4.39416202097125e-08	0.355999038050175	0.033	0.021	0.00086960466395021	c12	FBLN5
4.74383142532454e-08	0.157707868965564	0.213	0.178	0.000938804239071727	c12	LYAR
5.40066657377164e-08	0.201122329633024	0.187	0.156	0.00106879191494941	c12	HTATSF1
5.5604761378797e-08	0.76510884366191	0.016	0.009	0.00110041822768639	c12	C8orf88
5.82131985138528e-08	0.303392771393505	0.083	0.063	0.00115203919858915	c12	BMI1
6.60839495628485e-08	0.139814290855412	0.069	0.051	0.00130780136184877	c12	ARMH1
6.61447077311866e-08	0.110951252442657	0.228	0.192	0.00130900376600018	c12	NIFK
6.75009887471477e-08	0.111752544769146	0.172	0.141	0.00133584456730605	c12	MED19
7.50239213841354e-08	0.137008826408513	0.144	0.116	0.00148472340419204	c12	SGF29
8.00516418657896e-08	0.601083735127129	0.026	0.016	0.00158422199252398	c12	CCDC173
8.86803884071016e-08	0.155788851994486	0.09	0.068	0.00175498488657654	c12	STMN3
9.40245412776867e-08	0.756053691636971	0.02	0.012	0.00186074567188542	c12	NRIP3
1.15552352126614e-07	0.7651440915425	0.013	0.007	0.00228678104858568	c12	PKIG
1.16194334476233e-07	0.562128004517076	0.025	0.015	0.00229948587928465	c12	ATG9B
1.1764677359347e-07	0.295496081110734	0.062	0.045	0.00232822964941477	c12	SMIM14
1.49263761625431e-07	0.378571197879957	0.06	0.044	0.00295392984256729	c12	HEBP1
1.51461369848817e-07	0.120249921272421	0.177	0.147	0.00299742050930809	c12	FBXL3
1.5521577067918e-07	0.414102022012861	0.037	0.024	0.00307172010174097	c12	RCBTB2
1.55447452038973e-07	0.501805290392357	0.023	0.013	0.00307630507585128	c12	IL2
2.13766616038392e-07	0.813680033934992	0.016	0.009	0.00423044133139977	c12	MID2
2.38858543431571e-07	0.159721575470455	0.144	0.118	0.00472701057451079	c12	UAP1
2.44247171119252e-07	0.633890926962039	0.032	0.021	0.00483365151644999	c12	RASGRF2
2.68364790686902e-07	0.32537483869343	0.104	0.083	0.0053109392076938	c12	SH3TC1
2.87115590218069e-07	0.383233600555688	0.038	0.026	0.00568201753041558	c12	GDPD5
2.95431463059296e-07	0.108784948343854	0.221	0.187	0.00584658865394347	c12	TMEM147
2.96866196875175e-07	0.552743340454813	0.019	0.011	0.00587498203615971	c12	FGFBP3
2.99153973368749e-07	0.855086673167516	0.015	0.008	0.00592025713296754	c12	ANK1
3.34689273638884e-07	0.959129129766923	0.01	0.005	0.00662350072531352	c12	PLEK2
4.09779859131885e-07	0.582205468693594	0.016	0.008	0.00810954341222001	c12	WDR19
4.74106641132243e-07	0.137024446838503	0.19	0.16	0.00938257042800708	c12	MRPL3
4.87663316249101e-07	0.213089369503102	0.055	0.04	0.0096508570285697	c12	COL1A1
4.92334516253272e-07	0.425639263266555	0.018	0.01	0.00974330007665225	c12	KIAA1324L
4.93021488944628e-07	0.57308631787401	0.015	0.008	0.00975689526621419	c12	TJP3
5.7423788657281e-07	0.166472296543938	0.139	0.114	0.0113641677752759	c12	TRIAP1
5.81556768682544e-07	0.457224351266478	0.028	0.018	0.0115090084522275	c12	TMEM67
6.14052864817108e-07	0.110615797885578	0.137	0.112	0.0121521061947306	c12	KLF10
6.47915917493182e-07	0.847681233902151	0.012	0.006	0.0128222560071901	c12	C2CD4D
7.39543808107754e-07	1.46592324519761	0.012	0.006	0.0146355719624524	c12	SCGB1A1
7.6592872474234e-07	0.768639750830081	0.011	0.005	0.0151577294626509	c12	THY1
8.09714557859568e-07	0.151949553578135	0.198	0.168	0.0160242511000408	c12	ADI1
8.24022312538921e-07	0.74103822086912	0.01	0.005	0.0163074015651452	c12	USP44
8.65673364199544e-07	0.240183709805042	0.082	0.063	0.017131675877509	c12	RASSF3
9.97012476668323e-07	0.801097624622924	0.014	0.007	0.0197308769132661	c12	NOS3
1.00551393648242e-06	0.10543060961808	0.187	0.157	0.0198991208029871	c12	MRPL11
1.02615596617146e-06	0.181400777674833	0.091	0.071	0.0203076265705333	c12	CUX1
1.0332261102625e-06	0.176797184860101	0.125	0.102	0.0204475447220949	c12	ABHD13
1.1005465232344e-06	0.790548333755993	0.015	0.008	0.0217798156948087	c12	LATS2
1.22910503220547e-06	0.221815538325898	0.112	0.091	0.0243239885873463	c12	UTP11
1.42540662888444e-06	0.727474039921757	0.032	0.021	0.0282087971856231	c12	ANKRD9
1.44416624137127e-06	0.667609109690647	0.011	0.006	0.0285800499167373	c12	GABBR1
1.51784456696388e-06	0.78678315087296	0.011	0.006	0.0300381439802152	c12	IL17RE
1.55955654538319e-06	0.103358986063367	0.178	0.149	0.0308636240331333	c12	AKAP17A
1.62900430105425e-06	0.778106164738119	0.01	0.005	0.0322379951178636	c12	DLEC1
1.63070948100841e-06	0.533261997738263	0.015	0.009	0.0322717406291564	c12	PFN2
1.66670460782637e-06	0.238686735480221	0.077	0.06	0.0329840841888838	c12	EIF2D
1.76333232285397e-06	0.54842359212958	0.026	0.016	0.03489634666928	c12	PGLYRP2
1.80711873059532e-06	0.236015333422666	0.068	0.052	0.0357628796784814	c12	SLC36A4
1.87978442147634e-06	0.120743935126777	0.048	0.035	0.0372009337010168	c12	GIMAP8
1.99888922001624e-06	0.253250743046736	0.041	0.029	0.0395580176641214	c12	SLC2A11
2.04645044784663e-06	0.292306072773783	0.078	0.061	0.0404992543628849	c12	B3GALT6
2.09269350045974e-06	0.842909651488096	0.011	0.006	0.0414144043740982	c12	MYOM2
2.39844861041472e-06	0.270913145219912	0.037	0.025	0.0474652980001074	c12	ACSL6
2.44832153346899e-06	0.215791493409158	0.094	0.075	0.0484522831473514	c12	PAK1IP1
