p_val	avg_log2FC	pct.1	pct.2	p_val_adj	cluster	gene
0	1.93392295246938	0.564	0.141	0	c25	FOXP3
0	1.61486570468258	0.588	0.272	0	c25	CTLA4
0	1.47503271059998	0.745	0.433	0	c25	ARID5B
0	1.59763815155738	0.926	0.712	0	c25	DUSP1
1.08395757383281e-297	2.42488442649717	0.245	0.063	2.14515203861514e-293	c25	RTKN2
4.2947767630681e-295	0.813546997751527	0.984	0.941	8.49936321411176e-291	c25	IL32
6.28570922481866e-269	1.13001973442666	0.925	0.779	1.24394185559161e-264	c25	JUNB
1.44711619148071e-268	0.895680979849826	0.962	0.84	2.86384294294032e-264	c25	DNAJB1
7.30071970250655e-257	1.43498779142036	0.59	0.321	1.44481242912605e-252	c25	PIM2
6.20397454685108e-240	1.17310122750402	0.643	0.361	1.22776656282183e-235	c25	BATF
3.24847819269385e-230	0.675792462321312	0.987	0.95	6.42873834334113e-226	c25	UBC
7.95602637965344e-229	1.15597102966132	0.65	0.372	1.57449762053342e-224	c25	TIGIT
3.30448497972938e-219	1.29410188856979	0.785	0.581	6.53957577488445e-215	c25	RGS1
1.71083983814904e-215	0.9705231504284	0.788	0.529	3.38575203969695e-211	c25	LTB
6.30292845496441e-204	1.09145553843232	0.863	0.703	1.24734954123746e-199	c25	KLF6
3.22775283521976e-196	0.58505971519165	0.986	0.957	6.3877228608999e-192	c25	HSPA8
4.62875827742953e-195	0.725281421487588	0.924	0.797	9.16031263103304e-191	c25	DNAJA1
1.68248906701485e-192	1.7143510226023	0.282	0.103	3.3296458636224e-188	c25	IKZF2
1.77143462005865e-191	1.26733349726465	0.823	0.679	3.50566911309608e-187	c25	JUN
1.59891606850605e-180	0.652377373253053	0.862	0.622	3.16425489957348e-176	c25	HSPA1B
5.67427152159433e-177	0.425722902708387	0.995	0.979	1.12293833412352e-172	c25	EIF1
1.24708052673856e-176	0.617519324537052	0.96	0.892	2.46797236241561e-172	c25	UBB
1.82422997890688e-174	1.67250454300662	0.317	0.134	3.61015112825671e-170	c25	TBC1D4
3.81533849591736e-173	0.704086720039246	0.47	0.23	7.55055488342046e-169	c25	TNFRSF4
9.3893315072889e-172	0.823512012241533	0.895	0.787	1.85814870529247e-167	c25	TSC22D3
1.4670128902782e-170	0.711787973454165	0.876	0.681	2.90321850986056e-166	c25	HSPA1A
9.01119766427427e-169	1.00207396246538	0.706	0.501	1.78331601775988e-164	c25	PPP1R15A
1.61808779074041e-167	1.07820196848199	0.776	0.607	3.20219573787528e-163	c25	SAT1
9.89434228545141e-167	0.984471680519584	0.445	0.218	1.95809033829083e-162	c25	TNFRSF18
1.28893651770607e-155	1.09520048422181	0.559	0.348	2.55080536854031e-151	c25	CARD16
4.27121705021345e-147	1.44229217656066	0.647	0.444	8.45273854237241e-143	c25	FOS
1.67240755746921e-146	1.48296018997004	0.338	0.162	3.30969455623156e-142	c25	STAM
2.6622705806787e-145	1.89445825173907	0.228	0.086	5.26863347916315e-141	c25	CCNG2
2.70002537291932e-144	0.580055109237515	0.961	0.899	5.34335021300734e-140	c25	HSP90AB1
1.55642012693335e-141	0.847235301458791	0.838	0.711	3.0801554312011e-137	c25	CREM
4.35101883792363e-140	1.08384284361685	0.537	0.342	8.61066628025086e-136	c25	FCMR
1.88973307707277e-139	1.29615382409883	0.259	0.104	3.73978175952702e-135	c25	IL2RA
2.81765699378277e-135	1.23112736708286	0.465	0.27	5.57614319069611e-131	c25	PMAIP1
1.32145128283468e-132	0.496906538405258	0.983	0.945	2.61515208872983e-128	c25	HSP90AA1
2.99976005152581e-131	0.703177729565055	0.819	0.721	5.93652514196959e-127	c25	CIRBP
2.64912811989367e-119	0.919040096955517	0.594	0.403	5.24262454926958e-115	c25	ICOS
1.76993074402765e-111	1.95743862977758	0.203	0.082	3.50269294243072e-107	c25	GADD45G
3.62398861245093e-111	0.921781593630242	0.531	0.348	7.1718734640404e-107	c25	GBP5
3.32508646759109e-108	1.20912539294589	0.467	0.291	6.58034611936277e-104	c25	PHLDA1
4.38813306808291e-105	1.34712800738338	0.363	0.206	8.68411534173608e-101	c25	GADD45A
1.14556464298676e-104	0.711220833148248	0.749	0.645	2.26707242847079e-100	c25	UBE2B
6.06184194874138e-103	2.32621139045613	0.109	0.032	1.19963852165592e-98	c25	FANK1
3.04708412802971e-102	1.30735557610394	0.23	0.101	6.03017948937081e-98	c25	LAYN
4.80574817486974e-101	0.51514153454238	0.91	0.867	9.51057563806722e-97	c25	DDX5
1.12029237675974e-100	0.575395524340399	0.872	0.775	2.21705861360753e-96	c25	HSPE1
3.10565038688682e-99	0.928223964638527	0.646	0.517	6.14608211564901e-95	c25	TAGAP
2.23873636325344e-97	1.21561481041024	0.316	0.167	4.43045926287855e-93	c25	GK
1.92322792584952e-95	0.999822317494842	0.519	0.371	3.80606806525619e-91	c25	RHBDD2
7.78856581609723e-95	0.864130100288443	0.427	0.258	1.54135717500564e-90	c25	SELL
8.93467508206905e-93	0.83931551437224	0.556	0.402	1.76817219874147e-88	c25	PBXIP1
1.00849535470078e-91	0.589212750977681	0.852	0.77	1.99581230695285e-87	c25	SOD1
1.38204120062712e-84	0.712480888654877	0.675	0.499	2.73505953604108e-80	c25	DUSP4
1.62535898639664e-80	0.833647883254023	0.603	0.465	3.21658543407894e-76	c25	BIRC3
2.74350196537525e-80	0.450939583219236	0.957	0.937	5.42939038947763e-76	c25	SRGN
6.58328431761353e-80	0.895473261317476	0.45	0.3	1.30283196645572e-75	c25	SNX9
1.83068714247308e-79	0.301415964504157	0.992	0.974	3.62292985495423e-75	c25	H3F3B
2.22588922687594e-79	0.521661930767408	0.804	0.681	4.40503477998748e-75	c25	HSPH1
2.04048555464254e-78	1.29873287056676	0.268	0.145	4.03812091263759e-74	c25	PELI1
4.7772056454977e-78	1.16777757326443	0.369	0.233	9.45408997243995e-74	c25	GLRX
5.60697222905039e-78	1.38761536725296	0.252	0.134	1.10961980412907e-73	c25	NCF4
4.59836588904406e-76	1.10412844480097	0.399	0.267	9.1001660944182e-72	c25	SOCS3
1.44758622483534e-75	0.887333131885951	0.553	0.434	2.86477313894913e-71	c25	MRPL18
9.23757474679448e-75	0.269108032402066	0.996	0.988	1.82811604239063e-70	c25	PTMA
1.66421204998597e-74	0.709099934421254	0.718	0.606	3.29347564692224e-70	c25	TUBB4B
2.07023866716656e-74	1.62113485974473	0.171	0.076	4.09700232232263e-70	c25	HS3ST3B1
4.7001815800657e-74	1.154506308157	0.311	0.186	9.30165934695002e-70	c25	THEM4
6.98298162408863e-73	0.874074502355353	0.473	0.339	1.38193206340714e-68	c25	CORO1B
1.69431617553353e-71	1.27029603207753	0.259	0.141	3.35305171138087e-67	c25	ID3
3.75201753560881e-71	0.615262526836912	0.72	0.642	7.42524270296983e-67	c25	STK17B
4.26713742262462e-68	1.13671930754411	0.277	0.159	8.44466495937413e-64	c25	LEF1
2.45137591870394e-67	0.601239757193076	0.726	0.626	4.85127294311509e-63	c25	CACYBP
3.34583725494231e-66	1.00048145650694	0.428	0.305	6.62141192753083e-62	c25	ANKRD37
1.73969644526346e-65	0.994710525689338	0.409	0.289	3.44285926517638e-61	c25	NAMPT
3.97339137446169e-64	0.585206739571865	0.753	0.666	7.86334153005969e-60	c25	ZFP36L1
5.08250553666622e-64	0.67122025512216	0.529	0.387	1.00582784570624e-59	c25	FOSB
1.9794010853288e-63	1.04906589280318	0.365	0.248	3.9172347478657e-59	c25	UGP2
4.14839074802245e-63	1.59388877537958	0.131	0.055	8.20966529033643e-59	c25	PLCL1
6.95863680928658e-61	0.353435438331575	0.986	0.974	1.37711422455781e-56	c25	BTG1
1.01031469207691e-60	2.03677260771859	0.099	0.037	1.99941277562021e-56	c25	HACD1
1.41562452293981e-60	1.28257166480865	0.182	0.09	2.80152093089789e-56	c25	LAIR2
1.44363351416868e-60	0.405051994098223	0.891	0.851	2.85695072453982e-56	c25	PNRC1
3.50566512541127e-60	2.40556697749014	0.057	0.015	6.93771128318891e-56	c25	LRRC32
6.18672349832609e-60	1.03583244355968	0.296	0.18	1.22435258031873e-55	c25	CCR6
8.90923387375773e-59	1.82765848541053	0.115	0.047	1.76313738361665e-54	c25	IKZF4
9.20983876262681e-59	0.73478488395063	0.422	0.295	1.82262709112385e-54	c25	IL6ST
1.51169484775649e-58	1.13385546436086	0.278	0.171	2.9916441037101e-54	c25	PHTF2
8.01048762853725e-58	1.51125942926704	0.075	0.024	1.58527550168752e-53	c25	CD177
1.12251967169447e-57	1.53034905883715	0.142	0.065	2.22146643028336e-53	c25	GPHN
2.0473387860095e-57	1.8628129765837	0.112	0.046	4.05168345751281e-53	c25	ICA1
1.01081498809925e-56	0.715886057305759	0.567	0.472	2.00040286144842e-52	c25	CDKN1B
2.80354029358898e-56	0.331590832573315	0.968	0.946	5.54820624101258e-52	c25	FTL
4.22081483148935e-55	1.6237173900689	0.126	0.055	8.35299255151742e-51	c25	F5
3.82098725826768e-54	1.49834239345195	0.215	0.121	7.56173378411174e-50	c25	RBKS
3.68543588339386e-53	0.60019617672324	0.656	0.565	7.29347761323645e-49	c25	BTG2
7.10892904787433e-53	0.488684771154286	0.749	0.693	1.40685705857433e-48	c25	FUS
1.03142623003942e-52	1.20967880108674	0.217	0.124	2.041192509248e-48	c25	FBLN7
1.23805947600268e-52	0.676512419611305	0.665	0.579	2.4501197030093e-48	c25	NFKBIA
3.42245049043101e-52	0.337090082629736	0.861	0.799	6.77302952056296e-48	c25	FXYD5
4.57755398100364e-52	1.37624406603819	0.188	0.102	9.0589793284062e-48	c25	IRS2
2.40823177301763e-50	1.43984680166808	0.165	0.085	4.76589067880188e-46	c25	MARCH3
3.0986981537679e-50	0.531056551575981	0.704	0.636	6.13232364630668e-46	c25	BRD2
7.39830206887753e-50	0.324477694498961	0.932	0.897	1.46412397943086e-45	c25	OAZ1
1.53583181112497e-48	1.51177751652287	0.153	0.077	3.03941115421631e-44	c25	HPGD
1.60461509589051e-48	1.08455133234228	0.264	0.168	3.17553327476731e-44	c25	ANKRD10
1.0379632561495e-46	1.08039753012726	0.204	0.117	2.05412928391987e-42	c25	TOX2
1.33884803063287e-46	1.60772330485367	0.099	0.041	2.64958025262245e-42	c25	CCDC141
4.50858352122663e-46	0.848800524405189	0.379	0.272	8.92248678850749e-42	c25	NFKBIZ
1.83128406982302e-44	0.539141625292746	0.65	0.579	3.62411117417976e-40	c25	EIF4A2
2.9114843813427e-44	1.5390345914826	0.12	0.057	5.7618275906772e-40	c25	EPHX2
5.95647262646062e-44	0.645576048234816	0.585	0.494	1.17878593277656e-39	c25	HSPB1
2.97373879927055e-43	0.557322542284419	0.669	0.598	5.88502908375643e-39	c25	SQSTM1
5.11367477634834e-43	1.46007019603465	0.134	0.067	1.01199623823934e-38	c25	INPP5F
9.95189879831205e-43	1.10125073601272	0.156	0.082	1.96948077218595e-38	c25	TTN
1.53081169230323e-42	0.67427833761039	0.456	0.365	3.02947633906808e-38	c25	CLK1
3.33072212198148e-41	1.00402222596211	0.363	0.271	6.59149907940135e-37	c25	SOD2
3.98288760686784e-41	1.03154732285938	0.209	0.126	7.88213457399146e-37	c25	MAL
4.23078688914077e-41	1.31106544387663	0.175	0.098	8.37272725360959e-37	c25	MAGEH1
1.34567387848052e-40	0.623288501959644	0.498	0.412	2.66308860551296e-36	c25	RAP1A
5.65067467287278e-40	0.84030277841508	0.387	0.298	1.11826851776152e-35	c25	P2RY10
1.88659328188495e-39	0.284574976582216	0.954	0.942	3.73356810485033e-35	c25	SARAF
2.25687403990728e-39	0.425282517253711	0.741	0.682	4.4663537249765e-35	c25	DYNLL1
1.02105773031112e-38	0.86150948886717	0.331	0.243	2.0206732482857e-34	c25	TLK1
1.26821401448885e-38	0.94744247005948	0.276	0.188	2.50979553467343e-34	c25	NABP1
1.73629154767328e-38	1.19500681140423	0.125	0.063	3.43612097284543e-34	c25	CCR8
2.73425319914199e-38	0.738118318378956	0.396	0.311	5.411087081102e-34	c25	HBP1
4.85268627779731e-38	0.583130115726112	0.584	0.513	9.60346614376088e-34	c25	IER2
1.23945780399699e-37	1.1764290843831	0.216	0.137	2.45288699411005e-33	c25	TIFA
2.88574896579425e-36	0.28497590858307	0.991	0.975	5.71089720330682e-32	c25	FTH1
5.46783847670403e-36	1.34107778660574	0.124	0.064	1.08208523453973e-31	c25	PHLDA2
8.5697071590304e-36	0.980771234721973	0.267	0.187	1.69594504677212e-31	c25	CCM2
1.02733953994572e-35	0.768290003972145	0.352	0.266	2.03310494955258e-31	c25	TNIK
1.77498840933962e-35	0.426298750202779	0.757	0.697	3.5127020620831e-31	c25	HSPD1
4.28102804464263e-35	1.22628898479763	0.208	0.133	8.47215450034776e-31	c25	FAAH2
1.6575736598062e-34	1.37609646345169	0.115	0.058	3.28033827275647e-30	c25	CUL9
3.75709230416586e-34	0.772429511905218	0.357	0.273	7.43528566994425e-30	c25	SAMHD1
4.6154540279748e-34	0.629667721664562	0.436	0.358	9.13398352136213e-30	c25	USP15
6.00167383013488e-34	2.30038415515108	0.043	0.014	1.18773125098369e-29	c25	HES1
1.32461246496245e-33	1.03976875091837	0.199	0.125	2.62140806816068e-29	c25	UGCG
3.05624713119311e-33	0.906748783418217	0.385	0.313	6.04831307263117e-29	c25	GLUD1
3.52359575576738e-33	0.60535932400986	0.486	0.4	6.97319600066365e-29	c25	CITED2
5.40518834554668e-33	1.39713216100159	0.111	0.056	1.06968677358369e-28	c25	ZNF821
1.25223836692252e-32	0.534299563950281	0.648	0.604	2.47817972813967e-28	c25	PPP1R2
2.53710954317463e-32	2.16504932477	0.04	0.013	5.02093978594259e-28	c25	PTGIR
3.07458642269296e-32	1.31934114827782	0.154	0.09	6.08460653050937e-28	c25	IL12RB2
3.2312301651042e-32	0.895521646774947	0.28	0.201	6.39460449674122e-28	c25	FOXO1
4.88973992069601e-32	0.949375115467279	0.269	0.191	9.67679530305739e-28	c25	DNAJB4
7.17912087209511e-32	0.527133992863154	0.539	0.47	1.42074802058762e-27	c25	LCP2
1.14528118468755e-31	0.50169640827798	0.578	0.509	2.26651146449666e-27	c25	RHOH
1.26315278084716e-31	1.43879214652598	0.116	0.061	2.49977935329653e-27	c25	ZC2HC1A
1.62693069844376e-31	1.11780382346819	0.193	0.124	3.2196958522202e-27	c25	ZC3H12D
3.01914320145017e-31	0.707049507604597	0.463	0.401	5.97488439566988e-27	c25	BCAS2
3.16914815664491e-31	0.714636084670147	0.394	0.32	6.27174420200028e-27	c25	TTC39C
1.31464564913909e-30	0.591419938273481	0.463	0.39	2.60168373964626e-26	c25	RSRC2
9.1828669844104e-30	0.585962751058347	0.466	0.397	1.81728937621482e-25	c25	EIF4A3
1.22159574528735e-29	2.05262484450225	0.042	0.014	2.41753797992367e-25	c25	GNG8
3.78410109458358e-29	1.24947549773495	0.135	0.078	7.48873606618089e-25	c25	CD79B
4.60629673130956e-29	0.332424906534285	0.816	0.796	9.11586123126161e-25	c25	YWHAB
6.30670862759172e-29	0.315925241523435	0.831	0.76	1.2480976374004e-24	c25	S100A4
7.96105811297176e-29	0.455919493123804	0.63	0.582	1.57549340055711e-24	c25	SRSF3
2.73788337404432e-28	0.785935861358375	0.273	0.199	5.41827119723371e-24	c25	DUSP16
2.9115670225778e-28	0.606267047015041	0.424	0.352	5.76199113768146e-24	c25	IL10RA
3.76870987100926e-28	1.4508282998457	0.082	0.039	7.45827683472733e-24	c25	SETD7
4.09413978282529e-28	0.635516856337399	0.346	0.267	8.10230263021124e-24	c25	TMEM173
6.19889271557087e-28	0.652938562732897	0.363	0.288	1.22676086841148e-23	c25	DEDD2
6.85456647968794e-28	0.59505835947911	0.568	0.518	1.35651870633024e-23	c25	ZNF331
1.08813406442564e-27	2.25673895904556	0.029	0.008	2.15341731349834e-23	c25	METTL27
1.58342077210635e-27	0.933491246347706	0.231	0.161	3.13358970799848e-23	c25	GLCCI1
1.8024730691723e-27	1.20970563061181	0.194	0.129	3.56709420389199e-23	c25	GLA
1.80648629855557e-27	1.19006049677442	0.126	0.072	3.57503638484147e-23	c25	IL6R
2.18030770055396e-27	0.487452891650731	0.51	0.445	4.31482893939629e-23	c25	SKAP1
3.65037824578005e-27	1.45729875254095	0.086	0.043	7.22409854839871e-23	c25	FAM184A
3.79172235856439e-27	0.44284118586763	0.494	0.407	7.50381854759893e-23	c25	CD27
1.18646576618256e-26	0.817369359145447	0.255	0.185	2.34801575127529e-22	c25	TSPAN5
1.18660616958105e-26	0.596546074922239	0.458	0.392	2.3482936096009e-22	c25	CSRNP1
1.42312588114091e-26	0.489403862618071	0.431	0.353	2.81636611877787e-22	c25	RORA
2.24916465294568e-26	0.589276176098562	0.408	0.337	4.45109684817951e-22	c25	ITK
2.53329624771201e-26	0.610833387552737	0.379	0.307	5.01339327422206e-22	c25	PLK3
2.67850212107938e-26	0.519440290930858	0.56	0.499	5.30075569761609e-22	c25	SOCS1
2.84668439931334e-26	0.307781059507971	0.701	0.629	5.63358842624109e-22	c25	NR4A2
7.1784290097756e-26	0.775547563537176	0.266	0.197	1.42061110103459e-21	c25	TNFRSF25
7.17857178023396e-26	0.570287086923158	0.375	0.302	1.4206393553083e-21	c25	CD28
9.39677974344789e-26	0.472064218925166	0.54	0.471	1.85962271122834e-21	c25	UBE2S
1.66502718238807e-25	1.28407227850151	0.091	0.047	3.295088793946e-21	c25	SGPP2
2.1506604167707e-25	0.72642662615887	0.339	0.273	4.25615696478921e-21	c25	OSER1
2.44965212724832e-25	0.704793537081744	0.433	0.375	4.84786155982443e-21	c25	BCL3
3.7433072970321e-25	2.10687678418368	0.046	0.018	7.40800514082653e-21	c25	PPP1R2C
4.8123587084512e-25	0.841057220315561	0.172	0.111	9.52365788402493e-21	c25	CCR4
6.1320235447983e-25	0.323273144804219	0.788	0.737	1.21352745951558e-20	c25	TNFAIP3
7.08986337389618e-25	0.450175138882072	0.573	0.533	1.40308396169405e-20	c25	EPC1
7.35858704768669e-25	1.21483319697736	0.17	0.109	1.4562643767372e-20	c25	GEM
9.97902963382528e-25	0.651037563194502	0.348	0.275	1.97484996453402e-20	c25	DNPH1
1.04519877082859e-24	0.779789234512175	0.278	0.211	2.06844836746979e-20	c25	SIRPG
1.13217881055063e-24	0.960316346491668	0.413	0.35	2.24058186607969e-20	c25	GADD45B
1.4162941989985e-24	0.41163343612277	0.679	0.642	2.80284621981803e-20	c25	CYTIP
1.44178910598426e-24	0.377542034981238	0.68	0.644	2.85330064074285e-20	c25	H2AFZ
1.77958187348039e-24	1.11426426590541	0.152	0.096	3.52179252761769e-20	c25	POU2F2
1.92261680754937e-24	0.654276020231411	0.425	0.358	3.8048586621402e-20	c25	CDKN1A
2.09391433553222e-24	1.49649471982523	0.051	0.021	4.14385647001826e-20	c25	TNFRSF10D
2.24233418101949e-24	0.525521887921612	0.405	0.332	4.43757934423757e-20	c25	SERTAD1
3.58871527921521e-24	1.75439836263664	0.061	0.028	7.1020675375669e-20	c25	TBC1D8
3.98193067328497e-24	0.325695610464189	0.723	0.695	7.88024080243095e-20	c25	C12orf57
1.5617439420759e-23	1.94797289977821	0.04	0.015	3.09069126136821e-19	c25	SUOX
2.15296639668332e-23	0.491941512695517	0.362	0.287	4.26072049903629e-19	c25	EPSTI1
2.81716208111109e-23	0.499129726705283	0.531	0.474	5.57516375851885e-19	c25	TENT5C
4.44434730356301e-23	1.51755692277508	0.029	0.01	8.79536331375119e-19	c25	PMCH
5.74694984878585e-23	1.59907706934085	0.061	0.028	1.13732137507472e-18	c25	LGMN
8.90562095615756e-23	0.64418862310991	0.37	0.303	1.76242238722358e-18	c25	ZFAND2A
1.23908683473237e-22	0.760390147519235	0.238	0.173	2.45215284593536e-18	c25	SESN3
1.36911111811687e-22	0.678053546976891	0.354	0.291	2.70947090275328e-18	c25	PFKFB3
1.95902226128326e-22	0.975154409268943	0.169	0.112	3.87690505507957e-18	c25	MAP3K1
4.88094254544652e-22	1.07949410065051	0.147	0.094	9.65938529743866e-18	c25	TIAM1
5.03952411024843e-22	1.02644475931325	0.187	0.127	9.97321821418164e-18	c25	EGR1
8.88418365760055e-22	0.101469275850373	0.997	0.989	1.75817994583915e-17	c25	TPT1
1.25164411315728e-21	0.757671775072522	0.276	0.217	2.47700369993826e-17	c25	REXO2
1.44478560251984e-21	1.11873232147076	0.142	0.091	2.85923070738677e-17	c25	MAST4
1.59475399111061e-21	1.01266104481908	0.175	0.119	3.15601814840789e-17	c25	LAX1
2.20577324563357e-21	0.597495041603773	0.58	0.538	4.36522525310883e-17	c25	CD69
2.27486493272069e-21	0.904752460471661	0.214	0.155	4.50195770185424e-17	c25	BACH1
2.59500597042062e-21	0.316188000424185	0.759	0.727	5.13551681546241e-17	c25	TAGLN2
2.94303401412183e-21	1.05996513178709	0.149	0.097	5.8242643139471e-17	c25	THADA
5.49618175970355e-21	1.89439429076192	0.037	0.014	1.08769437024533e-16	c25	TNFRSF13B
7.21158924438374e-21	0.725677562751482	0.304	0.242	1.42717351146354e-16	c25	SC5D
8.15506706033534e-21	0.671263290423078	0.174	0.116	1.61388777124036e-16	c25	TNFRSF9
8.36232121224623e-21	0.543273806382675	0.439	0.384	1.65490336790353e-16	c25	ZFAND5
9.53464663921294e-21	2.14302592187802	0.027	0.009	1.88690656990024e-16	c25	BFSP2
1.17599332256467e-20	0.660391886919607	0.305	0.245	2.32729078535548e-16	c25	CHST11
1.32901924025455e-20	0.989358385570035	0.148	0.097	2.63012907646375e-16	c25	METTL8
1.63279445942538e-20	1.21037820628779	0.118	0.072	3.23130023520283e-16	c25	FAM122C
2.43351431854259e-20	1.04950170274143	0.156	0.103	4.81592483639579e-16	c25	BBC3
2.73905077617087e-20	0.492382207178419	0.479	0.433	5.42058148604215e-16	c25	DDX3X
3.46583674277896e-20	1.5348978026107	0.05	0.022	6.85889091395957e-16	c25	SWAP70
3.96138014081398e-20	0.787662502972877	0.238	0.178	7.83957129867086e-16	c25	ACP5
5.75970302422442e-20	0.267223961461349	0.655	0.595	1.13984522849401e-15	c25	SPOCK2
5.91351712513302e-20	0.687589324835918	0.253	0.193	1.17028503906382e-15	c25	CD4
5.99358733716841e-20	0.548331529063546	0.371	0.309	1.18613093402563e-15	c25	GBP2
6.21986023661434e-20	1.06982127884871	0.113	0.068	1.23091034082598e-15	c25	DBNDD2
1.29801826508632e-19	0.231393581137408	0.811	0.791	2.56877814660583e-15	c25	SRSF7
1.5355283331241e-19	1.42109806019806	0.08	0.044	3.03881057125259e-15	c25	LMCD1
1.68765035297762e-19	0.38231451433813	0.588	0.557	3.33986004854272e-15	c25	UBE2D2
1.8939367957091e-19	1.01749428213911	0.191	0.138	3.7481009187083e-15	c25	MRPL1
2.09101814708685e-19	1.7233512222724	0.053	0.025	4.13812491308487e-15	c25	C15orf53
2.28872163411574e-19	0.547117972964612	0.372	0.31	4.52938011391505e-15	c25	TSPYL2
3.11960024985963e-19	0.651489480579858	0.309	0.251	6.17368889447221e-15	c25	BTG3
3.27780282118392e-19	0.390323742887166	0.584	0.545	6.48677178312298e-15	c25	HERPUD1
4.21258956710499e-19	1.14677118680631	0.097	0.057	8.33671475330077e-15	c25	LY96
4.76604713868711e-19	0.353044895277139	0.642	0.616	9.43200728746179e-15	c25	ELF1
5.8657578757141e-19	1.0283387797341	0.117	0.073	1.16083348360382e-14	c25	CASK
6.3258912578561e-19	1.99682469417018	0.031	0.012	1.25189387992972e-14	c25	CHRNA6
7.71444869130648e-19	0.713444399678932	0.27	0.211	1.52668939600955e-14	c25	RAB11FIP1
9.76127835668521e-19	0.395559080043512	0.559	0.526	1.931756986788e-14	c25	MAP1LC3B
1.58201549122942e-18	0.822488657160243	0.298	0.239	3.13080865714303e-14	c25	NR4A1
2.69269710678691e-18	0.850699042169224	0.181	0.13	5.3288475743313e-14	c25	PHACTR2
3.90164926237288e-18	0.967328000375841	0.136	0.09	7.72136389023593e-14	c25	ETV7
5.17335935917357e-18	0.702865459956733	0.325	0.271	1.02380781718045e-13	c25	WDR74
5.199099386712e-18	0.727400507261761	0.243	0.184	1.02890176863031e-13	c25	PRDM1
5.37996165240716e-18	0.459140347332797	0.485	0.447	1.06469441101138e-13	c25	NSD3
5.86183935106916e-18	1.85721665538121	0.033	0.013	1.16005800757659e-13	c25	PDE9A
1.00550790526388e-17	0.404263344381401	0.493	0.446	1.98990014451722e-13	c25	AHSA1
1.02435486370543e-17	0.893117794326816	0.359	0.312	2.02719827527304e-13	c25	PLIN2
1.22092996719506e-17	1.34111901899118	0.065	0.034	2.41622040507903e-13	c25	RASL11A
1.26552999463826e-17	1.38908780406188	0.071	0.039	2.50448385938912e-13	c25	PPP1R3F
1.31033186469949e-17	0.49147136775847	0.405	0.353	2.59314676024029e-13	c25	PIK3IP1
1.3169162754231e-17	0.59928520218676	0.443	0.382	2.60617730906231e-13	c25	KLF2
1.32109173588659e-17	1.85063271927198	0.03	0.012	2.61444054531956e-13	c25	HDAC9
1.33046339103901e-17	0.4418404420371	0.521	0.482	2.63298705086621e-13	c25	RPS27L
1.80859117162855e-17	1.16649409617277	0.08	0.045	3.57920192865289e-13	c25	PIP4P2
2.37904247202877e-17	0.841585926147968	0.185	0.135	4.70812505214493e-13	c25	MIIP
2.88215599721454e-17	1.70079440468946	0.041	0.018	5.70378671848757e-13	c25	IL7
2.96231430219961e-17	0.982175431890879	0.157	0.109	5.86242000405304e-13	c25	STN1
3.8970767035208e-17	0.336886752992863	0.603	0.582	7.71231479626767e-13	c25	ANKRD12
3.97263484917063e-17	1.86328083792597	0.033	0.013	7.86184436650869e-13	c25	MEOX1
5.42529667358616e-17	0.810103471863331	0.143	0.096	1.0736662117027e-12	c25	NMB
5.71785791989386e-17	0.456350149647182	0.493	0.459	1.13156408234699e-12	c25	GTF2B
7.3475219060717e-17	0.42585747633647	0.488	0.438	1.45407458521159e-12	c25	SMAP2
1.09115379452444e-16	0.625098404803062	0.257	0.204	2.15939335936386e-12	c25	DGKA
1.27621201691142e-16	0.889548887494293	0.097	0.058	2.52562358146771e-12	c25	FCRL3
1.35148385967024e-16	0.782778171601925	0.214	0.162	2.67458655828741e-12	c25	SLAMF1
1.72536077233155e-16	0.391817919576115	0.443	0.398	3.41448896844413e-12	c25	CSK
1.76286210841361e-16	2.58070074372287	0.012	0.003	3.48870411255053e-12	c25	BCAS1
2.80582562354554e-16	1.32211734653251	0.061	0.032	5.55272890899663e-12	c25	IFNGR2
3.36791261583691e-16	1.17316757124554	0.084	0.05	6.66509906674125e-12	c25	SLC12A6
3.75405760905997e-16	0.406764229346424	0.471	0.425	7.42928000832968e-12	c25	CHORDC1
4.14042987910767e-16	1.57677194175352	0.037	0.016	8.19391073075408e-12	c25	HBEGF
4.28961576118068e-16	1.370742133473	0.046	0.022	8.48914959137656e-12	c25	LRRC2
5.10774676643057e-16	0.301637364470905	0.654	0.642	1.01082308507661e-11	c25	SF1
6.5293072445147e-16	0.680787266753115	0.222	0.17	1.29214990368946e-11	c25	BCL2
7.81458051082271e-16	1.64275725313141	0.029	0.012	1.54650548309181e-11	c25	DLGAP1
9.81077930127846e-16	1.98057602537272	0.028	0.011	1.94155322372301e-11	c25	SLC16A10
1.050191480443e-15	0.498159629487813	0.405	0.357	2.07832893979669e-11	c25	IVNS1ABP
1.13861052475269e-15	0.711792367798494	0.208	0.158	2.25331022848558e-11	c25	GOLGA8B
1.19687184088563e-15	1.57559227037864	0.049	0.024	2.36860937311266e-11	c25	USP51
1.25534890860264e-15	0.392396821640426	0.516	0.485	2.48433549012462e-11	c25	CCNL1
1.3352331817805e-15	1.71993231378249	0.033	0.014	2.64242646674362e-11	c25	HRH2
1.33639411357129e-15	2.557557632613	0.011	0.003	2.64472395075758e-11	c25	SELP
1.44027243568928e-15	0.432713110823938	0.455	0.42	2.85029915022908e-11	c25	TAF1D
1.62148736261259e-15	0.608609252780887	0.345	0.291	3.20892349061032e-11	c25	GATA3
1.63138045931476e-15	1.07505764803603	0.109	0.071	3.22850192898391e-11	c25	GRPEL2
1.91979719059295e-15	0.796556872303426	0.227	0.179	3.79927864018344e-11	c25	AHR
2.00472255898649e-15	1.01300642500657	0.228	0.177	3.96734594423426e-11	c25	ATF3
2.38622907515952e-15	0.516659501560058	0.339	0.286	4.72234733974069e-11	c25	H2AFX
3.13623966414589e-15	0.770630307537509	0.223	0.175	6.20661829534472e-11	c25	NEDD9
4.15516253592866e-15	0.832003658620107	0.167	0.121	8.22306665860281e-11	c25	SGMS1
4.60772081341351e-15	0.122406792315804	0.916	0.904	9.11867948974533e-11	c25	RPL22
5.03262232997198e-15	0.990809620400561	0.099	0.062	9.95955959101454e-11	c25	VAV3
5.85275655956768e-15	0.418782037085792	0.492	0.457	1.15826052313844e-10	c25	NOP58
7.76636315237714e-15	1.00856553090635	0.133	0.091	1.53696326785544e-10	c25	DGKE
8.45941404251228e-15	0.555814951363446	0.306	0.255	1.67411803901318e-10	c25	CHMP1B
1.04797044063626e-14	0.811065537264839	0.167	0.122	2.07393350201916e-10	c25	CCDC66
1.18337862257185e-14	1.16056503061324	0.082	0.05	2.34190629406969e-10	c25	PCYOX1L
1.34086870543091e-14	0.970025846938226	0.141	0.1	2.65357916804777e-10	c25	PDCL
1.48333137078234e-14	1.07328055223559	0.096	0.061	2.93551278277824e-10	c25	LAPTM4B
1.5395773343488e-14	1.95774755339206	0.023	0.008	3.04682354467628e-10	c25	COCH
1.54938138964891e-14	0.108689115206221	0.992	0.98	3.0662257701152e-10	c25	RPL8
2.62134939449891e-14	1.21520582211664	0.07	0.041	5.18765045171334e-10	c25	CADM1
3.09911321274788e-14	1.89997372607653	0.014	0.004	6.13314504802805e-10	c25	DNAH8
3.50184890153258e-14	0.586302830137431	0.281	0.232	6.93015897613298e-10	c25	FAS
3.9652562205572e-14	1.03850558090303	0.123	0.084	7.8472420604827e-10	c25	LTA
5.59970133094773e-14	1.49652320330939	0.039	0.018	1.10818089339456e-09	c25	METTL7A
6.71819648187865e-14	1.13349251811008	0.07	0.04	1.32953108376379e-09	c25	RRAGB
6.74474516583178e-14	1.07332283009764	0.11	0.074	1.33478506831811e-09	c25	HAPLN3
1.02705857575837e-13	1.03734593084489	0.107	0.071	2.03254892142581e-09	c25	C17orf67
1.15929926835141e-13	0.642056824936727	0.281	0.236	2.29425325206744e-09	c25	VMP1
1.31200349048456e-13	0.546789149558339	0.295	0.25	2.59645490766894e-09	c25	ABI1
1.46622966182394e-13	0.250114487814934	0.676	0.663	2.90166850074958e-09	c25	ATP6V0C
1.52863828398558e-13	0.60001673566438	0.264	0.217	3.02517516400745e-09	c25	IER5
1.67308022719642e-13	0.672903091062449	0.226	0.181	3.31102576962171e-09	c25	CNST
2.00275558760806e-13	0.388312471840471	0.444	0.4	3.96345330787635e-09	c25	DOK2
2.98838254256028e-13	0.685451255736817	0.204	0.16	5.9140090517268e-09	c25	TPP1
3.07591271032907e-13	0.469438593944007	0.367	0.322	6.08723125374124e-09	c25	CKS2
3.74360183462967e-13	1.14212754986193	0.082	0.051	7.40858803073211e-09	c25	ERRFI1
4.31534265724108e-13	0.459484887377621	0.344	0.296	8.5400631186801e-09	c25	MYLIP
4.40883069429259e-13	0.706334834742794	0.257	0.215	8.72507594400504e-09	c25	NUP58
4.70621605698197e-13	0.464757423790641	0.479	0.452	9.31360157676731e-09	c25	ZC3HAV1
4.93410312154181e-13	1.03242464037113	0.121	0.084	9.76459007753124e-09	c25	HOXB2
5.66379138440039e-13	0.777638001297981	0.175	0.133	1.12086431497284e-08	c25	ABHD5
8.84187844682425e-13	0.889100545248043	0.147	0.108	1.74980774462652e-08	c25	FAM110A
9.66568268823191e-13	0.998393191854697	0.104	0.07	1.9128386040011e-08	c25	CREB3L2
1.04298348232693e-12	0.325839750956888	0.521	0.489	2.064064311525e-08	c25	RHOG
1.06792745204495e-12	1.77809976756561	0.022	0.008	2.11342842759695e-08	c25	CSF2RB
1.0985011597593e-12	1.28407211198174	0.045	0.023	2.17393379516365e-08	c25	LYL1
1.70377700759773e-12	0.796203073102565	0.18	0.14	3.3717746980359e-08	c25	TRAF3
1.92881851580165e-12	0.73521707296817	0.167	0.125	3.81713184277147e-08	c25	HEXIM1
2.2539395235302e-12	1.11745131568648	0.058	0.033	4.46054631706626e-08	c25	RGPD2
2.41334747318207e-12	0.349484307837336	0.444	0.409	4.77601464942731e-08	c25	YPEL3
2.61860321336549e-12	1.07125639027883	0.094	0.062	5.18221575925031e-08	c25	NETO2
2.81557161452152e-12	1.8520250924295	0.019	0.007	5.57201622513809e-08	c25	ARAP3
3.24839791888121e-12	0.506868585593994	0.327	0.285	6.4285794814659e-08	c25	CMTM7
4.07480483048496e-12	0.802913426850503	0.133	0.096	8.06403875952974e-08	c25	STAMBPL1
4.94658167909824e-12	0.490916807991843	0.36	0.326	9.78928514293542e-08	c25	TNFRSF14
7.28728005374182e-12	0.706626796242547	0.177	0.136	1.44215272263551e-07	c25	LSR
7.45160576199444e-12	0.940469517876937	0.093	0.061	1.4746727802987e-07	c25	TCP11L2
7.71457572508238e-12	0.648588167813014	0.21	0.168	1.5267145359938e-07	c25	SLC44A2
8.5450669978723e-12	0.280098960256119	0.597	0.588	1.69106875887893e-07	c25	RBM39
9.01196395507245e-12	0.69146449909632	0.202	0.16	1.78346766670884e-07	c25	CRTAP
1.36211187967357e-11	0.586640911698523	0.268	0.229	2.69561940987399e-07	c25	ASXL1
1.37383863560906e-11	0.158788692073455	0.856	0.857	2.71882665987034e-07	c25	EEF2
1.39717502275032e-11	1.44788715766227	0.042	0.022	2.76500937002288e-07	c25	KLF4
1.6570977633622e-11	0.536577681388227	0.279	0.238	3.2793964736938e-07	c25	SFT2D1
1.75635849608446e-11	1.1533512404443	0.063	0.038	3.47583346375114e-07	c25	PHLDA3
2.02888816526346e-11	0.405678506385431	0.498	0.479	4.01516967905638e-07	c25	PDE4B
2.19175314926825e-11	0.820211502211021	0.131	0.095	4.33747948240186e-07	c25	YPEL2
2.22646227111817e-11	1.0590582421017	0.088	0.058	4.40616883454285e-07	c25	SDC4
2.64778939210698e-11	0.352819561261872	0.526	0.503	5.23997520697972e-07	c25	STAT3
2.71225939693083e-11	0.217147710586331	0.711	0.694	5.36756134652611e-07	c25	EIF5
2.78254856642694e-11	1.45564467099698	0.033	0.016	5.5066636129589e-07	c25	TPTEP2-CSNK1E
2.79142232068326e-11	0.297425189634587	0.512	0.486	5.52422477263218e-07	c25	APBB1IP
3.01106994121672e-11	1.12312494673611	0.076	0.048	5.95890741366789e-07	c25	SLC35E3
3.07751395139024e-11	0.373495202359079	0.469	0.447	6.09040010980128e-07	c25	WSB1
3.13177070337944e-11	0.393387954713852	0.436	0.408	6.19777422198792e-07	c25	TRA2B
3.45238569591018e-11	0.426162048950428	0.328	0.288	6.83227129220625e-07	c25	CNIH1
3.56399492405782e-11	0.897214620349174	0.134	0.098	7.05314595471043e-07	c25	SERPINH1
4.13817726103225e-11	1.05453686408005	0.047	0.026	8.18945279958282e-07	c25	DPEP2
4.23548012696894e-11	0.453402957283458	0.301	0.256	8.38201517127153e-07	c25	NEU1
4.3725770191528e-11	0.394659766285002	0.356	0.315	8.65332992090339e-07	c25	IFRD1
5.1033560506538e-11	1.67745812151926	0.028	0.013	1.00995416242439e-06	c25	CTTNBP2NL
6.25976224993122e-11	0.402876199093133	0.159	0.119	1.23880694926139e-06	c25	TNF
6.57016019969647e-11	0.891101853450548	0.115	0.081	1.30023470351993e-06	c25	RIC3
7.20385919605768e-11	1.64199102555174	0.025	0.011	1.42564373489981e-06	c25	TSHR
7.5293210024007e-11	0.427851851397234	0.36	0.324	1.4900526263751e-06	c25	FAM129A
7.83714291888204e-11	0.329339827695667	0.514	0.494	1.55097058364676e-06	c25	LAT
9.69855673783147e-11	0.532153518576	0.294	0.258	1.91934437841685e-06	c25	LIMS1
1.01725256537428e-10	0.2997232182613	0.488	0.443	2.0131428268757e-06	c25	LMNA
1.31645948058072e-10	0.265385188822117	0.623	0.589	2.60527331206924e-06	c25	SAMSN1
1.93429535942866e-10	1.67029844311071	0.021	0.009	3.82797051630932e-06	c25	IRAK3
2.08897168842356e-10	0.436757529952308	0.443	0.419	4.13407497139022e-06	c25	BAX
2.35695402208754e-10	0.585983613108731	0.188	0.149	4.66441200971124e-06	c25	ABTB1
3.63515999474825e-10	0.697721338441296	0.19	0.153	7.19398162960678e-06	c25	DUSP10
3.95791633786788e-10	1.10504319861571	0.045	0.025	7.83271643264054e-06	c25	ADTRP
4.51843552136186e-10	0.360947255139304	0.516	0.502	8.94198389677512e-06	c25	RSRP1
4.54172879295729e-10	2.26517898769734	0.01	0.003	8.98808128126247e-06	c25	DNAAF4
4.67171951955348e-10	1.75472193287169	0.028	0.013	9.24533292919634e-06	c25	CYP7B1
4.7746090137359e-10	0.986174464107896	0.076	0.05	9.44895123818336e-06	c25	NFE2L3
5.01820469649338e-10	1.31425614966142	0.043	0.024	9.9310270943604e-06	c25	PCBP3
5.29662639011658e-10	0.919145379974381	0.11	0.08	1.04820236260407e-05	c25	AKIP1
5.46434361815962e-10	1.50169667537734	0.034	0.017	1.08139360203379e-05	c25	CEACAM1
6.4551126051259e-10	1.86914924208175	0.015	0.006	1.27746678455442e-05	c25	GCNT4
6.66541572164332e-10	0.48578617521981	0.486	0.467	1.31908577131321e-05	c25	CTSC
8.78442943516113e-10	0.960078302420188	0.136	0.102	1.73843858521839e-05	c25	SGK1
1.02481007613222e-09	0.783575439391465	0.127	0.095	2.02809914066566e-05	c25	HDAC7
1.08062997606024e-09	1.32125800434481	0.056	0.034	2.13856672262322e-05	c25	SLC35F2
1.11644631249958e-09	1.46808906201613	0.026	0.012	2.20944725243667e-05	c25	CA11
1.26889007182699e-09	0.255262774902362	0.363	0.321	2.51113345214561e-05	c25	LDLRAD4
1.41086078767819e-09	0.517195428746041	0.297	0.266	2.79209349881513e-05	c25	R3HDM4
1.46340465381521e-09	0.9944522371876	0.068	0.043	2.89607780990029e-05	c25	CPNE2
1.49186997700667e-09	2.30513427429465	0.015	0.006	2.95241068449621e-05	c25	LRG1
1.60035636515106e-09	0.673400067254738	0.147	0.112	3.16710524663395e-05	c25	RFFL
1.75406414750567e-09	0.171427093049215	0.806	0.795	3.47129294791371e-05	c25	ATP5MC2
1.8403016493086e-09	0.699943667978889	0.174	0.139	3.64195696398173e-05	c25	JAZF1
1.92464134174572e-09	0.789226698325752	0.164	0.13	3.80886521531478e-05	c25	AD000671.2
1.9775523673848e-09	0.127695453064879	0.706	0.654	3.91357613505451e-05	c25	CD7
2.30266472366205e-09	0.509479883480861	0.289	0.253	4.55697348812719e-05	c25	DDIT3
2.41734446191031e-09	1.15366551373064	0.049	0.029	4.7839246901205e-05	c25	TRIM16
2.50541618078746e-09	1.63300470988199	0.03	0.015	4.95821862177839e-05	c25	FLVCR2
2.51420861002549e-09	1.42207276631759	0.054	0.033	4.97561883924044e-05	c25	IRF5
2.78854105308342e-09	0.1344610133721	0.866	0.867	5.5185227440521e-05	c25	NPM1
3.35812787214091e-09	1.07710497291057	0.06	0.037	6.64573505896686e-05	c25	SGSH
3.52028854028744e-09	0.427788427507602	0.363	0.337	6.96665102122885e-05	c25	RABGAP1L
4.36927508009052e-09	1.24738636256195	0.042	0.024	8.64679538349913e-05	c25	CLNK
4.48368718282409e-09	0.662685637819123	0.2	0.166	8.87321693480888e-05	c25	HTATIP2
4.50990606381599e-09	0.275572989277725	0.631	0.614	8.92510410029185e-05	c25	IRF1
4.79122374879576e-09	0.901624424418329	0.045	0.026	9.48183179886681e-05	c25	FN1
5.7881454965788e-09	0.474042143050531	0.284	0.252	0.000114547399377294	c25	RCAN3
5.80655389323114e-09	0.779556268907754	0.129	0.098	0.000114911701547044	c25	ACTA2
7.56352452938378e-09	0.548089635872895	0.17	0.135	0.000149682150436505	c25	IPCEF1
8.09833750368409e-09	1.60134759189275	0.019	0.008	0.000160266099197908	c25	ATP6V0A1
8.76294162886036e-09	1.21504764943918	0.051	0.031	0.000173418614835147	c25	PBX3
9.58464035224898e-09	0.727016291768679	0.128	0.097	0.000189680032571007	c25	SGTB
1.24200264376644e-08	0.324289799072316	0.304	0.266	0.000245792323201378	c25	AQP3
1.49096169258614e-08	0.141911736150621	0.835	0.833	0.000295061318962797	c25	HNRNPA2B1
1.57786680901251e-08	0.274190353352	0.477	0.451	0.000312259841503575	c25	CALM3
1.92639930928372e-08	0.844981454480119	0.105	0.077	0.000381234423307249	c25	BEX3
1.94590504029737e-08	0.143698335798826	0.83	0.795	0.000385094607474849	c25	ZFP36
2.45711443233104e-08	0.744203836237658	0.097	0.069	0.000486262946158313	c25	NPC1
2.75525814428402e-08	0.468372804264628	0.254	0.221	0.000545265586753807	c25	GRK6
3.20229704826889e-08	0.34207348194926	0.434	0.417	0.000633734585852413	c25	PAK2
3.27920915551213e-08	0.767011304497815	0.078	0.053	0.000648955491875851	c25	DBP
3.30018190180843e-08	1.40364226859308	0.027	0.014	0.000653105998367889	c25	MCF2L2
3.67641374615863e-08	0.317249827840476	0.559	0.549	0.000727562280364793	c25	SLC2A3
4.37667001934111e-08	2.11841198626206	0.014	0.006	0.000866142996827606	c25	LCN10
4.65861501740124e-08	0.670738800883686	0.201	0.17	0.000921939911943705	c25	NFAT5
4.76004183797935e-08	0.226002827828616	0.617	0.62	0.000942012279736114	c25	JAK1
5.08013100431408e-08	0.646734722073349	0.163	0.132	0.00100535792575376	c25	UHRF2
5.40933596259884e-08	0.349281754009481	0.445	0.431	0.00107050758699831	c25	ELOVL5
5.46512468255697e-08	0.590872193588012	0.249	0.219	0.00108154817467802	c25	ICAM2
5.54539763013148e-08	0.281074871585166	0.589	0.581	0.00109743419100302	c25	TUBA1A
5.92164581997791e-08	0.448898813451553	0.387	0.369	0.00117189370777363	c25	PDCL3
6.24471490839983e-08	0.843827004362816	0.075	0.052	0.00123582908037233	c25	COQ8A
6.54121244341984e-08	0.359836796533073	0.408	0.389	0.00129450594255279	c25	JUND
6.96656528901477e-08	0.681515631303222	0.111	0.083	0.00137868327069602	c25	ENTPD1
7.4907139485659e-08	0.718408992490159	0.161	0.132	0.00148241229042119	c25	MTMR6
9.80258706203293e-08	0.991255931579861	0.051	0.033	0.00193993197957632	c25	DIRC2
1.09781012201202e-07	0.61016771173043	0.167	0.137	0.00217256623146178	c25	ZC3H7A
1.26398292636595e-07	0.808877233021438	0.06	0.039	0.00250142221127822	c25	IL1R2
1.30874288959459e-07	0.297538093618176	0.528	0.522	0.00259000217850769	c25	ETS1
1.34625083820661e-07	0.390052308196127	0.346	0.323	0.00266423040881088	c25	CHIC2
1.40481423592253e-07	0.637299201757186	0.115	0.088	0.00278012737289069	c25	ECHDC2
1.42641408054341e-07	1.16031288626278	0.059	0.039	0.0028228734653954	c25	TRIB1
1.47365175262323e-07	0.457122939186831	0.329	0.304	0.00291635681844137	c25	PPP1R10
1.54100219845561e-07	0.318672353967443	0.447	0.43	0.00304964335074366	c25	TCP1
1.74713404625493e-07	0.407682435039807	0.296	0.268	0.00345757827753851	c25	PNPLA2
1.95167300414529e-07	1.43416803140563	0.026	0.014	0.00386236087520353	c25	SMAD1
2.29167076466886e-07	0.686473677268524	0.154	0.126	0.00453521644327968	c25	UXS1
2.39084053798601e-07	0.809264225978238	0.072	0.05	0.00473147342467431	c25	GGT7
2.40344569882448e-07	0.769258917080226	0.085	0.062	0.00475641903797365	c25	DCP1B
2.46916315486147e-07	0.623697313209927	0.175	0.145	0.00488647388347085	c25	TLE4
2.62455285987722e-07	0.989173520794417	0.031	0.017	0.00519399010969702	c25	SLC14A1
2.94167921898605e-07	0.477326418595583	0.273	0.241	0.00582158317437339	c25	BAG3
3.00810711594003e-07	1.55642911524721	0.016	0.007	0.00595304398244532	c25	SLC35F3
3.283631365837e-07	0.740932518753941	0.101	0.076	0.00649830647299142	c25	NCK2
3.44810720290877e-07	1.00869093824006	0.045	0.029	0.00682380415455645	c25	ADARB2
3.50660235860163e-07	0.674000254595797	0.109	0.084	0.00693956606767262	c25	ZDBF2
3.63006869691826e-07	0.403723193448225	0.286	0.259	0.00718390595120123	c25	PHIP
3.81278440468771e-07	0.331995382337688	0.422	0.41	0.00754550033687698	c25	SH3BGRL
3.81867478659527e-07	0.279885421215896	0.462	0.442	0.00755715740267205	c25	TNFRSF1B
4.16230993484588e-07	0.360470415372609	0.339	0.314	0.00823721136105999	c25	HNRNPH3
5.07059309848392e-07	1.79520104574027	0.014	0.006	0.0100347037418997	c25	ARC
5.39912191654319e-07	0.703195881130036	0.138	0.11	0.010684862272839	c25	HOOK2
5.91407581956186e-07	0.464879899875824	0.248	0.22	0.0117039560469129	c25	SRPK2
6.19287419607906e-07	0.787559871939635	0.139	0.112	0.0122556980340405	c25	CRY1
7.42751720963825e-07	0.745194017927146	0.137	0.111	0.0146990565578741	c25	RANBP3
7.74239264015606e-07	0.17091244268086	0.437	0.419	0.0153221950348688	c25	SYNE2
8.04443946647548e-07	0.758240057344801	0.131	0.105	0.015919945704155	c25	RPS6KA5
8.5115670120969e-07	1.4765376439527	0.01	0.004	0.0168443911169398	c25	GJB6
8.75289168279573e-07	1.16522214643186	0.05	0.033	0.0173219726402528	c25	ADAT2
9.20285467648846e-07	0.364636232639263	0.317	0.293	0.0182124494047707	c25	HNRNPLL
9.47191505251217e-07	0.638368346874097	0.117	0.091	0.0187449198889216	c25	TFRC
9.63393239040468e-07	0.368293157699069	0.287	0.258	0.0190655522006109	c25	ZBTB38
1.04592123765801e-06	0.47221261506225	0.298	0.28	0.020698781293252	c25	TNIP1
1.06516315826476e-06	1.25775060682674	0.035	0.021	0.0210795789020597	c25	IRAK2
1.09558265289397e-06	1.39130756334896	0.014	0.006	0.0216815807007717	c25	P2RY14
1.12126375871127e-06	0.258995262464931	0.494	0.489	0.0221898097848961	c25	ARID4B
1.27761018894855e-06	0.278326042621815	0.498	0.492	0.0252839056392918	c25	CCT4
1.28949413247529e-06	0.757784175786423	0.056	0.038	0.025519088881686	c25	HSPA2
1.2948696234527e-06	0.295944850185109	0.428	0.42	0.025625469848129	c25	RBM25
1.31456834275865e-06	0.68849829595125	0.111	0.087	0.0260153075031936	c25	FRAT2
1.35647282011427e-06	0.319201966598967	0.402	0.384	0.0268445971100614	c25	MAT2B
1.44515561332436e-06	1.25718231386342	0.041	0.026	0.028599629587689	c25	HLF
1.52458336317439e-06	1.03088202053741	0.044	0.028	0.0301715047572212	c25	CD79A
1.53071997846922e-06	0.949291082865558	0.045	0.029	0.0302929483739058	c25	EFNB2
1.56786559778388e-06	0.461058350541642	0.247	0.221	0.0310280601801431	c25	ODF2L
1.62244573902509e-06	0.451038128385143	0.257	0.231	0.0321082011753065	c25	CASP1
1.67496260043699e-06	0.788475683552762	0.104	0.081	0.033147509862648	c25	TRIB2
1.86139499112204e-06	0.376787474317336	0.332	0.313	0.0368370068743052	c25	SDF4
1.87528675621795e-06	0.905748359598055	0.071	0.051	0.0371119249055533	c25	GRK5
2.09666817404215e-06	1.35718576949597	0.022	0.012	0.0414930631642941	c25	MMP9
2.13737999267217e-06	0.407831085914908	0.28	0.256	0.0422987500549823	c25	PIM1
2.15381647043337e-06	0.863909185360294	0.091	0.069	0.0426240279498763	c25	PKIA
2.32558149346154e-06	0.72440688015417	0.11	0.086	0.0460232577556038	c25	SESN2
2.33899395684813e-06	0.644485922579519	0.126	0.1	0.0462886904060244	c25	ZNF831
2.4482675474582e-06	0.521297649588406	0.165	0.138	0.0484512147641977	c25	TOM1
2.49085782383823e-06	0.691943174460034	0.165	0.14	0.0492940763337586	c25	CD320
