p_val	avg_log2FC	pct.1	pct.2	p_val_adj	cluster	gene
0	1.40063184309127	0.699	0.478	0	c19	TXNIP
0	1.19186513175105	0.942	0.901	0	c19	MT-ND2
0	0.665156972101192	0.983	0.979	0	c19	RPL34
0	0.485307895599722	0.991	0.988	0	c19	RPS27A
0	0.50455010081251	0.992	0.989	0	c19	RPL30
0	0.593089427534013	0.985	0.986	0	c19	RPL32
1.08727218818703e-306	0.498202293523159	0.985	0.984	2.15171166042213e-302	c19	RPS23
5.11928532606472e-297	0.529200834040789	0.986	0.986	1.01310656602821e-292	c19	RPL11
1.09438739243252e-280	0.493256647946573	0.994	0.991	2.16579264962396e-276	c19	RPS12
4.60270838833982e-279	1.0353727264614	0.928	0.897	9.10875990052451e-275	c19	MT-ND4
3.94539465787949e-264	0.514671626747448	0.987	0.985	7.80793602794351e-260	c19	RPS18
1.24103607322228e-258	0.457409013537359	0.985	0.986	2.45601038890689e-254	c19	RPL19
4.43223867184675e-252	0.434997091265222	0.995	0.994	8.77140033158472e-248	c19	RPL13
6.96151277934222e-239	0.533465917570094	0.983	0.981	1.37768337903183e-234	c19	RPS28
6.40327673662205e-234	0.441988878818807	0.979	0.978	1.2672084661775e-229	c19	RPS25
6.85925374728362e-232	0.65215074575962	0.908	0.904	1.35744631658743e-227	c19	RPL22
2.91299029350611e-230	0.402783764914426	0.981	0.981	5.7648077908486e-226	c19	RPL26
1.64608856314623e-229	0.714323648585476	0.988	0.988	3.25760926646639e-225	c19	MT-CYB
2.50941020510126e-224	0.618529723772475	0.967	0.969	4.9661227958954e-220	c19	RPL37
3.68262924347241e-217	0.47948366409803	0.97	0.973	7.2879232728319e-213	c19	RPLP2
1.29588015421224e-216	0.552980584585313	0.987	0.988	2.56454682518603e-212	c19	RPS27
5.44953856022378e-216	0.790466080879757	0.946	0.938	1.07846368106829e-211	c19	MT-ND5
1.90455506398366e-210	0.656585178969324	0.946	0.946	3.76911447162366e-206	c19	RPS21
1.6062598795099e-209	0.420893422215932	0.985	0.987	3.17878830155009e-205	c19	RPS14
1.05929375045363e-201	0.558845309310756	0.953	0.959	2.09634233214773e-197	c19	RPL36
1.8202071002636e-199	0.80921070492112	0.97	0.964	3.60218985142166e-195	c19	MT-ND3
6.72455444126512e-194	0.453615420324732	0.979	0.979	1.33078932392637e-189	c19	RPL35A
9.77312795264838e-194	0.487206322211417	0.975	0.98	1.93410202182911e-189	c19	RPS3A
1.74122169678961e-193	0.454143317248868	0.989	0.987	3.44587773794665e-189	c19	RPS8
2.8936482014376e-191	0.49085252870275	0.97	0.976	5.726529790645e-187	c19	RPS13
5.10738448333036e-190	0.379158654652583	0.985	0.984	1.01075138925108e-185	c19	RPS15
1.98276445086242e-188	0.523373366709646	0.981	0.981	3.92389084825673e-184	c19	RPL39
2.66470477704169e-185	0.35740488883452	0.989	0.991	5.27345075376551e-181	c19	RPS3
1.2835842771501e-183	0.450587362119647	0.97	0.976	2.54021328448004e-179	c19	RPS6
5.16202111578699e-181	0.402992079137756	0.983	0.986	1.02156397881425e-176	c19	RPL18A
6.77740209699062e-180	0.399233542960477	0.981	0.981	1.34124787499444e-175	c19	RPS4X
1.34175526812848e-176	0.433278275254497	0.973	0.975	2.65533367562626e-172	c19	RPL29
1.19840188904501e-171	0.404928500578452	0.97	0.978	2.37163733842007e-167	c19	RPL12
4.17316225839691e-165	0.768373949791278	0.96	0.952	8.25868810936748e-161	c19	MT-ATP8
5.29910935552363e-165	0.491758423645524	0.935	0.946	1.04869374145813e-160	c19	RPL21
9.27153881758241e-160	0.738060638308674	0.962	0.97	1.83483753199956e-155	c19	MT-ND1
1.09292469468377e-158	0.652068375540716	0.987	0.989	2.16289797077919e-154	c19	MT-ND4L
8.22068712653261e-158	0.562428273335642	0.906	0.906	1.6268739823408e-153	c19	RPL37A
9.01982818515507e-157	0.48646298024148	0.915	0.937	1.78502399784219e-152	c19	RPL9
2.74159641970937e-155	0.39584886797753	0.964	0.972	5.42561931460485e-151	c19	RPL6
1.15163744595731e-152	0.321636405643233	0.99	0.989	2.27909050554952e-148	c19	RPS15A
2.90762435760278e-152	0.977361202343861	0.563	0.407	5.75418860369591e-148	c19	GIMAP7
7.85471360617953e-149	0.404666462646079	0.961	0.974	1.55444782266293e-144	c19	RPL14
8.71071242331127e-148	0.36648204953172	0.993	0.99	1.7238499885733e-143	c19	RPS19
1.76921647379122e-140	0.335743431891616	0.976	0.983	3.50127940163282e-136	c19	RPS7
3.64583137371247e-140	0.435960609222983	0.924	0.937	7.21510028857699e-136	c19	RPL35
1.49648238181069e-135	0.364363884633519	0.976	0.98	2.96153863360336e-131	c19	RPL18
1.9482042531505e-135	0.362419455093183	0.971	0.98	3.85549621698484e-131	c19	RPL8
4.29825517320762e-134	0.320903949410351	0.968	0.979	8.50624698777789e-130	c19	FAU
3.97413554039985e-132	0.433020483823238	0.932	0.944	7.8648142344513e-128	c19	RPL10A
2.95567058938737e-126	0.499409395844363	0.849	0.867	5.84927209639762e-122	c19	PFDN5
7.14727870361847e-126	0.718228661473916	0.99	0.991	1.4144464554461e-121	c19	MT-CO3
3.35221189105057e-125	0.438759507653451	0.923	0.931	6.63402733238908e-121	c19	RPL13A
7.590093632319e-125	0.356560927671435	0.964	0.964	1.50207952983593e-120	c19	RPL23A
7.91857429089007e-122	0.307870522508296	0.996	0.995	1.56708585216715e-117	c19	RPL10
1.58271249535232e-118	0.724777749288491	0.878	0.877	3.13218802830223e-114	c19	RPS29
1.86603142751977e-115	0.358725439255604	0.962	0.972	3.69287619506162e-111	c19	RPL3
3.15324542678551e-110	0.401255853143602	0.905	0.935	6.24027269960852e-106	c19	UBA52
6.78951209293763e-106	0.28525049125509	0.976	0.982	1.34364444319236e-101	c19	RPL7A
1.71833674123639e-105	0.3855938046955	0.927	0.952	3.40058841090682e-101	c19	RPL5
3.35607377528468e-104	1.13212263263644	0.45	0.339	6.64167000128839e-100	c19	TRAF3IP3
2.50447084226235e-100	0.411640921107579	0.925	0.954	4.95634779683719e-96	c19	RPS5
4.0221387085689e-100	0.596996314139488	0.791	0.774	7.95981250425786e-96	c19	CD52
2.41504842491755e-97	0.531841626469254	0.996	0.997	4.77938083291183e-93	c19	MT-CO1
3.2610716875178e-93	1.14132664039149	0.424	0.317	6.45366086959772e-89	c19	RCSD1
1.57231421940905e-92	0.342056876618041	0.934	0.962	3.11160984021051e-88	c19	RPL17
3.5006394289772e-91	0.221315250140524	0.996	0.992	6.92776542994588e-87	c19	RPL28
5.37217991224713e-91	0.70073961269764	0.721	0.617	1.06315440463371e-86	c19	IL7R
6.90567449900691e-91	0.243325111775944	0.998	0.997	1.36663298335347e-86	c19	EEF1A1
9.21056195127463e-91	0.601481440913789	0.996	0.997	1.82277021015725e-86	c19	MT-CO2
9.2889141921e-88	0.284612323133104	0.978	0.981	1.83827611861659e-83	c19	RPS24
3.92705772945525e-86	0.436773632192719	0.845	0.885	7.77164724659193e-82	c19	EEF1B2
4.21783291399611e-86	0.574739553484629	0.795	0.825	8.34709133679829e-82	c19	RPL38
1.13049517467258e-82	0.345709070074857	0.915	0.944	2.23724995067703e-78	c19	NACA
4.19603778818017e-81	0.302494684138217	0.932	0.957	8.30395878280856e-77	c19	RPL24
2.50963776042148e-79	0.280914370713955	0.974	0.985	4.96657312787411e-75	c19	RPS2
8.81271984376404e-79	0.280248559366169	0.956	0.969	1.7440372570809e-74	c19	RPS16
3.45902142267108e-78	0.471460871649368	0.791	0.826	6.84540339546607e-74	c19	RPL31
3.31564119682266e-76	0.595585372727499	0.973	0.978	6.56165392851204e-72	c19	MT-ATP6
6.12171206722399e-75	1.04724239836032	0.425	0.341	1.21148681810363e-70	c19	PNISR
5.78067266741263e-74	1.55808797889065	0.166	0.082	1.14399512088096e-69	c19	CD40LG
9.00467250348245e-69	0.711382195824796	0.892	0.925	1.78202468843918e-64	c19	RPL41
6.19446489144863e-67	0.277107990570862	0.94	0.962	1.22588460201768e-62	c19	RPS9
7.36102741225509e-62	0.866453436342503	0.424	0.337	1.45674732488528e-57	c19	GIMAP4
3.662434197961e-57	0.448552449416988	0.748	0.786	7.24795727776481e-53	c19	TOMM7
9.90090871380251e-56	0.253649423888353	0.987	0.989	1.95938983446152e-51	c19	TPT1
7.40448388449715e-55	0.388014943658481	0.777	0.823	1.46534736074199e-50	c19	RPL7
4.24604633799674e-52	0.385098145836882	0.794	0.827	8.40292570289555e-48	c19	RPS11
5.48267136510626e-52	0.366347889087064	0.826	0.868	1.08502066315453e-47	c19	RPL4
6.32045548649968e-50	0.449777063126211	0.7	0.731	1.25081814077829e-45	c19	COMMD6
5.38645310272675e-49	0.322905359873856	0.851	0.898	1.06597906902962e-44	c19	RPL27
2.44496173009573e-47	0.27979792304863	0.916	0.949	4.83857926385944e-43	c19	RPSA
3.27386985308899e-47	0.826470989179892	0.628	0.635	6.47898843926311e-43	c19	MT-ND6
4.43026643028059e-46	0.638887948385607	0.578	0.534	8.76749726552529e-42	c19	LTB
1.14707375835027e-45	0.350012622055554	0.812	0.847	2.27005896777518e-41	c19	RPL27A
8.67754682999053e-45	0.292370042803319	0.879	0.918	1.71728651765513e-40	c19	EEF1D
5.24324151441182e-43	0.222923757521238	0.998	0.996	1.0376374957021e-38	c19	RPLP1
1.02986853641825e-42	1.97801102735949	0.072	0.031	2.03810983357171e-38	c19	LPAR6
2.33691514925319e-39	0.464815970883645	0.669	0.71	4.62475508037207e-35	c19	RPS20
5.8680732521839e-38	1.54574258872198	0.143	0.085	1.16129169660719e-33	c19	LENG8
1.49374554770629e-36	0.94258381167321	0.291	0.226	2.95612243891074e-32	c19	GIMAP1
4.03866329963406e-36	0.355339844794728	0.764	0.801	7.9925146699758e-32	c19	FXYD5
6.76473607821528e-36	0.809356378475156	0.539	0.557	1.3387412698788e-31	c19	RPL36A
2.15645621502532e-33	0.434368896376089	0.643	0.674	4.2676268495351e-29	c19	NOP53
1.90586722245611e-30	1.23619057840227	0.169	0.115	3.77171123324065e-26	c19	ZNF862
8.38367717820961e-29	0.346629592761521	0.716	0.764	1.65912971356768e-24	c19	TMA7
1.54967771462313e-28	0.415111271690594	0.622	0.663	3.06681219723918e-24	c19	SNRPD2
2.71754986392871e-28	1.54710212715298	0.073	0.037	5.37803118071492e-24	c19	TXK
3.2021547970116e-27	0.195368804769229	0.923	0.954	6.33706434328595e-23	c19	RACK1
3.4719232820983e-27	0.277722153233038	0.792	0.829	6.87093617527253e-23	c19	MYL12A
5.13132156824749e-27	0.994299489739061	0.229	0.174	1.01548853835618e-22	c19	TCF7
8.0907973255593e-27	2.33093375210018	0.21	0.153	1.60116879072819e-22	c19	HBB
1.03491326322094e-26	0.207421747585042	0.955	0.964	2.04809334791424e-22	c19	TMSB10
3.29802914038336e-26	1.78842916770472	0.048	0.021	6.52679966881867e-22	c19	FBLN5
4.11962751395757e-26	0.931733385101583	0.32	0.275	8.15274285012203e-22	c19	FKBP5
5.90496534587562e-26	2.87148431874578	0.012	0.003	1.16859264194879e-21	c19	ALAS2
2.21177803773151e-25	0.727223815771893	0.348	0.301	4.37710873667067e-21	c19	TC2N
2.59741906564303e-25	1.41635470546663	0.092	0.053	5.14029233090755e-21	c19	AC119396.1
2.8159984351231e-25	0.388832740256003	0.66	0.685	5.57286090310862e-21	c19	HCST
4.62152955890471e-25	0.765414162468453	0.432	0.425	9.14600699707242e-21	c19	N4BP2L2
5.0841079215213e-25	0.897268221367055	0.286	0.24	1.00614495766907e-20	c19	OXNAD1
1.86287826311896e-24	3.05906503295877	0.011	0.002	3.68663608271242e-20	c19	TRIM58
8.23313362983235e-24	0.930813600667275	0.3	0.259	1.62933714534382e-19	c19	LUC7L3
5.71411588922711e-22	1.70069698227301	0.047	0.022	1.13082353447805e-17	c19	TNFAIP8L2
1.06673562686313e-20	0.240307263505997	0.778	0.847	2.11106980556213e-16	c19	COX4I1
8.27205012218906e-20	1.29160379170772	0.11	0.072	1.63703871918122e-15	c19	C1orf162
8.92290138722307e-20	2.258359834594	0.019	0.006	1.76584218453145e-15	c19	PI16
1.0018926978135e-19	1.23757849848883	0.128	0.088	1.98274564897292e-15	c19	HIST1H1D
4.39028862479182e-19	0.839575285577539	0.175	0.127	8.68838118846302e-15	c19	CXCL13
1.64446874738047e-18	1.59825733905329	0.052	0.027	3.25440365106596e-14	c19	ZMAT1
6.62957095084855e-18	0.244587874785766	0.117	0.188	1.31199209117293e-13	c19	SLC25A39
1.10820477153944e-17	0.193986567073979	0.863	0.883	2.19313724287655e-13	c19	IFITM1
2.12050103111996e-17	0.178247368308704	0.938	0.971	4.1964715405864e-13	c19	RPLP0
1.13456105688888e-16	0.102767973504533	0.179	0.268	2.2452963315831e-12	c19	ATF7IP
1.81148676404666e-16	0.106056039789564	0.221	0.321	3.58493230604834e-12	c19	OSBPL8
2.33949968790021e-16	1.18747947762195	0.085	0.054	4.62986988235452e-12	c19	ITGA6
2.97994083803404e-16	0.22428671436115	0.73	0.777	5.89730291846936e-12	c19	CD3D
4.86337080881677e-16	0.67641150065085	0.397	0.397	9.62461083064838e-12	c19	MPHOSPH8
6.9248464246587e-16	0.146986746432026	0.934	0.967	1.37042710743996e-11	c19	RPL15
9.3560113567645e-16	0.110845855859335	0.124	0.193	1.85155464750369e-11	c19	DDX50
1.03208322199453e-15	0.762275743440356	0.266	0.233	2.04249269632717e-11	c19	SCML4
1.28066822475838e-15	0.257087111117941	0.711	0.781	2.53444241679683e-11	c19	COX7C
1.42978515080609e-15	0.642343663403397	0.367	0.353	2.82954481344525e-11	c19	PIK3IP1
3.2638641135516e-15	0.113066676454738	0.148	0.224	6.45918708071861e-11	c19	PPP3CC
4.79351090295649e-15	0.165488875638331	0.141	0.214	9.4863580769509e-11	c19	NRDC
5.96277437510394e-15	0.104742996213421	0.111	0.173	1.18003304883307e-10	c19	PARVG
6.7174405570303e-15	0.137405553433933	0.115	0.179	1.3293814862363e-10	c19	TCIRG1
8.47135480490169e-15	0.103695948622538	0.108	0.169	1.67648111589004e-10	c19	UTP23
1.22471623400652e-14	1.14230596894702	0.108	0.076	2.4237134270989e-10	c19	TMEM204
1.47497455600342e-14	0.987468935574085	0.138	0.103	2.91897464633077e-10	c19	ANXA2R
2.06869131922942e-14	1.54069841649184	0.047	0.026	4.09394012075502e-10	c19	MTRNR2L12
2.92476760666367e-14	0.134631597594395	0.228	0.328	5.78811509358741e-10	c19	ZNF207
3.07482627055312e-14	0.687392752569389	0.289	0.249	6.08508118942462e-10	c19	KLRB1
3.62500698232593e-14	0.175669837501887	0.16	0.237	7.17388881802301e-10	c19	MRFAP1L1
4.18657138695162e-14	0.118747129182364	0.098	0.154	8.28522477477725e-10	c19	C6orf89
5.16093342570351e-14	0.127577436720117	0.066	0.113	1.02134872494673e-09	c19	HGS
7.87087700475506e-14	0.119017358279235	0.116	0.178	1.55764655924103e-09	c19	RFC1
9.3857010869664e-14	1.67431650853597	0.041	0.022	1.85743024511065e-09	c19	HECTD2
9.70638290408349e-14	0.977129706064645	0.138	0.104	1.92089317671812e-09	c19	GIMAP5
1.06761579817514e-13	0.115023028881154	0.171	0.251	2.11281166458861e-09	c19	NUCB1
1.36981384186021e-13	0.165798610844788	0.113	0.173	2.71086159304136e-09	c19	HUWE1
1.62047391183776e-13	1.13619168723281	0.077	0.051	3.20691787152692e-09	c19	FXYD7
1.63407790307583e-13	0.741559403433771	0.304	0.285	3.23384017018707e-09	c19	RBL2
1.70595928840772e-13	1.4017466925189	0.056	0.034	3.37609343175887e-09	c19	ZNF397
1.90452749146056e-13	0.845122774589376	0.162	0.126	3.76905990560044e-09	c19	MAL
1.93383072043491e-13	0.110105196992124	0.111	0.17	3.82705099574069e-09	c19	HELZ
2.81785967373794e-13	1.40422480653676	0.055	0.033	5.57654429432738e-09	c19	MRI1
3.35260839015563e-13	0.147408286660186	0.172	0.25	6.63481200411798e-09	c19	TMEM259
3.36378166121651e-13	0.103063074839256	0.251	0.353	6.65692390754748e-09	c19	RBBP6
3.4116626928536e-13	0.109492100427776	0.156	0.228	6.75168046915728e-09	c19	GDI1
3.66373874923424e-13	0.183009840069091	0.102	0.158	7.25053898473456e-09	c19	MIS18BP1
4.70763828417282e-13	0.101868590550783	0.105	0.16	9.31641616437802e-09	c19	USP4
5.34182457392064e-13	0.142129747369021	0.08	0.128	1.05714708317889e-08	c19	CNDP2
6.18199545983707e-13	0.104500037339348	0.12	0.18	1.22341690150176e-08	c19	AKR1A1
9.59426282442813e-13	0.103683696906433	0.145	0.211	1.89870461295433e-08	c19	SENP6
9.79637836404313e-13	0.438021431409236	0.51	0.557	1.93870327824414e-08	c19	RPS10
9.90963209703755e-13	0.131004168226226	0.077	0.124	1.96111619200373e-08	c19	TPGS2
1.02868882638022e-12	0.112326906806113	0.122	0.183	2.03577518740645e-08	c19	ADH5
1.19353615447898e-12	0.147327849495563	0.123	0.183	2.36200804971389e-08	c19	WDR82
1.23832720046527e-12	0.176240734753854	0.116	0.175	2.45064952972077e-08	c19	SMARCC2
1.35174854075309e-12	0.131232070022437	0.182	0.259	2.67511036215036e-08	c19	PARP1
1.40265169385988e-12	0.153498998873761	0.173	0.25	2.7758477021487e-08	c19	MESD
1.41727393579743e-12	0.116748218845428	0.202	0.287	2.80478511894311e-08	c19	METTL26
1.46787310458116e-12	0.633591144233773	0.423	0.44	2.90492087396612e-08	c19	DDX17
1.5625029459361e-12	1.52883784356634	0.028	0.014	3.09219333000754e-08	c19	TRIM73
1.79188519747086e-12	0.129900633547554	0.078	0.124	3.54614080579484e-08	c19	OSBPL9
1.99688914590894e-12	0.124444087548155	0.117	0.175	3.9518436197538e-08	c19	CNOT4
2.27731131665964e-12	0.163074742733341	0.772	0.761	4.50679909566942e-08	c19	S100A4
2.93375376079621e-12	0.831414825134669	0.242	0.217	5.8058986926157e-08	c19	TMC8
2.95604288751263e-12	0.113220428296003	0.061	0.101	5.85000887438749e-08	c19	R3HDM1
3.50811413084989e-12	1.27488377105077	0.076	0.051	6.94255786495193e-08	c19	ARMH1
3.81480930317163e-12	0.859221831086169	0.23	0.205	7.54950761097666e-08	c19	ZRANB2
3.82140293088796e-12	0.890780361108312	0.182	0.152	7.56255640022727e-08	c19	SORL1
4.32636071147138e-12	0.29175400558369	0.665	0.702	8.56186784800186e-08	c19	CD2
5.22125533576179e-12	0.140165683373056	0.083	0.13	1.03328643094726e-07	c19	CDK11A
5.49237167408234e-12	0.143088792795533	0.097	0.148	1.0869403543009e-07	c19	USO1
5.49986582999119e-12	0.144540113048792	0.114	0.171	1.08842344775526e-07	c19	SMIM19
6.00971880500954e-12	1.8239988031721	0.021	0.009	1.18932335151139e-07	c19	VIPR1
6.71394036413463e-12	0.105069908668656	0.132	0.192	1.32868879806224e-07	c19	ERGIC2
6.72885898456705e-12	0.787905642189419	0.228	0.2	1.33164119304582e-07	c19	NCF1
7.3025904428149e-12	0.369377903470637	0.576	0.643	1.44518264863307e-07	c19	RPL23
7.42730345124223e-12	0.138291157234224	0.111	0.165	1.46986335300084e-07	c19	GLOD4
8.20865745814262e-12	0.15331486768202	0.111	0.166	1.62449331096642e-07	c19	THYN1
8.56661354983223e-12	0.116802526261161	0.197	0.277	1.6953328215118e-07	c19	IMP3
8.9221361175028e-12	0.1341505721169	0.159	0.227	1.7656907376538e-07	c19	ITGAL
9.76675243995013e-12	0.148603527669151	0.062	0.102	1.93284030786613e-07	c19	LARP4
1.03835768198449e-11	1.33465274660318	0.057	0.036	2.05490985264731e-07	c19	PPP1R3E
1.07929984737855e-11	2.00949921733826	0.022	0.01	2.13593439796216e-07	c19	HBA1
1.13639106464158e-11	0.117154559059384	0.077	0.121	2.24891791692569e-07	c19	MRPS10
1.23745559765047e-11	0.109726855107209	0.048	0.083	2.44892462775028e-07	c19	FARS2
1.27082925650928e-11	0.195286700723011	0.147	0.213	2.51497109863186e-07	c19	DCAF7
1.40368792970343e-11	0.109961827816145	0.127	0.185	2.7778984128831e-07	c19	CRBN
1.53528496182741e-11	0.133467677329148	0.106	0.158	3.03832893945644e-07	c19	RC3H1
1.60041807553475e-11	0.116818499922071	0.111	0.164	3.16722737148326e-07	c19	HPS1
1.66136514911433e-11	0.154831043304304	0.096	0.145	3.28784163009727e-07	c19	ARFGEF1
1.85161352977522e-11	0.122942948589983	0.114	0.168	3.66434317542516e-07	c19	CHD4
1.89244199232934e-11	0.152649169495477	0.143	0.206	3.74514270281977e-07	c19	FRYL
1.97666193638717e-11	0.165995843777907	0.099	0.15	3.9118139721102e-07	c19	AP3D1
2.08246179943121e-11	0.113489055273481	0.058	0.095	4.12119190107437e-07	c19	NOL12
2.43094110545895e-11	0.123228250655292	0.079	0.122	4.81083244770326e-07	c19	ANKLE2
2.70586070673193e-11	0.160933959081316	0.149	0.214	5.3548983386225e-07	c19	MIEN1
2.73160997600939e-11	0.110076863579538	0.128	0.186	5.40585614252259e-07	c19	TRADD
2.88971444588588e-11	0.118893120721116	0.12	0.174	5.71874488840815e-07	c19	STK38
2.97102748725518e-11	0.252833681737875	0.741	0.794	5.87966339727799e-07	c19	S100A6
3.03616410615858e-11	1.67452872735098	0.03	0.016	6.00856876608783e-07	c19	OSGEPL1
3.12155008216578e-11	0.109506813833119	0.079	0.123	6.17754761260608e-07	c19	ARMC10
3.18097266705084e-11	0.121223677910694	0.168	0.238	6.29514490809361e-07	c19	GGNBP2
3.32074467441224e-11	0.148753457459878	0.082	0.126	6.57175371066182e-07	c19	VPS26B
3.44072184045801e-11	0.138850434437199	0.075	0.118	6.8091885222664e-07	c19	ATPAF1
3.8729721221737e-11	0.175966961940701	0.168	0.239	7.66461182978175e-07	c19	TMOD3
3.96485550439476e-11	0.144955108220522	0.064	0.103	7.84644904319723e-07	c19	FAM192A
4.07631054873529e-11	0.109893118075595	0.262	0.36	8.06701857594714e-07	c19	ATRX
4.13757698409969e-11	0.107183634150439	0.089	0.135	8.18826485153329e-07	c19	ZDHHC6
4.26797341143409e-11	0.131019334429354	0.097	0.146	8.44631938122807e-07	c19	PNKP
4.74166608207003e-11	0.110867791971499	0.273	0.375	9.38375717641659e-07	c19	TLN1
5.2158591453603e-11	1.14692261814814	0.077	0.053	1.0322185248668e-06	c19	TFB1M
5.69408727672033e-11	0.137049714401924	0.05	0.084	1.12685987206295e-06	c19	SENP5
5.80500178122363e-11	0.120672132968534	0.093	0.139	1.14880985250416e-06	c19	MPLKIP
5.92276994855078e-11	0.102180893681138	0.038	0.068	1.1721161728182e-06	c19	NSD2
5.95561698273886e-11	0.118345774133723	0.257	0.353	1.17861660088402e-06	c19	ADAR
6.12931357737174e-11	0.112630500380206	0.062	0.1	1.21299115696187e-06	c19	CPSF7
6.28190347391651e-11	0.151922019753636	0.165	0.232	1.24318869748808e-06	c19	SNRNP200
6.37797928683182e-11	0.112702549777531	0.098	0.146	1.26220210086402e-06	c19	BORCS7
6.58374085211661e-11	0.142324150803409	0.104	0.154	1.30292231463388e-06	c19	ST8SIA4
8.30878134422193e-11	0.166532461025907	0.859	0.916	1.64430782802152e-06	c19	CD3E
8.40186975200021e-11	0.116282877564793	0.186	0.26	1.66273002392084e-06	c19	PGLS
8.52827540197883e-11	0.156122744175959	0.077	0.119	1.68774570205161e-06	c19	TENT2
8.5806765879231e-11	0.154092498483271	0.085	0.129	1.69811589674998e-06	c19	RAPGEF6
8.86409059867026e-11	0.178179298946644	0.119	0.172	1.75420352947684e-06	c19	INPP5D
9.29784611689685e-11	0.14726345505607	0.045	0.078	1.84004374653389e-06	c19	MAPKAPK2
9.65926695728939e-11	0.101001817343881	0.069	0.109	1.91156893084757e-06	c19	QARS
9.80859623468028e-11	0.705300116723663	0.359	0.367	1.94112119484323e-06	c19	ARHGAP15
1.0016959899535e-10	0.216959914462353	0.124	0.18	1.98235636411798e-06	c19	VPS35
1.02000716567196e-10	0.102725206683192	0.089	0.134	2.01859418086481e-06	c19	PPIE
1.03827918837211e-10	0.102078478739632	0.14	0.199	2.05475451378841e-06	c19	NBDY
1.16561240970508e-10	0.1603213324468	0.072	0.113	2.30674695880635e-06	c19	TMEM154
1.19161084191939e-10	0.104973701952066	0.075	0.116	2.35819785615847e-06	c19	MAN2B1
1.33526177889654e-10	0.176585181801819	0.081	0.124	2.64248306043625e-06	c19	SUDS3
1.38104689524923e-10	0.146722092254662	0.121	0.176	2.73309180569823e-06	c19	FLOT2
1.40014906256283e-10	0.16940447318947	0.096	0.142	2.77089499481183e-06	c19	HACD4
1.54716250063846e-10	0.178876372237492	0.189	0.264	3.06183458876351e-06	c19	NDUFV1
1.65351207076448e-10	1.81208009340692	0.015	0.006	3.2723003880429e-06	c19	EDA
1.6987948605322e-10	0.109309004398716	0.065	0.103	3.36191502899322e-06	c19	PPFIA1
1.82669680666623e-10	0.16107587136881	0.099	0.147	3.61503298039247e-06	c19	LONP2
1.83963671911686e-10	0.163303363114729	0.139	0.199	3.64064106713227e-06	c19	FBXW5
1.96354822255714e-10	0.103630325672328	0.114	0.166	3.88586193244059e-06	c19	TMEM134
2.00089568660771e-10	0.136258303795483	0.117	0.169	3.95977256379666e-06	c19	GNPTG
2.00752416441553e-10	0.106813169988715	0.054	0.089	3.97289032137832e-06	c19	DYNC1I2
2.08226235327885e-10	0.15108216983773	0.15	0.211	4.12079719713885e-06	c19	STMP1
2.12906103873885e-10	0.234800729063559	0.717	0.812	4.21341179566419e-06	c19	EEF1G
2.25916560690857e-10	0.112805735946703	0.085	0.128	4.47088873607205e-06	c19	GPAA1
2.29261843415245e-10	0.107777010389402	0.061	0.097	4.5370918811877e-06	c19	CDK9
2.33153688523562e-10	0.105963093771169	0.139	0.196	4.6141114958813e-06	c19	PYHIN1
2.44758695094217e-10	0.151613354290906	0.126	0.18	4.84377457591456e-06	c19	CDK12
2.50384823455614e-10	0.159490421533736	0.192	0.268	4.95511565618659e-06	c19	ZNHIT1
2.51427554003936e-10	0.133192315222425	0.129	0.184	4.9757512937379e-06	c19	BRD7
2.65867239414132e-10	0.156985269817008	0.251	0.342	5.26151266800567e-06	c19	CFLAR
2.69171216286428e-10	0.137949287581626	0.111	0.161	5.32689837030841e-06	c19	MBD4
2.82977834000268e-10	0.108016124195513	0.116	0.167	5.6001313348653e-06	c19	PPT1
2.9002532216036e-10	0.121438537413148	0.073	0.113	5.73960112555352e-06	c19	ETV6
2.91377586149416e-10	0.107060711804044	0.076	0.116	5.76636242989695e-06	c19	CRTC3
2.98516198767872e-10	1.20793484671971	0.042	0.025	5.90763557361618e-06	c19	RNF144A
2.99230865753364e-10	0.12954767643422	0.054	0.088	5.92177883325908e-06	c19	MYO5A
3.04899182016045e-10	0.192815297559061	0.068	0.106	6.03395481209754e-06	c19	KARS
3.38657227061799e-10	0.111838091236787	0.259	0.354	6.702026523553e-06	c19	MINOS1
3.4457844576621e-10	0.143525587037918	0.077	0.117	6.81920744171331e-06	c19	DUSP23
3.5532565684048e-10	0.128037881303191	0.099	0.146	7.03189474887309e-06	c19	GPBP1L1
3.6254394213778e-10	0.235494530766219	0.095	0.142	7.17474461490667e-06	c19	BOD1L1
3.87480199263389e-10	0.102580158393669	0.107	0.155	7.66823314342247e-06	c19	MRPS26
4.05997461359384e-10	0.22685152929144	0.092	0.136	8.03468976030221e-06	c19	NDE1
4.47808625996192e-10	0.143628389866253	0.223	0.309	8.86213270846464e-06	c19	TOMM5
4.57637429086532e-10	0.120596743468547	0.062	0.098	9.05664472162247e-06	c19	JKAMP
4.77181503377061e-10	1.22886348063772	0.053	0.034	9.44342195183203e-06	c19	ZFP14
5.06014225518533e-10	0.149899084637395	0.094	0.138	1.00140215230118e-05	c19	DENND1B
5.22084024479587e-10	0.115144669527151	0.291	0.394	1.0332042844451e-05	c19	PRPF38B
5.42832024642881e-10	0.212075426267845	0.162	0.226	1.07426457676826e-05	c19	JAK3
5.51176442757077e-10	0.825323512947135	0.265	0.251	1.09077818021626e-05	c19	NKTR
5.68549874523961e-10	0.171370110747072	0.108	0.156	1.12516020168292e-05	c19	MRPS16
5.68716962811555e-10	0.107818734282591	0.064	0.1	1.12549086940407e-05	c19	AKT2
5.73821182503057e-10	0.104993824027178	0.051	0.083	1.13559212017355e-05	c19	KIFAP3
5.77682745083248e-10	0.130588879150551	0.272	0.372	1.14323415251975e-05	c19	WAS
5.93070475458882e-10	0.128288648463523	0.099	0.145	1.17368647093313e-05	c19	UBLCP1
6.02580433266807e-10	0.165404109499576	0.11	0.158	1.19250667743501e-05	c19	POP5
6.19753730185923e-10	0.100976547865692	0.137	0.192	1.22649263203794e-05	c19	LBR
6.30609525863941e-10	0.107466736342564	0.33	0.446	1.24797625168474e-05	c19	OCIAD2
6.64291151843517e-10	0.12752013872827	0.052	0.085	1.31463218949832e-05	c19	LARP1
6.75553244758545e-10	0.105051974279501	0.059	0.093	1.33691987137716e-05	c19	MYCBP
6.86779875257823e-10	0.129136658828841	0.241	0.33	1.35913737313523e-05	c19	SF3B5
7.00641967937579e-10	0.130627510002279	0.144	0.202	1.38657045454847e-05	c19	FUNDC2
7.02690358716577e-10	0.169773151110883	0.07	0.107	1.39062421990011e-05	c19	GLYR1
7.13491763763801e-10	0.158752757220283	0.058	0.092	1.41200020048856e-05	c19	DOCK11
7.43829188251784e-10	0.114396334047766	0.089	0.131	1.47203796355028e-05	c19	FAM111A
7.45842688602078e-10	0.109922092248461	0.067	0.104	1.47602268074351e-05	c19	ALG3
7.83056130505636e-10	0.105238084308856	0.052	0.084	1.54966808227065e-05	c19	DCAF12
7.83956505788221e-10	0.138156965271097	0.059	0.093	1.55144992495489e-05	c19	RAD51C
8.02059541602818e-10	0.120650592492533	0.057	0.091	1.58727583283198e-05	c19	ATP6V0A2
8.26185460092614e-10	0.11759858882195	0.099	0.145	1.63502102552328e-05	c19	LINS1
8.43701334692541e-10	0.166114404518199	0.256	0.346	1.66968494135654e-05	c19	FMNL1
8.44180754880759e-10	0.162528709888549	0.079	0.118	1.67063371390902e-05	c19	ARMC8
8.85880200497565e-10	0.141446417790423	0.078	0.117	1.75315691678468e-05	c19	EI24
9.07470399653187e-10	0.151372958780526	0.22	0.299	1.79588392091366e-05	c19	WASF2
9.12030428812876e-10	0.169167443091026	0.182	0.252	1.80490821862068e-05	c19	RBBP4
9.97530779129381e-10	0.188059167512219	0.06	0.095	1.97411341189705e-05	c19	ATL3
1.00146120312026e-09	0.121919717276817	0.076	0.116	1.98189172097499e-05	c19	TMEM120A
1.02573112584347e-09	1.38594564550482	0.047	0.029	2.02992189804423e-05	c19	ZNF512
1.0275828994944e-09	0.189943078583165	0.084	0.125	2.03358655809942e-05	c19	ATIC
1.03522134725811e-09	0.194081668301891	0.143	0.201	2.04870304622381e-05	c19	PTPRA
1.04038754711733e-09	0.260569442637931	0.139	0.196	2.0589269557452e-05	c19	THOC2
1.12277037777417e-09	0.126701440339527	0.079	0.119	2.22196257761509e-05	c19	AP1G2
1.14660336939198e-09	0.127532208426099	0.156	0.216	2.26912806802673e-05	c19	ZNF428
1.16453924001011e-09	0.141187100951106	0.227	0.311	2.30462315598e-05	c19	PYURF
1.16601328763648e-09	0.130402716476784	0.07	0.107	2.3075402962326e-05	c19	EBAG9
1.16948190324927e-09	0.239231614329342	0.157	0.219	2.31440468653031e-05	c19	SMG1
1.17763689078206e-09	0.104981612160615	0.042	0.07	2.33054340685769e-05	c19	CHAMP1
1.18667052633265e-09	0.18251904948148	0.149	0.208	2.34842097161232e-05	c19	NDUFAF8
1.24198627390631e-09	0.105973140633307	0.14	0.195	2.45789083606059e-05	c19	KDSR
1.26720468375102e-09	0.186194293665578	0.071	0.109	2.50779806914327e-05	c19	SEC22B
1.31967644290549e-09	0.152118661023287	0.143	0.199	2.61163968050997e-05	c19	CTSS
1.41534891927277e-09	0.164340565806873	0.075	0.114	2.80097551124082e-05	c19	ABCC1
1.41622855025603e-09	0.137084542712171	0.226	0.307	2.80271630095669e-05	c19	MRPL57
1.42107119190387e-09	0.94664284915556	0.132	0.106	2.81229988877775e-05	c19	NELL2
1.44124663304007e-09	0.110425119978285	0.064	0.099	2.85222708678631e-05	c19	ZNF770
1.46269644761345e-09	0.115126080306976	0.264	0.359	2.89467626982702e-05	c19	SRP9
1.61595240651821e-09	0.759841632306513	0.232	0.212	3.19796981249954e-05	c19	ATM
1.63691799346613e-09	0.152794438974969	0.098	0.142	3.23946070906948e-05	c19	MARCH6
1.65008728671417e-09	0.185459285180055	0.101	0.146	3.26552274040733e-05	c19	NBPF26
1.71240318904516e-09	0.214043850316212	0.123	0.175	3.38884591112037e-05	c19	ARPC4
1.72148732170957e-09	0.179104621917912	0.073	0.111	3.40682340966324e-05	c19	DENND4C
1.75481788442363e-09	0.157881012234085	0.045	0.074	3.47278459327437e-05	c19	ECPAS
1.83581202772118e-09	0.123849883131693	0.121	0.171	3.63307200286022e-05	c19	NSMCE1
1.85414638831468e-09	0.18265871336457	0.085	0.126	3.66935570247475e-05	c19	MLLT10
1.86788372498876e-09	0.54229784833085	0.425	0.453	3.69654189175276e-05	c19	PAXX
1.88477864547264e-09	0.120664777588582	0.059	0.092	3.72997693939036e-05	c19	GATAD2A
1.90758265341608e-09	0.178024838854919	0.045	0.075	3.77510607111041e-05	c19	MUM1
1.93517513105919e-09	0.366793836135188	0.497	0.536	3.82971158436614e-05	c19	CD48
1.94994276003458e-09	0.213291089965854	0.179	0.248	3.85893672210843e-05	c19	HNRNPH1
1.976599934728e-09	0.15420893111459	0.085	0.126	3.91169127082672e-05	c19	CERS2
2.01635774536406e-09	0.173208244972732	0.114	0.162	3.99037197807548e-05	c19	MGMT
2.03025715537093e-09	0.20939270661069	0.114	0.162	4.01787891047906e-05	c19	NFATC3
2.10905826436379e-09	0.125018436674577	0.225	0.303	4.17382630517593e-05	c19	SYNRG
2.11036196899759e-09	0.143526911752861	0.155	0.215	4.17640633664623e-05	c19	TMEM256
2.11720338796648e-09	0.183245474989469	0.196	0.27	4.18994550478566e-05	c19	POLR3GL
2.12915579948519e-09	0.127681496059275	0.092	0.135	4.2135993271812e-05	c19	TRIM4
2.25577925065553e-09	0.109713585049636	0.084	0.124	4.46418713704729e-05	c19	ANKH
2.29974992571912e-09	0.139624520202406	0.087	0.128	4.55120510299813e-05	c19	LRPPRC
2.38423695932394e-09	0.163662866562873	0.063	0.098	4.71840494250208e-05	c19	SLC30A9
2.40883836909897e-09	0.191273146952494	0.075	0.113	4.76709113244685e-05	c19	HSD17B7
2.46807192276044e-09	0.194379293478214	0.07	0.106	4.8843143351429e-05	c19	NADSYN1
2.47224196834351e-09	0.333076930634558	0.561	0.63	4.89256685535181e-05	c19	LDHB
2.54990349873587e-09	1.47841501662422	0.028	0.015	5.0462590239983e-05	c19	CFH
2.56109639582345e-09	0.100243678349448	0.047	0.076	5.06840976733461e-05	c19	ASB3
2.67264601000844e-09	0.927112653540765	0.18	0.157	5.2891664538067e-05	c19	SRSF1
2.67438810002947e-09	0.16790634428115	0.115	0.163	5.29261404995832e-05	c19	CRLF3
2.74461819807866e-09	0.257577383693366	0.078	0.117	5.43159941399768e-05	c19	FPGS
2.86768015017015e-09	0.188661618463107	0.137	0.191	5.67513901718672e-05	c19	HERC1
2.95305047943659e-09	0.153080078595457	0.131	0.183	5.84408689880502e-05	c19	PDE7A
2.97735493672525e-09	0.195820849709214	0.078	0.117	5.89218541977928e-05	c19	SFT2D2
3.0476981960973e-09	0.12295149805517	0.065	0.099	6.03139473007656e-05	c19	STX12
3.15908487783997e-09	0.17054165824196	0.071	0.108	6.2518289732453e-05	c19	NMT1
3.2028747515195e-09	0.177032100808276	0.079	0.117	6.3384891332571e-05	c19	PRKRIP1
3.26024015586911e-09	0.122973939044195	0.069	0.104	6.45201526846497e-05	c19	IREB2
3.31316358910628e-09	0.182093117364112	0.21	0.286	6.55675074284132e-05	c19	ILF3
3.3447683670039e-09	0.128484587382496	0.042	0.07	6.61929659830071e-05	c19	EIF2AK4
3.37412345810629e-09	0.250302565770759	0.115	0.164	6.67739032359234e-05	c19	LPIN1
3.39407826341374e-09	0.151220453105353	0.215	0.293	6.71688088329579e-05	c19	TMEM219
3.41767113440511e-09	0.196871165129673	0.083	0.123	6.7635711749877e-05	c19	TCF12
3.44415093739107e-09	0.100379500200526	0.056	0.088	6.81597470509693e-05	c19	RALGAPB
3.51464268967557e-09	0.103037821580826	0.057	0.089	6.95547788286795e-05	c19	TNRC6C
3.52852858864196e-09	0.21598452799218	0.122	0.173	6.98295807692244e-05	c19	BCL2
3.64528317384842e-09	0.182111357196998	0.068	0.103	7.21401540104602e-05	c19	DDX23
3.90035507794093e-09	0.119069799658019	0.063	0.097	7.7188026992451e-05	c19	NT5DC1
3.94603793148882e-09	0.210889110277525	0.173	0.237	7.80920906641638e-05	c19	HNRNPD
4.07873172934614e-09	0.114117942688733	0.31	0.415	8.07181009237602e-05	c19	KRT10
4.11047747788928e-09	0.159020255848862	0.047	0.077	8.13463492874288e-05	c19	IL18R1
4.17753225679973e-09	1.55984067298175	0.023	0.012	8.26733633620666e-05	c19	RORC
4.21712326097538e-09	0.193603667990613	0.179	0.245	8.34568693347028e-05	c19	ANAPC5
4.46810896564036e-09	0.108588386063654	0.045	0.074	8.84238764300227e-05	c19	EDEM2
4.48081557680224e-09	0.196566467169864	0.241	0.326	8.86753402649163e-05	c19	MYCBP2
4.49843618349399e-09	0.132836213040411	0.046	0.075	8.9024052071346e-05	c19	DDX59
4.54133155793879e-09	0.206677449566153	0.135	0.188	8.98729515316087e-05	c19	SMIM7
4.59385902884178e-09	0.128536942431365	0.176	0.239	9.09124701807788e-05	c19	CLPP
4.61010681028965e-09	0.11270303219395	0.093	0.134	9.12340137756322e-05	c19	COA3
4.66427615596232e-09	0.167231351955732	0.176	0.242	9.23060251264943e-05	c19	FAAP20
4.83161111982984e-09	0.24528787846399	0.087	0.127	9.56175840614325e-05	c19	CSNK2A1
4.87084624510001e-09	0.243426691790785	0.135	0.189	9.63940471905291e-05	c19	PRKCSH
4.97117220557997e-09	0.116661413850873	0.054	0.085	9.83794979484277e-05	c19	MRPS9
5.05541287193684e-09	0.154038584034048	0.087	0.126	0.00010004662073563	c19	SIPA1
5.09021209466067e-09	0.258860425241456	0.054	0.086	0.000100735297353335	c19	NUP62
5.50118047591192e-09	0.148916385231509	0.097	0.139	0.000108868361618297	c19	ACAA1
5.57306053111523e-09	0.149447927896971	0.048	0.077	0.00011029086791077	c19	MFSD6
5.61538093782926e-09	0.164057449481968	0.054	0.085	0.000111128388759641	c19	RARS
5.64170072935989e-09	0.148841813038482	0.091	0.132	0.000111649257434032	c19	ATP11B
5.66696751226356e-09	0.144203522451247	0.187	0.254	0.000112149287067696	c19	OXA1L
5.92872382146316e-09	0.180938551915505	0.089	0.129	0.000117329444426756	c19	BTN3A3
6.07306618268070e-09	1.46236937048021	0.033	0.019	0.000120185979755251	c19	ZNF606
6.10237030620194e-09	0.163045784039151	0.068	0.102	0.000120765908359736	c19	ATE1
6.20835369714832e-09	1.25630222297697	0.044	0.027	0.000122863319666565	c19	RBM43
6.25598080045178e-09	0.163639289536938	0.144	0.198	0.000123805860040941	c19	SYNCRIP
6.47273697387579e-09	0.100667155502786	0.079	0.116	0.000128095464713002	c19	PARP10
6.48516744177316e-09	0.148800216796938	0.056	0.088	0.000128341463672691	c19	CALCOCO1
6.53372053654463e-09	0.106621170460241	0.051	0.082	0.000129302329418218	c19	HPF1
6.5345828198994e-09	0.289747129255291	0.112	0.16	0.000129319394005809	c19	TIA1
6.88424305327599e-09	0.157212046654206	0.097	0.139	0.000136239170024332	c19	SREK1IP1
6.94637874357174e-09	0.146103106354023	0.088	0.127	0.000137468835335285	c19	PLD3
6.99283463384353e-09	0.125480269121794	0.048	0.078	0.000138388197403763	c19	DHX16
7.12046102599518e-09	0.149112418662487	0.044	0.072	0.000140913923704445	c19	ARHGAP1
7.13692976773269e-09	0.194009587042606	0.099	0.142	0.00014123984010343	c19	PCF11
7.42024023697815e-09	0.17399584828619	0.097	0.14	0.000146846554289798	c19	COMMD2
7.47238187048812e-09	0.166510885485815	0.16	0.22	0.00014787843721696	c19	MFSD10
7.5212053298049e-09	0.154977345649379	0.076	0.113	0.000148844653476839	c19	MAEA
7.53419761236314e-09	0.11613934149674	0.059	0.092	0.000149101770748667	c19	DPP8
7.54928219295317e-09	0.119469095920765	0.061	0.094	0.000149400294598543	c19	AC118549.1
7.57750784489221e-09	0.144105994800312	0.047	0.076	0.000149958880250417	c19	EMSY
7.83701622226206e-09	0.103783286115883	0.048	0.076	0.000155094551038566	c19	ELAC2
8.0521527722741e-09	0.126184263033432	0.913	0.947	0.000159352103363304	c19	FTL
8.45812592692945e-09	0.244052886165235	0.105	0.149	0.000167386312093934	c19	SREK1
8.56774552366452e-09	0.15104264505832	0.215	0.292	0.000169555683913321	c19	COPS9
8.57537958014825e-09	0.171444187407262	0.05	0.079	0.000169706761891134	c19	ATG4D
8.80978428737008e-09	0.109953921872403	0.062	0.094	0.000174345631047054	c19	MMGT1
9.00942039291434e-09	0.211131176409071	0.068	0.103	0.000178296429575775	c19	ARID2
9.22055343333171e-09	0.124752693388902	0.043	0.071	0.000182474752445635	c19	ZC3H14
9.34866572430026e-09	0.180262822413674	0.075	0.112	0.000185010094683902	c19	MCM3AP
9.5076225503015e-09	0.100574988266995	0.057	0.088	0.000188155850270467	c19	CCDC6
9.53871533297424e-09	0.144581438841887	0.169	0.231	0.00018877117643956	c19	MRPL43
9.63156640116108e-09	0.255974026643914	0.097	0.139	0.000190608699078978	c19	ACTR1B
9.67676785155297e-09	0.239614779734551	0.111	0.158	0.000191503235782233	c19	LMF2
9.87976146757682e-09	0.117472294162301	0.062	0.094	0.000195520479443345	c19	MED1
9.90612822775374e-09	0.182290709952976	0.171	0.233	0.000196042277627247	c19	FNTA
9.91553788869981e-09	0.146376283301638	0.114	0.16	0.000196228494817369	c19	FLOT1
9.94988258977992e-09	0.127853588672793	0.053	0.083	0.000196908176451745	c19	EXOC5
1.01285543918908e-08	0.101585661469529	0.078	0.115	0.000200444091415519	c19	CDC14A
1.01529086642986e-08	0.195763538742948	0.084	0.122	0.00020092606246647	c19	RSRC1
1.02285507664501e-08	0.142439740068385	0.103	0.146	0.000202423019668048	c19	USP22
1.04323250114002e-08	0.197967931848845	0.083	0.121	0.00020645571197561	c19	INTS10
1.06231239900035e-08	0.181268781443187	0.054	0.085	0.00021023162376217	c19	ALKBH6
1.13117873297979e-08	0.1885185610499	0.152	0.209	0.0002238602712567	c19	FLI1
1.13750922141184e-08	0.146538332501536	0.063	0.096	0.000225113074917402	c19	EEFSEC
1.14165306912838e-08	0.126122032449989	0.046	0.074	0.000225933142380506	c19	VPS53
1.14811474897767e-08	0.122331445585637	0.062	0.095	0.000227211908822682	c19	BABAM1
1.15351693201647e-08	0.133284694777757	0.04	0.066	0.00022828100084606	c19	VPS16
1.18666499163011e-08	0.111438107635395	0.052	0.082	0.0002348410018436	c19	SYMPK
1.18990368566749e-08	0.133032761692228	0.061	0.094	0.000235481939393597	c19	NIT2
1.23377405194012e-08	0.241901086649984	0.111	0.157	0.00024416388487895	c19	URM1
1.26636148973382e-08	0.823677101612921	0.208	0.188	0.000250612938818323	c19	THEM4
1.27085053019902e-08	0.150781495112414	0.078	0.115	0.000251501319926386	c19	CCDC130
1.34049217098988e-08	0.612749531084831	0.294	0.286	0.000265283400638897	c19	SIT1
1.3477019535121e-08	0.109299809885204	0.056	0.086	0.000266710216600045	c19	RAB3GAP2
1.36750696738886e-08	0.842951791461951	0.232	0.216	0.000270629628846256	c19	OGT
1.39125738724941e-08	0.148813531422502	0.056	0.087	0.000275329836936657	c19	FUT8
1.4025538114099e-08	1.16357828833666	0.073	0.053	0.000277565399278019	c19	SLC25A45
1.51099662415965e-08	0.160410211427932	0.04	0.066	0.000299026231921194	c19	WRNIP1
1.51930476770689e-08	0.156786554992125	0.068	0.102	0.000300670413529193	c19	TMEM138
1.52838762859738e-08	0.15185399001908	0.099	0.141	0.000302467911699421	c19	UVRAG
1.53865493475466e-08	0.177311120475217	0.071	0.105	0.000304499811587948	c19	FAM120A
1.56734785088177e-08	0.12659435040178	0.054	0.084	0.000310178139689502	c19	STAT2
1.59012568944338e-08	0.208257905617857	0.056	0.086	0.000314685873940844	c19	CBX1
1.59868262194821e-08	0.183066705534989	0.065	0.098	0.00031637929088355	c19	SOAT1
1.61473289918963e-08	0.201939819521415	0.107	0.151	0.000319555640749627	c19	USP33
1.67874950885223e-08	0.121710437206464	0.076	0.112	0.000332224527801855	c19	RC3H2
1.73768869906363e-08	0.212685399174226	0.189	0.257	0.000343888593544693	c19	EIF5B
1.74369719198053e-08	0.106344060084027	0.049	0.077	0.000345077674292947	c19	MICAL2
1.7575555032978e-08	0.262889204783966	0.12	0.169	0.000347820234102634	c19	C6orf62
1.75939185173937e-08	0.211937344293381	0.116	0.162	0.000348183647459222	c19	PDIA4
1.80048274652771e-08	1.31803581506619	0.025	0.013	0.000356315535537834	c19	NUAK2
1.84815090015118e-08	0.294494832974155	0.121	0.169	0.000365749063139918	c19	LRBA
1.85828740264195e-08	0.162972146271813	0.203	0.272	0.000367755076982842	c19	KIF2A
1.89417326163706e-08	0.218619032173443	0.118	0.165	0.000374856888477974	c19	AIMP1
1.9088386212269e-08	0.157397824964373	0.056	0.087	0.000377759163140803	c19	TBC1D22A
1.92683614857244e-08	0.154242861263179	0.056	0.087	0.000381320873802486	c19	GLMN
1.92997825040446e-08	1.04831886885809	0.104	0.081	0.000381942695755042	c19	RIC3
1.93435819976888e-08	0.196702048780667	0.198	0.267	0.000382809487734262	c19	COX14
1.95605937828032e-08	0.122563931940312	0.053	0.083	0.000387104150961676	c19	ABCB7
2.03126520380528e-08	0.138788632600354	0.169	0.229	0.000401987383833065	c19	SSR1
2.07947016904247e-08	0.30516884891385	0.566	0.613	0.000411527146453505	c19	EVL
2.12061652175204e-08	0.123819652826172	0.082	0.119	0.000419670009654729	c19	BRD9
2.13550728277783e-08	0.21180284605348	0.174	0.237	0.000422616891261732	c19	ARHGAP4
2.22870115969591e-08	0.177848081843007	0.114	0.159	0.00044105995950382	c19	SUPT16H
2.25784696780943e-08	0.222216279172773	0.074	0.109	0.000446827914929487	c19	XIAP
2.31981950364338e-08	0.230096334697346	0.078	0.114	0.000459092279771026	c19	EML3
2.36059088751063e-08	0.191327883811796	0.14	0.192	0.000467160936638354	c19	FAM162A
2.55917100971665e-08	0.192529880887697	0.074	0.109	0.000506459942822925	c19	MRPL17
2.55932215082829e-08	0.159398578736365	0.079	0.116	0.000506489853648919	c19	TMX2
2.76960013084252e-08	1.37609872161673	0.032	0.019	0.000548103865893735	c19	ZNF540
2.85128871263238e-08	0.147101246767856	0.05	0.078	0.000564270036229948	c19	PRPF39
2.87277190930426e-08	0.183177688160056	0.063	0.095	0.000568521560851314	c19	EMG1
2.88288058967878e-08	0.190769228581349	0.132	0.182	0.00057052206869743	c19	PIH1D1
2.90102365688971e-08	0.108518790872091	0.055	0.085	0.000574112581698473	c19	EIF4EBP2
2.90650511756372e-08	0.171145554146945	0.3	0.399	0.00057519736276586	c19	EMB
2.91069452148435e-08	0.148594279652454	0.061	0.092	0.000576026445801752	c19	CAMK2D
2.92211835591255e-08	0.188577512880127	0.086	0.124	0.000578287222635093	c19	RHOT2
2.93068744936934e-08	0.115902769269168	0.033	0.057	0.000579983046230192	c19	RABGAP1
3.10021020729911e-08	0.173899624811574	0.068	0.102	0.000613531600024494	c19	BROX
3.12881525559541e-08	0.167516080322355	0.086	0.123	0.000619192539082332	c19	TRAF5
3.13388695572197e-08	0.182213601251725	0.048	0.076	0.000620196228537378	c19	N4BP2
3.30172780110105e-08	0.184368524875295	0.045	0.072	0.000653411931837898	c19	ZNF720
3.30529903924323e-08	0.854821265440255	0.188	0.167	0.000654118679866235	c19	JAML
3.35136843411204e-08	0.193543152515478	0.038	0.063	0.000663235813110772	c19	COMMD3
3.35348170382246e-08	0.227056478675452	0.086	0.124	0.000663654029186464	c19	PCID2
3.37165961615066e-08	0.17232507590537	0.054	0.084	0.000667251438036216	c19	CIZ1
3.39372121241156e-08	0.129630731201396	0.059	0.09	0.000671617427936248	c19	SNX14
3.4233456688448e-08	0.229019499527231	0.069	0.102	0.000677480107864386	c19	LRCH4
3.44809834465431e-08	0.257878029094573	0.131	0.182	0.000682378662407088	c19	GON4L
3.49238247700182e-08	0.158464017310329	0.075	0.11	0.000691142492198661	c19	CCNC
3.70800395314925e-08	0.192512289737598	0.09	0.129	0.000733813982328236	c19	JAGN1
3.7421578226278e-08	1.1969111064115	0.052	0.035	0.000740573033098041	c19	ANKAR
3.78468118905227e-08	0.197185073201944	0.061	0.093	0.000748988407313444	c19	KIF13B
3.9786604757949e-08	0.227320032912353	0.064	0.096	0.00078737690815981	c19	PAXBP1
4.00447177128921e-08	0.105794456097224	0.16	0.213	0.000792484963538135	c19	PTPN6
4.02274949397766e-08	0.106320643395173	0.053	0.081	0.000796102124858178	c19	RMDN1
4.04354872258336e-08	0.187352329708191	0.06	0.091	0.000800218292199247	c19	PYROXD1
4.05373508143133e-08	0.154415482262304	0.066	0.098	0.00080223417261526	c19	PPP6R2
4.13118578560827e-08	1.51581135441298	0.014	0.006	0.000817561666971876	c19	PLAG1
4.2838287254096e-08	0.278064484220078	0.137	0.189	0.00084776970475856	c19	SETX
4.37942635527855e-08	0.160105453756911	0.11	0.153	0.000866688475709624	c19	LIX1L
4.41222543483308e-08	0.129976696236118	0.058	0.088	0.000873179413553467	c19	MAML1
4.43597265124321e-08	0.101524980843871	0.034	0.057	0.000877878987681031	c19	RNF121
4.46108694315137e-08	0.162930931032877	0.101	0.143	0.000882849106049656	c19	CCDC115
4.50205530239787e-08	0.259329159439677	0.178	0.24	0.000890956744344538	c19	DNAJB14
4.57091764667352e-08	0.258619783023161	0.118	0.164	0.00090458460227669	c19	DCK
4.80543155835952e-08	0.110390680305735	0.035	0.059	0.000950994905399348	c19	TRIM37
4.8117105842036e-08	1.37427134330482	0.033	0.02	0.000952237524613891	c19	ZNF251
4.8149010949801e-08	0.126173703726235	0.042	0.068	0.000952868926696562	c19	CEP164
4.85820434535352e-08	0.125581041177222	0.031	0.054	0.000961438639945461	c19	RAB39B
4.86174825559385e-08	0.174587078119357	0.039	0.064	0.000962139979782022	c19	GLE1
5.0862586416696e-08	0.140517697348726	0.045	0.071	0.00100657058518641	c19	EIF4E3
5.10050796697599e-08	0.173677105247303	0.061	0.092	0.00100939052666455	c19	CD151
5.1369381229861e-08	0.122544956579158	0.059	0.089	0.00101660005453895	c19	LCOR
5.45769026714144e-08	0.226800068083228	0.084	0.121	0.00108007690386729	c19	MPV17
5.53249414486739e-08	0.210371501576872	0.075	0.11	0.00109488059126926	c19	DCTD
5.65962508442342e-08	0.11676773689843	0.028	0.05	0.00112003980420739	c19	MED24
5.7598983342336e-08	0.216630965348801	0.067	0.099	0.00113988388034483	c19	GAK
5.77219119192501e-08	0.167333700430821	0.097	0.136	0.00114231663688196	c19	NUDCD2
6.01937483901508e-08	0.295912727631741	0.106	0.149	0.00119123428064109	c19	NCBP2
6.05200397898739e-08	0.240238495026242	0.15	0.204	0.0011976915874416	c19	RALBP1
6.2205878858947e-08	0.243068418485221	0.074	0.108	0.00123105434261856	c19	FAM136A
6.27233559058206e-08	0.205797293453023	0.054	0.083	0.00124129521337619	c19	WDFY1
6.28510144021492e-08	0.153993039057074	0.097	0.136	0.00124382157501853	c19	GNPTAB
6.32631067243074e-08	0.15738206092406	0.081	0.116	0.00125197688207404	c19	ARL2
6.41696516537207e-08	0.192716387866573	0.053	0.081	0.00126991740622713	c19	DCAF10
6.58667301727236e-08	0.103227141206731	0.037	0.06	0.0013035025901182	c19	STX7
6.6155084143146e-08	0.280060287803792	0.062	0.094	0.00130920911519286	c19	SMC6
6.71318129820309e-08	0.157589961874612	0.104	0.145	0.00132853857891439	c19	THAP11
6.7328733413239e-08	0.165980750235389	0.185	0.247	0.001332435634248	c19	PIAS1
6.87274632470134e-08	0.189964317774674	0.046	0.072	0.0013601164976584	c19	DDX1
6.87867472922618e-08	0.186131067679759	0.157	0.212	0.00136128972891386	c19	POLR2G
7.17466676020146e-08	2.1518342328523	0.011	0.004	0.00141986655184387	c19	ZNF514
7.26815670495698e-08	1.74722363634796	0.025	0.014	0.00143836821191099	c19	HBA2
7.31746391502176e-08	0.174306259989102	0.114	0.157	0.00144812610878281	c19	RCN2
7.5266548370299e-08	0.120086619515452	0.037	0.061	0.00148952499224822	c19	GTF2H3
7.58102206662146e-08	0.192333427791345	0.063	0.094	0.00150028426698439	c19	MAPKAP1
7.93141592737623e-08	0.127259371693758	0.066	0.098	0.00156962721202776	c19	CA5B
8.19494009436034e-08	0.23091904235389	0.092	0.131	0.00162177864467391	c19	STX10
8.34545570220888e-08	0.149628370709694	0.242	0.322	0.00165156568346714	c19	COX7A2L
8.39233532002888e-08	1.53171255923429	0.013	0.006	0.00166084315983372	c19	ADAM23
8.55329035395641e-08	0.148624425005056	0.071	0.103	0.00169269616104797	c19	IBTK
8.69287343445769e-08	0.12691957958258	0.281	0.368	0.00172031965267918	c19	ZAP70
8.77659102420141e-08	0.134398799917864	0.075	0.108	0.00173688736368946	c19	CEP85L
9.05935207944122e-08	0.376011390451997	0.516	0.578	0.00179284577652142	c19	GSTK1
9.38495406769779e-08	0.226713644297569	0.078	0.113	0.00185728240999739	c19	EP400
9.63485763553719e-08	0.120309168479312	0.053	0.081	0.00190673832607281	c19	ARMCX6
9.64875538627947e-08	0.169470343788101	0.11	0.153	0.00190948869094471	c19	SPG7
9.91962200142855e-08	1.92265595653642	0.013	0.006	0.00196309319408271	c19	SPACA6
1.02067866265445e-07	0.122213645441238	0.103	0.142	0.00201992307339315	c19	TRAPPC5
1.06847317416323e-07	0.247783190480077	0.08	0.115	0.00211450841166904	c19	PTCD3
1.07695889971897e-07	0.119188117806791	0.05	0.078	0.00213130166254384	c19	RXRB
1.07727081049022e-07	0.250209127252275	0.064	0.095	0.00213191893396014	c19	GGCT
1.11277743272736e-07	0.164676694145355	0.078	0.113	0.00220218653936744	c19	MRPL40
1.11664161362964e-07	0.27760007658346	0.141	0.192	0.00220983375337305	c19	PDS5A
1.14967259509935e-07	0.190075563979119	0.11	0.153	0.0022752020657016	c19	PCMTD1
1.15304421210402e-07	0.100086475663796	0.042	0.066	0.00228187449575385	c19	AC091959.3
1.17558280165078e-07	0.103407595276738	0.023	0.042	0.00232647836446689	c19	SLC25A16
1.17674525496422e-07	1.87780271556761	0.012	0.005	0.00232877885957419	c19	LTK
1.17707596834628e-07	0.129387367492336	0.045	0.07	0.0023294333413573	c19	MAU2
1.19513693201787e-07	0.195455138918083	0.065	0.095	0.00236517598846337	c19	PRPF3
1.21979990405405e-07	0.107319994774899	0.036	0.059	0.00241398401012296	c19	WDTC1
1.22330870132997e-07	0.159168938228039	0.077	0.111	0.002420927919932	c19	ZNF524
1.23697747084625e-07	0.108860103668379	0.064	0.095	0.00244797841480472	c19	APOL3
1.25257003860974e-07	0.165835458184968	0.181	0.241	0.00247883610640868	c19	TSEN54
1.33299447195126e-07	1.84349925474598	0.017	0.008	0.00263799605999154	c19	PLEKHG3
1.37371824161596e-07	0.162107470379425	0.059	0.088	0.00271858840015798	c19	ARRDC3
1.406282559603e-07	1.84612373463632	0.013	0.006	0.00278303318545433	c19	ZNF208
1.44418367390401e-07	0.311260790538158	0.102	0.142	0.00285803949065604	c19	RBM26
1.44676906174295e-07	0.168620843093946	0.055	0.083	0.0028631559731893	c19	ZNF580
1.45348817066412e-07	0.107351644820354	0.044	0.069	0.0028764530897443	c19	MRPL45
1.48641543219224e-07	0.199970689043174	0.76	0.849	0.00294161614030845	c19	ITM2B
1.48915237051183e-07	0.136798569761291	0.054	0.082	0.00294703254124291	c19	CCNB1IP1
1.49952791807185e-07	0.132527188919807	0.295	0.388	0.00296756574986418	c19	DHRS7
1.50876171456749e-07	0.222722157104323	0.093	0.13	0.00298583943312906	c19	ERBIN
1.51427796307935e-07	1.4178217637234	0.038	0.024	0.00299675608893403	c19	KCTD7
1.52836785155246e-07	0.116660017054388	0.042	0.067	0.00302463997822232	c19	PHF6
1.54274902168604e-07	0.22732370152055	0.072	0.104	0.00305310031391667	c19	RPS6KA1
1.56130032769526e-07	0.16837626898724	0.054	0.081	0.00308981334850893	c19	LRCH3
1.56364194271982e-07	0.11893556279605	0.04	0.064	0.00309444740464252	c19	FBXO42
1.63182860565032e-07	0.263939297567036	0.055	0.082	0.00322938881058199	c19	ATAD2B
1.65403680624495e-07	0.216146917849762	0.153	0.206	0.00327333883955875	c19	DNAJC19
1.68730767113665e-07	0.220005932107204	0.062	0.092	0.00333918188117944	c19	SDHAF2
1.69141177940671e-07	0.153971653920473	0.05	0.076	0.00334730391144589	c19	OSBPL3
1.70381427843742e-07	0.232778222440794	0.18	0.242	0.00337184845702765	c19	NENF
1.77857810431732e-07	0.283834816612424	0.131	0.18	0.00351980606844398	c19	DENR
1.79286936698618e-07	0.193334225307339	0.186	0.246	0.00354808847726564	c19	UTRN
1.79317461246118e-07	0.160490503909439	0.058	0.087	0.00354869255806067	c19	GGA1
1.81051148583333e-07	0.148827852519751	0.039	0.063	0.00358300223046417	c19	MTOR
1.8559585155652e-07	0.152109230923539	0.035	0.058	0.00367294190230353	c19	ZNF426
1.85623767102792e-07	0.295540379595621	0.177	0.238	0.00367349435096426	c19	TTC3
1.94678178033923e-07	0.236136342447343	0.135	0.183	0.00385268114329133	c19	GRAP2
1.94967645382015e-07	0.200319987375177	0.068	0.098	0.00385840970211008	c19	POU2F2
1.97218565850916e-07	0.182217010103665	0.131	0.177	0.00390295541818963	c19	DHPS
2.00410130451429e-07	0.114306857898937	0.313	0.411	0.00396611648163377	c19	TRAPPC1
2.02184827946355e-07	0.120661630190933	0.046	0.071	0.00400123774505837	c19	ANTXR2
2.04673008054978e-07	0.178685451675771	0.073	0.104	0.00405047882940801	c19	WASHC2C
2.06098946357182e-07	0.163340081372617	0.067	0.098	0.00407869814840864	c19	FAM208B
2.06481623129136e-07	0.155349980562172	0.091	0.127	0.0040862713217256	c19	FOXN2
2.16500516858897e-07	0.168143715379068	0.073	0.106	0.00428454522863758	c19	ASB8
2.1856866077369e-07	0.173782501234255	0.043	0.068	0.00432547379671133	c19	HTT
2.22108199259112e-07	0.127132259744926	0.049	0.075	0.00439552126333783	c19	ZNF274
2.26657175237407e-07	0.181842363088031	0.186	0.247	0.00448554549794829	c19	ARRB2
2.30150349159566e-07	0.151921704562401	0.037	0.06	0.00455467540986781	c19	AAAS
2.30176175288821e-07	0.1545377852587	0.051	0.078	0.00455518650896578	c19	ATP9B
2.41864873806e-07	0.114508314313474	0.079	0.111	0.00478650585262073	c19	STN1
2.52182912902888e-07	0.216870442250211	0.045	0.07	0.00499069984634816	c19	MBD2
2.69220723425458e-07	0.152775411430962	0.125	0.169	0.00532787811658981	c19	SAMD9
2.73499709724117e-07	0.261108497412047	0.035	0.057	0.00541255925544028	c19	ABCB8
2.8393576072328e-07	0.239142441957557	0.08	0.113	0.0056190887047137	c19	ABCE1
2.84650538322202e-07	0.112216250226501	0.044	0.068	0.00563323415339638	c19	AGK
2.85210740630396e-07	0.109409551841409	0.042	0.066	0.00564432055707553	c19	PARP6
2.86595793983677e-07	0.278805270703484	0.189	0.254	0.00567173076293697	c19	SNRNP70
2.87259773485527e-07	0.186234296419009	0.054	0.081	0.00568487091727857	c19	MAPKAPK5
2.87455290054621e-07	0.233129402300225	0.084	0.119	0.00568874019018094	c19	CTDSP2
2.88634542018721e-07	0.10144916827203	0.023	0.042	0.00571207758655048	c19	OPA3
2.9318177348045e-07	0.256457673607756	0.076	0.109	0.0058020672971781	c19	LPP
3.0746251186693e-07	0.139529307755849	0.045	0.07	0.00608468310984654	c19	ARL3
3.10602563144763e-07	0.15367069535136	0.057	0.084	0.00614682472463487	c19	TRAK2
3.15755764548149e-07	0.254706468172675	0.2	0.266	0.00624880658040788	c19	PHF3
3.18457209048293e-07	0.243874390001875	0.097	0.135	0.00630226816706571	c19	CAPN7
3.20882110246869e-07	0.245756927276769	0.1	0.14	0.00635025696178554	c19	MRPL16
3.23838497405035e-07	0.245247577634429	0.066	0.096	0.00640876386364565	c19	HDAC7
3.27243960918652e-07	0.198289145762785	0.09	0.125	0.00647615798658011	c19	PPP3CB
3.33176173647886e-07	0.112182317727227	0.038	0.061	0.00659355647649167	c19	GMPPB
3.33851507864833e-07	0.120931943537649	0.06	0.088	0.00660692134064504	c19	PSMG4
3.34290611277537e-07	0.796560180508954	0.226	0.213	0.00661561119718246	c19	RIPOR2
3.38673235447076e-07	0.137929119567085	0.051	0.077	0.00670234332949764	c19	ZDHHC7
3.40973580476042e-07	0.223767851691571	0.056	0.084	0.00674786715762087	c19	TAF2
3.46519465280805e-07	0.301196381132384	0.072	0.104	0.00685762021790713	c19	ZRSR2
3.46897386660653e-07	0.206892991476982	0.105	0.145	0.00686509928201433	c19	BRI3
3.4889530643132e-07	0.29086810313229	0.105	0.145	0.00690463811427581	c19	ARID1A
3.48909661997543e-07	0.190109866083104	0.039	0.062	0.00690492221093138	c19	ZNF654
3.56893730488089e-07	1.56291425450199	0.022	0.012	0.00706292692635927	c19	SAP25
3.59047245019673e-07	0.140781663373232	0.024	0.043	0.00710554497893934	c19	SARDH
3.80923509415674e-07	0.2412845507568	0.086	0.122	0.00753847625133619	c19	PTPN18
3.85311671656958e-07	0.148669196380096	0.042	0.065	0.0076253179820912	c19	ZDHHC5
3.89427455313319e-07	0.115303442387816	0.04	0.063	0.00770676934065059	c19	VAV3
3.89587681729871e-07	0.193634354471659	0.049	0.075	0.00770994022143415	c19	HDAC10
3.95893828585435e-07	0.150738793585106	0.04	0.063	0.00783473886770577	c19	NCLN
3.98789230702906e-07	0.256374131771261	0.171	0.229	0.0078920388756105	c19	ORMDL1
4.03478319206255e-07	0.277057070292968	0.091	0.128	0.00798483593709178	c19	RRN3
4.1032053380666e-07	0.113663083636874	0.298	0.389	0.00812024336403379	c19	PPP1R18
4.17383636970338e-07	0.219152521795838	0.115	0.157	0.00826002217564298	c19	EFCAB14
4.23562540266092e-07	0.291679782733581	0.114	0.156	0.00838230267186595	c19	BAZ2A
4.27332227049568e-07	0.159993827021467	0.046	0.07	0.00845690477331095	c19	AIDA
4.36477088449618e-07	0.116749832535624	0.042	0.065	0.00863788158041795	c19	DCUN1D1
4.36920331400451e-07	0.167291857088027	0.189	0.248	0.00864665335841493	c19	ATRAID
4.40385982661881e-07	0.232842206533943	0.105	0.143	0.00871523859687863	c19	CABIN1
4.4751088776865e-07	0.243850628516487	0.225	0.3	0.00885624046894158	c19	CGGBP1
4.5923740333064e-07	0.292322371198365	0.129	0.174	0.00908830821191337	c19	PJA2
4.63702002986047e-07	0.258961550308111	0.048	0.073	0.00917666263909386	c19	FAM126B
4.68150093631591e-07	0.158906643277949	0.07	0.1	0.00926469035296919	c19	KIDINS220
4.7118866488831e-07	0.174033257299255	0.306	0.4	0.00932482367813966	c19	IL2RG
4.76526094901628e-07	0.131647795207648	0.056	0.082	0.00943045141810322	c19	RDH14
4.8122807869157e-07	0.26524640212266	0.149	0.199	0.00952350367730617	c19	SSH2
4.81395521549531e-07	0.245074418052826	0.063	0.091	0.00952681737146522	c19	USB1
4.8352616692499e-07	0.131342165352239	0.035	0.057	0.00956898284344556	c19	PIK3C2A
5.07291948868239e-07	0.178423709296516	0.081	0.113	0.0100393076681024	c19	C15orf40
5.07460347022419e-07	0.796044983482868	0.185	0.166	0.0100426402675737	c19	TIMP1
5.11446974607801e-07	0.178193411381989	0.053	0.079	0.0101215356274884	c19	CEP290
5.1491265403296e-07	0.117109888280154	0.027	0.047	0.0101901214233123	c19	QKI
5.31156198612238e-07	0.284912458563848	0.143	0.193	0.0105115811705362	c19	SCAMP3
5.35544392930071e-07	0.212520427918025	0.088	0.123	0.0105984235360861	c19	CUL5
5.37368376172023e-07	1.1898270657717	0.095	0.076	0.0106345201644443	c19	TNFSF13B
5.53647043590345e-07	0.211820863231509	0.071	0.101	0.0109566749926529	c19	TBC1D20
5.55149519118515e-07	0.667325434662926	0.244	0.231	0.0109864089833554	c19	TGFBR2
5.62864656678565e-07	0.295563451580947	0.099	0.136	0.0111390915556688	c19	SPATA13
5.66638376797867e-07	0.183805139294428	0.043	0.067	0.0112137734768298	c19	RAD9A
5.71940205041935e-07	0.133200400626785	0.032	0.053	0.0113186966577799	c19	COQ5
5.79786189882987e-07	0.244065885183328	0.064	0.093	0.0114739686977843	c19	NBEAL2
5.81296520676304e-07	0.130332483874612	0.068	0.097	0.0115038581441841	c19	STAMBPL1
5.81539630612825e-07	0.157943957242614	0.043	0.066	0.0115086692898278	c19	KLHL6
5.92926195667565e-07	0.14648131112941	0.071	0.101	0.0117340094122611	c19	GTF2IRD2B
6.05140368802025e-07	1.24049153627359	0.047	0.032	0.0119757278985921	c19	RECK
6.08336139974434e-07	0.247408481435759	0.093	0.129	0.012038972210094	c19	RAB4A
6.12893149890063e-07	0.293040948049802	0.071	0.102	0.0121291554363244	c19	TPD52
6.18650160671269e-07	0.117063378094584	0.028	0.047	0.0122430866796844	c19	RFC4
6.30836294165064e-07	0.152458577963698	0.043	0.066	0.0124842502615266	c19	ATXN7L1
6.34313268631673e-07	0.2972241823161	0.117	0.159	0.0125530595862208	c19	MTERF4
6.42322662347606e-07	0.148011518637397	0.043	0.067	0.0127115654878591	c19	SEC23IP
6.52408575871832e-07	0.13146579109381	0.043	0.066	0.0129111657165036	c19	REXO4
6.53311376338902e-07	0.246541755850135	0.126	0.17	0.0129290321377469	c19	RBM6
6.68535696367647e-07	1.99656226182639	0.01	0.005	0.0132303214311157	c19	HIST1H2BE
6.70955207102995e-07	0.270141517423929	0.157	0.209	0.0132782035485683	c19	ZNF638
6.83018676724507e-07	0.295128212719828	0.072	0.102	0.013516939612378	c19	CNOT11
7.06316824351014e-07	0.113157998497375	0.032	0.053	0.0139780099539066	c19	RPUSD4
7.60721815823985e-07	0.21060185720133	0.037	0.058	0.0150546847351567	c19	THOC5
7.66464444102143e-07	0.211409816842803	0.062	0.09	0.0151683313487814	c19	ITPKB
7.83583005292592e-07	0.107935488976039	0.044	0.068	0.0155071076747404	c19	MAP3K11
7.94436536240532e-07	0.172976179229865	0.19	0.249	0.0157218990522001	c19	SASH3
7.94800167017643e-07	0.283436866366073	0.083	0.116	0.0157290953052792	c19	NOL8
7.96075583054891e-07	0.156428125396443	0.048	0.072	0.0157543357886563	c19	COPS7A
8.25302074176899e-07	0.223946030750663	0.043	0.066	0.0163327280479608	c19	ANKFY1
8.30715610267213e-07	1.78039327799052	0.012	0.005	0.0164398619271881	c19	ZFP3
8.55201026877406e-07	0.279447226214478	0.06	0.087	0.0169244283219039	c19	TOP2B
8.58155917131196e-07	0.200113400306184	0.046	0.07	0.0169829056000264	c19	PIGS
8.60447803494165e-07	0.103713309457376	0.065	0.093	0.0170282620311495	c19	MRPL24
8.60736808617232e-07	0.231034087133875	0.18	0.238	0.017033981442535	c19	DDT
8.69647583216293e-07	0.28104249098867	0.079	0.111	0.0172103256718504	c19	COMTD1
8.93949734739604e-07	0.169010454954309	0.039	0.061	0.0176912652504968	c19	RAB3IP
9.67165600769565e-07	0.267918085328802	0.258	0.339	0.0191402072392297	c19	SIGIRR
9.6949356681612e-07	0.251672059649001	0.091	0.126	0.019186277687291	c19	LYRM2
9.81004736186301e-07	0.283462947370649	0.095	0.131	0.0194140837291269	c19	CUL4A
1.00421788665652e-06	0.170783903337291	0.029	0.048	0.0198734719769324	c19	GPR107
1.01171017412596e-06	0.189758014474863	0.072	0.101	0.0200217443459527	c19	ZNF831
1.02674242275887e-06	0.248044840795337	0.162	0.215	0.020319232546398	c19	BIRC6
1.03696428993771e-06	0.201865189890299	0.036	0.056	0.0205215232978672	c19	ZCCHC9
1.05473192978726e-06	0.250486055105958	0.07	0.099	0.0208731448904899	c19	HERC2
1.06228153556048e-06	0.132252339482266	0.056	0.082	0.0210225515887419	c19	METTL16
1.06993157255092e-06	0.232307685351739	0.108	0.147	0.0211739458207828	c19	PQLC3
1.07709112687076e-06	0.276372166902137	0.104	0.141	0.0213156334007723	c19	PIK3CD
1.10934440335714e-06	0.153498741432554	0.063	0.09	0.0219539257424377	c19	SFMBT2
1.11053768511052e-06	0.121330911660597	0.042	0.065	0.0219775407883372	c19	RASSF3
1.11992827634457e-06	0.180861098809609	0.1	0.136	0.0221633805888591	c19	IPCEF1
1.12041062198132e-06	0.176629882549636	0.058	0.084	0.0221729262090103	c19	NPRL2
1.12975092780016e-06	0.120614167832763	0.031	0.051	0.0223577708611652	c19	TIMM29
1.13703297499821e-06	0.16306419206954	0.027	0.045	0.0225018825752146	c19	RFWD3
1.14651063215739e-06	0.175663767858691	0.251	0.327	0.0226894454103948	c19	SNRPN
1.1470629930699e-06	0.260825312909236	0.097	0.133	0.0227003766328534	c19	TRIP11
1.17683301678822e-06	0.125117867461149	0.038	0.06	0.0232895254022388	c19	LIN7C
1.18994382602976e-06	0.277641725094721	0.105	0.144	0.023548988317129	c19	CREB1
1.23904127702944e-06	0.323385034151845	0.129	0.174	0.0245206268724127	c19	PUM2
1.24298060850357e-06	0.171684999667876	0.042	0.065	0.0245985862422856	c19	FCHSD1
1.25886926465648e-06	0.283741917584372	0.089	0.123	0.0249130227475517	c19	TRPM7
1.26111424734283e-06	0.181832806102963	0.063	0.09	0.0249574509549147	c19	CPNE7
1.2768639752021e-06	0.276250140922324	0.151	0.202	0.0252691380692495	c19	TEX264
1.27896293462606e-06	0.1911420849932	0.098	0.133	0.0253106764762497	c19	CARD11
1.2799534454315e-06	0.180442817942462	0.074	0.104	0.0253302786850893	c19	HACD3
1.30994461164588e-06	0.231982243959077	0.071	0.1	0.025923803864472	c19	DYM
1.31358108189333e-06	0.124181402253679	0.056	0.082	0.0259957696106689	c19	G2E3
1.3208907653468e-06	0.127756281117791	0.023	0.04	0.0261404282462131	c19	NUDCD1
1.3227083853578e-06	1.01191655264339	0.102	0.083	0.0261763989462308	c19	ZNF302
1.37588339653657e-06	0.202047723139176	0.048	0.071	0.0272287324174587	c19	USP7
1.39398759669977e-06	0.126374206962918	0.07	0.099	0.0275870145386885	c19	IFI44
1.43633168641545e-06	0.248390708927359	0.043	0.065	0.0284250040741618	c19	C12orf45
1.4526510672752e-06	0.313641352899794	0.516	0.573	0.0287479646213763	c19	MZT2B
1.48132454098618e-06	0.331627465846501	0.063	0.09	0.0293154126661166	c19	IKBKB
1.48150104733598e-06	0.112363671269911	0.046	0.069	0.029318905726779	c19	ZNF143
1.49057456082459e-06	0.152059037870889	0.049	0.072	0.0294984705587186	c19	TANGO2
1.53783574122451e-06	0.242792373003457	0.028	0.047	0.0304337693188331	c19	APAF1
1.53882396332865e-06	0.262853352852917	0.622	0.697	0.0304533262342741	c19	C12orf57
1.54339113846433e-06	0.286484085954559	0.085	0.118	0.0305437106302091	c19	ENOPH1
1.55078038957374e-06	0.191351078645645	0.098	0.134	0.0306899439096642	c19	YDJC
1.55557172125228e-06	0.174756527466239	0.06	0.087	0.0307847643635826	c19	LZIC
1.55577074612605e-06	0.11306046840512	0.029	0.047	0.0307887030658346	c19	TTF2
1.6227822367438e-06	0.224566584916748	0.107	0.144	0.0321148604651599	c19	DHX29
1.63671560193209e-06	0.225779535559002	0.039	0.061	0.0323906017622361	c19	YEATS2
1.64342170360249e-06	1.31440770132979	0.032	0.02	0.0325233155142933	c19	PRAG1
1.64991571901015e-06	0.180097866153308	0.084	0.115	0.0326518320792109	c19	TMED3
1.68457436505964e-06	0.168917026423963	0.065	0.092	0.0333377266845302	c19	CEP95
1.70225232611754e-06	0.248682229796295	0.043	0.066	0.0336875735338662	c19	FCHO1
1.71959755692097e-06	0.151787252738068	0.053	0.077	0.034030835651466	c19	AKAP11
1.72239178577709e-06	0.158323277277105	0.026	0.044	0.0340861334405287	c19	DHFR
1.73614592596152e-06	0.120586200333897	0.032	0.051	0.0343583278747786	c19	UCK1
1.74905584280456e-06	0.298847225531198	0.094	0.128	0.0346138151291023	c19	PPP6R1
1.75853624174156e-06	0.219021543286323	0.094	0.128	0.0348014322240654	c19	ADAM8
1.80189298119689e-06	0.203209522315854	0.2	0.261	0.0356594620978865	c19	PET100
1.80320162770347e-06	1.20857502142126	0.045	0.031	0.0356853602122517	c19	C1RL
1.81249285339682e-06	1.3400055342958	0.023	0.013	0.035869233568723	c19	SLC16A13
1.82090678465789e-06	0.107339060679704	0.041	0.062	0.0360357452683796	c19	SREBF2
1.82817495685556e-06	0.166774612970034	0.019	0.035	0.0361795823961715	c19	TKFC
1.83942600426707e-06	0.168033405534973	0.071	0.1	0.0364022406244454	c19	KAT8
1.86320716173813e-06	0.25982055499449	0.095	0.13	0.0368728697307976	c19	DCAF8
1.87011763086651e-06	0.266883745005962	0.123	0.165	0.0370096279148483	c19	TFAM
1.8945089648709e-06	0.205631476203021	0.069	0.097	0.0374923324147952	c19	SLC35C2
1.9158625262964e-06	1.23925382687323	0.039	0.026	0.0379149193954057	c19	ZBTB16
1.91915763949577e-06	0.229589817838521	0.087	0.12	0.0379801296856212	c19	LTA4H
1.93148057965426e-06	0.181699428434254	0.022	0.039	0.0382240006713578	c19	CEP128
1.99161462837201e-06	0.833907371256718	0.146	0.127	0.0394140534954822	c19	RASGRP2
2.00695017453402e-06	0.239033612358581	0.128	0.17	0.0397175439540283	c19	RPA2
2.01842879760228e-06	0.233411890025711	0.073	0.102	0.0399447059045491	c19	LRRC8C
2.05235685797427e-06	0.226749505782606	0.059	0.084	0.0406161422193108	c19	NBAS
2.05674589584373e-06	0.117659222335816	0.027	0.045	0.0407030012787473	c19	DGAT1
2.07856206376112e-06	1.32226178676589	0.019	0.01	0.0411347432418326	c19	OBSCN
2.11319207574537e-06	1.22547229631342	0.037	0.025	0.0418200711790009	c19	HIST4H4
2.13560213238361e-06	0.14025871522418	0.058	0.083	0.0422635661998717	c19	PRCP
2.16759572151199e-06	0.208211871286478	0.079	0.109	0.0428967193287222	c19	ZC3H8
2.17578329684063e-06	0.151648808801091	0.146	0.192	0.0430587514444761	c19	HSD17B11
2.23098432227141e-06	0.21814015622593	0.089	0.122	0.0441511797377512	c19	CDK4
2.24938534958902e-06	0.100846429569981	0.029	0.047	0.0445153360683667	c19	CC2D1A
2.25273026800303e-06	0.269100510138601	0.208	0.274	0.04458153200378	c19	DDX46
2.25534620080103e-06	0.116884112745678	0.041	0.062	0.0446333013138523	c19	IPO8
2.26818942131299e-06	0.163460397433693	0.04	0.061	0.044887468647784	c19	PRKAB1
2.2864556465476e-06	0.179999867131582	0.051	0.075	0.045248957245177	c19	COMMD9
2.28997062014227e-06	0.171755044242761	0.057	0.082	0.0453185185726155	c19	TTF1
2.29055689378026e-06	0.273648123615012	0.064	0.091	0.0453301209279114	c19	NSUN5
2.29655795206213e-06	0.224881497664912	0.065	0.092	0.0454488818713095	c19	TRAPPC12
2.31465313299886e-06	0.183693786803093	0.06	0.086	0.0458069855020475	c19	SCAPER
2.32956126632516e-06	0.155668811170881	0.062	0.088	0.0461020174605749	c19	MIB2
2.33930743126556e-06	0.297690779967486	0.068	0.096	0.0462948940647454	c19	MAP3K4
2.37370381166408e-06	0.284229560429268	0.072	0.101	0.0469755984328322	c19	YTHDC2
2.3908978058838e-06	0.102297261941828	0.377	0.497	0.0473158675784404	c19	UXT
2.4349050232069e-06	1.46240662549548	0.014	0.007	0.0481867704092646	c19	ZNF485
2.47088190386879e-06	0.177165544551364	0.08	0.11	0.0488987528775633	c19	PUM3
2.4806046011087e-06	0.273167372143181	0.158	0.21	0.0490911650559411	c19	CHD3
2.49976832318362e-06	0.292938440957094	0.113	0.152	0.0494704151158037	c19	CCDC69
2.50339926417108e-06	0.257135508380285	0.089	0.122	0.0495422714379456	c19	ERO1A
