p_val	avg_log2FC	pct.1	pct.2	p_val_adj	cluster	gene
0	2.02014032863615	0.823	0.278	0	c9	CCR7
0	2.1000658088448	0.557	0.145	0	c9	S1PR1
0	1.46918193410373	0.745	0.34	0	c9	CD55
0	1.3883893442308	0.753	0.368	0	c9	KLF2
0	1.24559264772995	0.736	0.368	0	c9	GPR183
0	1.36737020340427	0.578	0.23	0	c9	SC5D
0	1.45296246075282	0.593	0.247	0	c9	SELL
0	1.59622258010003	0.505	0.162	0	c9	TCF7
0	0.535225971392371	0.86	0.521	0	c9	LTB
0	0.735459054199415	0.935	0.607	0	c9	IL7R
0	1.01746541558871	0.816	0.495	0	c9	FAM177A1
0	1.5317334577138	0.479	0.166	0	c9	KLF3
0	1.56545533010757	0.451	0.149	0	c9	LEF1
0	1.01290164293233	0.825	0.538	0	c9	SLC2A3
0	1.60930946958043	0.447	0.163	0	c9	SESN3
0	1.04091017434353	0.536	0.253	0	c9	ABLIM1
0	0.940894316671266	0.701	0.419	0	c9	RNASET2
0	1.17520987546317	0.477	0.209	0	c9	ICAM2
0	1.46331001309388	0.383	0.117	0	c9	MAL
0	1.03865771223269	0.516	0.254	0	c9	USP36
0	1.1103357342594	0.48	0.219	0	c9	GPCPD1
0	0.804016922260121	0.877	0.618	0	c9	LDHB
0	0.698320740953052	0.902	0.648	0	c9	YPEL5
0	2.13807422335445	0.34	0.09	0	c9	PASK
0	0.569716097427379	0.949	0.704	0	c9	CREM
0	1.10729742872966	0.446	0.21	0	c9	SATB1
0	1.48392186615937	0.357	0.123	0	c9	AP3M2
0	0.690895752264983	0.921	0.688	0	c9	LEPROTL1
0	1.37906520558829	0.356	0.125	0	c9	FAAH2
0	2.10905179655526	0.293	0.074	0	c9	CMTM8
0	0.633895628201471	0.883	0.664	0	c9	NOP53
0	1.25979687279132	0.375	0.163	0	c9	ARRDC2
0	1.19056473306956	0.315	0.119	0	c9	RASGRP2
0	1.49614853068072	0.263	0.078	0	c9	PLAC8
0	0.769302940678749	0.952	0.775	0	c9	JUNB
0	2.27469650024142	0.218	0.042	0	c9	SCML1
0	1.70880150022961	0.241	0.066	0	c9	C1orf162
0	0.648308041005573	0.968	0.793	0	c9	FXYD5
0	0.809267632605273	0.969	0.803	0	c9	EEF1G
0	1.76428354119224	0.194	0.054	0	c9	PHLDB3
0	2.77917635757725	0.161	0.022	0	c9	LYPD3
0	0.608490504212342	0.955	0.817	0	c9	RPL7
0	1.17604977649099	0.988	0.852	0	c9	PABPC1
0	0.782427310037292	0.978	0.862	0	c9	RPL4
0	0.621776454235228	0.969	0.853	0	c9	EEF2
0	0.774810839580413	0.987	0.879	0	c9	EEF1B2
0	0.703085714330412	0.99	0.9	0	c9	RPL22
0	0.747679067201783	0.999	0.94	0	c9	SARAF
0	0.627542828247162	0.993	0.934	0	c9	RPL9
0	0.413977464246313	0.99	0.932	0	c9	UBA52
0	0.428255353732714	0.984	0.929	0	c9	RPL13A
0	0.566069063298637	0.994	0.942	0	c9	RPL10A
0	0.465839693728233	0.993	0.941	0	c9	NACA
0	0.458858902890521	0.994	0.944	0	c9	RPS21
0	0.587518804985046	0.993	0.944	0	c9	RPL21
0	0.667717510620783	0.997	0.95	0	c9	RPL5
0	0.544087018527168	0.993	0.946	0	c9	RPSA
0	0.657631771310735	0.996	0.951	0	c9	RPS5
0	0.448493846584331	0.994	0.951	0	c9	RACK1
0	0.505322833783283	0.996	0.958	0	c9	RPL36
0	0.500412344468892	0.998	0.96	0	c9	RPS9
0	0.44792614478272	0.996	0.96	0	c9	RPL17
0	0.367329779440155	0.997	0.964	0	c9	RPL15
0	0.551785225503434	0.997	0.968	0	c9	RPL37
0	0.555930343386633	0.998	0.969	0	c9	RPLP0
0	0.468296041699902	0.996	0.967	0	c9	RPS16
0	0.728650918929487	0.999	0.971	0	c9	RPL3
0	0.476544997290374	0.999	0.972	0	c9	RPLP2
0	0.491143761767074	0.998	0.972	0	c9	RPL14
0	0.415829470564533	0.996	0.971	0	c9	RPL6
0	0.574721353866679	0.998	0.974	0	c9	RPL29
0	0.725955660180927	0.999	0.975	0	c9	RPS6
0	1.0451598212019	0.998	0.974	0	c9	FTH1
0	0.686080632153415	0.998	0.975	0	c9	RPS13
0	0.72816256848435	1	0.979	0	c9	RPS3A
0	0.464803094892162	0.998	0.977	0	c9	RPL12
0	0.447625991469385	0.998	0.977	0	c9	RPS25
0	0.444419461372624	0.998	0.978	0	c9	RPL35A
0	0.621033207975638	0.999	0.979	0	c9	RPL34
0	0.544114618564241	0.999	0.979	0	c9	RPL8
0	0.518780102053612	0.999	0.979	0	c9	RPL18
0	0.566404767702873	1	0.981	0	c9	RPS4X
0	0.543487382198895	0.999	0.98	0	c9	RPL39
0	0.361171612140349	0.999	0.98	0	c9	RPL26
0	0.436750675456853	0.999	0.98	0	c9	RPS28
0	0.555496303354262	0.999	0.983	0	c9	RPS23
0	0.715112814849352	1	0.985	0	c9	RPL32
0	0.683896462456031	0.999	0.984	0	c9	RPS18
0	0.521274636311925	0.999	0.984	0	c9	RPS2
0	0.330377516856834	0.999	0.984	0	c9	RPS15
0	0.55647018817922	1	0.985	0	c9	RPL18A
0	0.66417552357975	0.999	0.985	0	c9	RPL11
0	0.733758161003249	1	0.987	0	c9	RPS8
0	0.518786711898323	0.999	0.986	0	c9	RPS14
0	0.603528098306399	0.999	0.986	0	c9	RPL19
0	0.56259544033685	1	0.988	0	c9	RPS27A
0	0.513677896742498	1	0.989	0	c9	RPL30
0	0.699690120602146	1	0.989	0	c9	TPT1
0	0.460902504380648	1	0.99	0	c9	RPS3
0	0.35477702258386	0.999	0.989	0	c9	RPS15A
0	0.64054558596801	1	0.991	0	c9	RPS12
0	0.602388996890805	1	0.994	0	c9	RPL13
0	0.539152698883924	1	0.995	0	c9	RPL10
0	0.441483273552397	1	0.996	0	c9	RPLP1
0	0.680784722676529	1	0.997	0	c9	EEF1A1
5.36293613282482e-307	0.323011359037955	0.998	0.982	1.06132506068603e-302	c9	RPS7
2.21940508264282e-291	0.791936957133848	0.618	0.342	4.39220265855015e-287	c9	RNF125
3.0716169791414e-290	0.920364849715868	0.551	0.298	6.07873000172082e-286	c9	PPP1CB
3.44158583044676e-284	0.380423251602243	0.991	0.934	6.81089835845413e-280	c9	RPL35
1.42490414033289e-279	1.00285472154943	0.501	0.263	2.81988529371879e-275	c9	WDR74
1.4260046797178e-277	1.83377703949187	0.141	0.036	2.82206326116153e-273	c9	ACTN1
1.9132542240018e-270	1.45583428019819	0.19	0.059	3.78633010929956e-266	c9	BEX2
1.18980380592896e-268	0.802646570727685	0.572	0.316	2.35462173193341e-264	c9	TMEM123
1.06103551595734e-266	1.36981014442873	0.214	0.072	2.09978928607958e-262	c9	SH3YL1
1.37228760348814e-265	0.30104625591678	0.999	0.981	2.71575716730303e-261	c9	RPL7A
6.80971553980249e-264	1.67119848048529	0.162	0.047	1.34764270532691e-259	c9	FXYD7
1.25831683859575e-261	1.47111861552945	0.207	0.07	2.49020902358098e-257	c9	BACH2
5.81482142077137e-261	1.41516670829807	0.168	0.05	1.15075315917065e-256	c9	AC119396.1
2.8134949540392e-259	0.420027160385352	0.973	0.894	5.56790651404357e-255	c9	RPL27
2.60115051361396e-257	0.677910137280302	0.77	0.527	5.14767686644202e-253	c9	EIF3E
3.32224301319061e-257	1.0275920772827	0.489	0.263	6.57471892310421e-253	c9	SOD2
1.74809161135513e-254	0.970833181627145	0.47	0.247	3.4594732988718e-250	c9	CHMP1B
7.02865601567486e-253	0.619817394188894	0.884	0.693	1.39097102550206e-248	c9	EZR
3.45767334313169e-246	0.286464328283208	0.999	0.99	6.84273554605761e-242	c9	RPS19
4.63896619752549e-246	0.977804726603668	0.417	0.206	9.18051410490294e-242	c9	CRYBG1
2.90415091977042e-244	0.372199514098802	0.983	0.914	5.74731467022566e-240	c9	EEF1D
1.60626250223948e-236	1.61750999673251	0.156	0.047	3.17879349193194e-232	c9	CYSLTR1
3.13763087806162e-236	0.764608998362014	0.511	0.272	6.20937150768395e-232	c9	TRAT1
2.13164981607291e-234	0.31327548946757	0.995	0.955	4.21853498600829e-230	c9	RPL24
1.21262040791163e-231	0.72319959366754	0.695	0.445	2.39977578725711e-227	c9	ARID5A
4.70939021787136e-230	0.228144454136657	1	0.992	9.31988324116743e-226	c9	RPL28
8.68215307168309e-230	0.714317202365458	0.665	0.423	1.71819809288608e-225	c9	MBP
8.63598071492067e-226	1.19269219662768	0.242	0.096	1.7090605834828e-221	c9	TSHZ2
6.33329690361081e-225	0.787175318738448	0.579	0.343	1.25335945722458e-220	c9	NSMCE3
3.4257493269595e-221	0.793779072861239	0.548	0.319	6.77955791805284e-217	c9	DDX21
9.2686205181815e-217	0.450456496576865	0.94	0.819	1.83426000054812e-212	c9	RPL38
6.23550808857753e-215	1.06143249407379	0.255	0.105	1.23400705072949e-210	c9	SERINC5
2.50250758206092e-214	0.679919486971327	0.679	0.467	4.95246250489856e-210	c9	RPS4Y1
5.47748015183206e-213	0.690995181701265	0.522	0.294	1.08399332204757e-208	c9	PTGER4
7.12402473994968e-212	0.951014479092668	0.304	0.136	1.40984449603604e-207	c9	RASA3
1.05995501980221e-210	0.839686344824925	0.53	0.312	2.09765098418857e-206	c9	DCXR
1.09680484574334e-209	0.415220109840494	0.944	0.82	2.17057678972607e-205	c9	RPL31
2.05720280300259e-209	0.784959322587877	0.406	0.207	4.07120434714212e-205	c9	AREG
3.39247570798762e-209	0.411062786426099	0.982	0.886	6.71370942610749e-205	c9	ZFP36L2
4.42637168358366e-206	0.360696783352651	0.968	0.863	8.75978956181207e-202	c9	PFDN5
6.92030232729287e-205	0.69160491295998	0.52	0.294	1.36952783057126e-200	c9	CD28
7.2817555191911e-203	0.871151341749659	0.31	0.141	1.44105941724792e-198	c9	P2RY8
5.07340792940771e-200	1.38468472514049	0.174	0.062	1.00402742922979e-195	c9	PGAP1
6.73914638910283e-199	0.516557072595804	0.875	0.653	1.33367707040345e-194	c9	SELENOK
9.81778546923941e-199	0.291100367779419	0.999	0.987	1.94293974436248e-194	c9	RPS27
1.93198406676735e-198	1.05048599917738	0.25	0.107	3.82339646813258e-194	c9	CCR4
1.03130647868399e-197	0.243036211141895	0.999	0.978	2.04095552131562e-193	c9	FAU
4.99485835078725e-197	0.390678315791973	0.812	0.579	9.88482467620797e-193	c9	ANXA1
7.93979748382967e-194	0.277381529778837	0.994	0.963	1.57128592204989e-189	c9	RPL23A
1.49927063667886e-191	0.983264911674642	0.217	0.088	2.96705658998747e-187	c9	CTSL
9.22038158385374e-188	0.807917523497596	0.577	0.375	1.82471351544465e-183	c9	GLIPR1
3.06801298641667e-187	0.50503740502267	0.834	0.634	6.07159770011858e-183	c9	SF1
5.48823227632032e-187	0.665284676193455	0.527	0.308	1.08612116748379e-182	c9	MCUB
1.29102739924011e-185	1.29637401481614	0.199	0.079	2.55494322309618e-181	c9	SH3TC1
4.62806971833024e-185	0.651128056844794	0.534	0.316	9.15894997257555e-181	c9	FOXP1
5.86400846420413e-182	0.582843533832202	0.664	0.429	1.160487275066e-177	c9	SMAP2
7.04625843958391e-180	1.59384336937632	0.113	0.033	1.39445454519366e-175	c9	TAF4B
3.60350821973214e-176	0.447395402916686	0.875	0.702	7.1313427668499e-172	c9	RPS20
1.03174153653953e-175	0.37440322871765	0.94	0.821	2.04181650081173e-171	c9	RPS11
4.33086755780147e-174	0.661282020187053	0.523	0.314	8.5707868968891e-170	c9	FLT3LG
2.01217264577744e-171	0.508104346771414	0.764	0.547	3.98208966599355e-167	c9	RPS10
1.23699197513462e-169	0.631850572843927	0.498	0.292	2.44800711879141e-165	c9	P2RY10
1.0796331303592e-168	0.347204704364774	0.973	0.903	2.13659396498087e-164	c9	RPL37A
2.19253819861543e-166	0.976071953161259	0.235	0.104	4.33903309505993e-162	c9	SLC39A8
3.63390130515518e-166	0.568721512491072	0.673	0.462	7.19149068290211e-162	c9	EIF3L
5.19529571367922e-166	0.567047148849877	0.752	0.543	1.02814902173712e-161	c9	PDCD4
7.13485707145897e-166	2.16386201955195	0.059	0.012	1.41198821444173e-161	c9	SPON1
2.41748330631543e-164	0.824375000380669	0.441	0.26	4.78419946319824e-160	c9	RILPL2
7.4497367011544e-164	0.937121313049224	0.414	0.238	1.47430289315845e-159	c9	ALG13
2.66033719426183e-162	2.92299277042543	0.033	0.004	5.26480730744416e-158	c9	WNT7A
7.05117656971102e-159	0.989155872114694	0.234	0.105	1.39542784314581e-154	c9	HOOK2
1.64995555544347e-158	1.39957992568044	0.131	0.045	3.26526204422262e-154	c9	TRABD2A
1.71034163351864e-158	0.954223473051608	0.184	0.074	3.38476609273339e-154	c9	SPINT2
2.53639822073275e-158	0.795611253987972	0.338	0.177	5.01953207883011e-154	c9	ELL2
2.5695796900188e-158	0.376074818145447	0.92	0.779	5.0851982065472e-154	c9	TOMM7
9.59892421543888e-158	1.58697706843058	0.101	0.03	1.89962710223535e-153	c9	ZBTB10
7.89342008005452e-155	0.511834857418581	0.688	0.465	1.56210783384279e-150	c9	CDKN1B
8.02710617644468e-154	1.89738444502875	0.058	0.012	1.5885643123184e-149	c9	TCEA3
2.96979282494976e-153	0.944085341469428	0.246	0.115	5.87722000057557e-149	c9	TNFSF8
3.99812494465926e-152	1.20748306323907	0.157	0.06	7.91228926548068e-148	c9	DHCR7
6.94547582898799e-152	0.517509323807124	0.684	0.47	1.37450966655672e-147	c9	GSPT1
1.9991200768594e-151	1.21576463528242	0.134	0.047	3.95625863210475e-147	c9	APP
7.60690918076441e-151	0.943861870180154	0.237	0.109	1.50540732687328e-146	c9	CFAP36
3.47425556034719e-148	0.558342086259626	0.763	0.573	6.87555175392708e-144	c9	NR3C1
1.53080450530125e-147	1.37370452493701	0.109	0.035	3.02946211599118e-143	c9	TXK
3.80461438598882e-146	0.793900224126014	0.314	0.165	7.52933186987188e-142	c9	FBXO34
3.78267269258021e-142	1.38456859454498	0.109	0.036	7.48590925861624e-138	c9	FASN
4.17873628243484e-142	0.531287261956529	0.661	0.462	8.26971910293855e-138	c9	EIF4B
1.69663783029726e-140	1.21236646512464	0.143	0.054	3.35764626615828e-136	c9	LY96
1.30211687023862e-139	0.342366482948837	0.943	0.842	2.57688928620224e-135	c9	RPL27A
3.25585219754799e-139	0.358082919132049	0.925	0.784	6.44333149894747e-135	c9	HINT1
1.37616084385082e-138	0.662745588288204	0.406	0.237	2.72342230998077e-134	c9	ADD3
1.34884104691384e-137	0.686381751060156	0.489	0.311	2.66935643184249e-133	c9	NOSIP
1.90005098241251e-137	1.26479735624122	0.118	0.041	3.76020089419437e-133	c9	SPART
2.17153144871745e-137	1.19846094115727	0.132	0.048	4.29746073701184e-133	c9	CHD7
2.19261867304632e-137	0.516827127444481	0.601	0.408	4.33919235395867e-133	c9	PIK3R1
7.06866618004051e-135	0.299051508533505	0.962	0.863	1.39888903703002e-130	c9	NPM1
3.97528551094089e-134	0.461554121141627	0.738	0.549	7.86709002615202e-130	c9	RPL36A
2.73512129361063e-133	0.684137008118537	0.372	0.213	5.41280504005544e-129	c9	RNF138
3.2253059490984e-132	1.29806908049296	0.117	0.041	6.38288047326573e-128	c9	CRIP2
3.44378565898461e-132	1.03347020446394	0.171	0.072	6.81525181913054e-128	c9	BEX4
5.6632248985787e-132	1.59231488480851	0.074	0.02	1.12075220742873e-127	c9	SLC40A1
6.47695897561344e-131	0.581935990786897	0.434	0.263	1.2817901812739e-126	c9	SOCS3
1.06128500001855e-130	0.784606873828943	0.262	0.132	2.10028301503671e-126	c9	LSR
1.21324505184085e-130	1.7925514656976	0.061	0.015	2.40101195759305e-126	c9	GRASP
2.66112929692097e-130	0.47632782342008	0.525	0.331	5.26637487860661e-126	c9	CAMK4
4.1628700027539e-130	0.586282757889013	0.453	0.277	8.23831973544997e-126	c9	CYTH1
3.65453158796563e-129	1.58127090562861	0.085	0.026	7.23231801258398e-125	c9	GCSAM
5.32537284654572e-129	0.547741714458788	0.589	0.394	1.0538912863314e-124	c9	BCAS2
8.73993566182999e-129	1.04229936721662	0.201	0.094	1.72963326747616e-124	c9	NFATC1
3.92131562902498e-128	0.47142510535047	0.679	0.485	7.76028362984043e-124	c9	AES
5.22811073430666e-126	0.60697798729405	0.443	0.272	1.03464311431929e-121	c9	ISCA1
1.19135870280833e-125	0.387007941935435	0.83	0.651	2.35769887285768e-121	c9	SERP1
1.7751627496773e-125	0.967943497154601	0.142	0.056	3.51304708161138e-121	c9	ANK3
3.27974388051601e-125	0.587587044588948	0.514	0.332	6.49061313954119e-121	c9	VPS37B
5.41674911556315e-124	0.62863345410158	0.414	0.249	1.07197464996995e-119	c9	TMEM243
6.49877730356661e-124	0.429825222833616	0.708	0.502	1.28610802837583e-119	c9	RHOH
3.45484985433547e-122	0.712954886563565	0.309	0.17	6.8371478617299e-118	c9	IRF2BP2
5.33700193074023e-120	1.20518790541624	0.121	0.046	1.05619268209349e-115	c9	CXCR5
2.94927491443278e-118	0.434038154500095	0.632	0.435	5.83661505566248e-114	c9	SDCBP
3.06245482735498e-118	1.01033554885133	0.181	0.084	6.06059810333551e-114	c9	CMSS1
4.04160770490034e-117	0.767435856462692	0.169	0.074	7.99834164799778e-113	c9	BEX3
1.10046501105501e-116	0.267519819750554	0.96	0.878	2.17782025687786e-112	c9	BTF3
1.72848164933081e-116	0.557523592574028	0.404	0.242	3.42066518402568e-112	c9	EVI2A
4.7022906572007e-115	0.470876775198271	0.655	0.467	9.30583321060018e-111	c9	RNF149
8.38262221574356e-114	0.713372230345128	0.252	0.131	1.65892093649565e-109	c9	HIVEP2
6.06663379965722e-113	0.518400849234957	0.517	0.343	1.20058682895216e-108	c9	SYAP1
6.22107681305881e-113	0.356674992556615	0.717	0.511	1.23115110130434e-108	c9	ZNF331
9.74906870016574e-113	0.451954032720495	0.619	0.427	1.9293406957628e-108	c9	SMDT1
2.22607533966274e-112	0.574767309857528	0.367	0.216	4.40540309719257e-108	c9	PER1
5.27463424468786e-112	0.820925592179115	0.266	0.144	1.04385011702373e-107	c9	NANS
1.4401325536624e-111	0.597804639599642	0.418	0.262	2.85002232369789e-107	c9	TNIK
1.6441461654475e-110	0.514986508250917	0.59	0.405	3.25376526142061e-106	c9	PRDX2
9.75487265541554e-110	0.609204789854635	0.275	0.148	1.93048929850673e-105	c9	SORL1
4.64278984964835e-109	0.431609656721936	0.557	0.369	9.18808111245409e-105	c9	SKIL
1.20876061784785e-108	1.71856325405095	0.057	0.015	2.3921372627209e-104	c9	VSIG1
5.3791145981312e-107	1.09846066089964	0.154	0.069	1.06452677897016e-102	c9	GPR18
1.2857607177769e-106	0.270949605669834	0.809	0.588	2.54452046048048e-102	c9	SPOCK2
1.43602748631324e-105	0.44817459921987	0.559	0.379	2.84189839541389e-101	c9	ARL4C
1.9737851648904e-105	0.621706290726453	0.334	0.196	3.9061208413181e-101	c9	TSPYL1
2.4384149711452e-105	0.350314595583714	0.53	0.339	4.82562322789634e-101	c9	FCMR
2.7518363605229e-105	0.388038636463358	0.692	0.495	5.44588415747483e-101	c9	STAT3
4.98986805812943e-105	0.995426477720418	0.121	0.048	9.87494888703814e-101	c9	ARMH1
1.13900092802246e-104	0.431335901553179	0.616	0.428	2.25408283655646e-100	c9	RSL1D1
2.51590544672051e-104	1.26551296248431	0.092	0.032	4.9789768790599e-100	c9	SNN
3.4539682647781e-101	0.780758499317455	0.127	0.052	6.83540319599587e-97	c9	ITGA6
5.13783098672269e-101	0.389538703815205	0.725	0.533	1.01677675227242e-96	c9	HNRNPA0
1.22195374656981e-98	0.695859254106367	0.299	0.177	2.41824646446166e-94	c9	CCR6
9.10293230504582e-98	1.57297844255386	0.053	0.014	1.80147030316857e-93	c9	CKAP4
5.20393391083556e-97	0.750035600449862	0.192	0.096	1.02985852095436e-92	c9	PRKCA
7.68248128858234e-97	0.628110132819852	0.321	0.192	1.52036304701044e-92	c9	USP3
5.45379543048017e-96	0.434254036910988	0.621	0.449	1.07930611569203e-91	c9	NDFIP1
7.43638372485508e-96	2.54977015490824	0.021	0.003	1.47166033914882e-91	c9	SULT1B1
3.16639893314677e-95	0.468076514385295	0.471	0.309	6.26630348869746e-91	c9	C1QBP
9.10499281436434e-95	0.88630330535796	0.166	0.08	1.8018780779627e-90	c9	PDP1
1.23965840012003e-94	0.824331631387258	0.173	0.084	2.45328397383754e-90	c9	MXI1
1.45096815831453e-94	0.477627050940452	0.411	0.261	2.87146598530446e-90	c9	AQP3
4.05925067838956e-94	0.585741609721535	0.303	0.177	8.03325709253294e-90	c9	IMPDH2
4.2382117658709e-94	0.333002770934232	0.805	0.634	8.38742108465851e-90	c9	EIF3F
1.29537321238398e-93	0.539100461766898	0.403	0.259	2.5635435873079e-89	c9	S1PR4
2.21018665132207e-93	0.657592335997791	0.271	0.154	4.37395938296639e-89	c9	BIRC2
8.69702484138368e-93	2.12709306468762	0.035	0.007	1.72114121610983e-88	c9	SLC22A17
9.29212113882358e-93	0.769254353263531	0.224	0.122	1.83891077337319e-88	c9	FBLN7
9.85362534613825e-93	0.285493398042209	0.952	0.874	1.95003245600076e-88	c9	RPS29
1.54842014946588e-92	0.493707023571166	0.411	0.265	3.06432347579298e-88	c9	EIF2S3
3.18865801735119e-92	0.236711152741738	0.976	0.907	6.310354216338e-88	c9	ARHGDIB
6.30780312855703e-92	1.05698871896588	0.113	0.046	1.24831423914144e-87	c9	ARHGAP5
7.47021726408628e-92	1.49789520139371	0.071	0.024	1.47835599656267e-87	c9	CTH
9.9835413618071e-92	0.554198066093474	0.265	0.149	1.97574283550162e-87	c9	DENND4A
3.16400029690024e-90	0.424637823477375	0.46	0.302	6.26155658756557e-86	c9	PLK3
3.50033908335555e-90	0.794628887282196	0.15	0.07	6.92717104596063e-86	c9	IL6R
1.02049475089492e-89	0.524233037374108	0.46	0.309	2.01955911202105e-85	c9	PTP4A1
3.56869747549503e-89	0.36536529689018	0.718	0.541	7.06245230400467e-85	c9	EIF3H
3.87910835322248e-89	0.361640934820755	0.43	0.277	7.67675543102729e-85	c9	PDE3B
4.11464261984156e-88	0.764003399458723	0.192	0.1	8.14287774466646e-84	c9	IRS2
6.34368688223017e-88	0.477128114617095	0.42	0.273	1.25541563399335e-83	c9	FBL
1.73292213692946e-87	1.00160748814331	0.118	0.051	3.42945290898341e-83	c9	PLAUR
9.9444961235276e-87	1.08252584577313	0.107	0.044	1.96801578284611e-82	c9	CXCL16
1.45589900253251e-86	2.18784458718073	0.027	0.005	2.88122412601183e-82	c9	ZBED3
6.7874527857463e-86	0.778647749191308	0.159	0.077	1.34323690629919e-81	c9	PXN
1.93394500364562e-85	2.4751452976866	0.02	0.003	3.82727716221469e-81	c9	AK5
3.17811529059867e-84	1.48155929711452	0.054	0.016	6.28949016009476e-80	c9	FHIT
5.98006157475373e-84	0.427096993901047	0.44	0.292	1.18345418564376e-79	c9	RELB
1.94573974469843e-83	0.401330165112093	0.554	0.388	3.85061895475819e-79	c9	RSL24D1
3.6362821605762e-83	1.68336184747037	0.036	0.008	7.19620239578031e-79	c9	PELI2
8.20132720753683e-83	0.354062961759969	0.658	0.487	1.62304265437154e-78	c9	UXT
8.33605703172326e-81	0.654135038377121	0.238	0.136	1.64970568657803e-76	c9	PRMT9
1.5343310077333e-80	0.424425520922333	0.38	0.246	3.03644106430419e-76	c9	NFKB1
1.83978172953119e-80	0.362775948764875	0.57	0.405	3.64092804274222e-76	c9	GIMAP7
2.21914625059835e-80	0.467084639552172	0.47	0.323	4.39169042993413e-76	c9	IDI1
2.78433171972145e-80	2.24054470618154	0.022	0.004	5.51019247332876e-76	c9	GREM2
4.67150457179127e-80	2.21175800206769	0.021	0.003	9.24490754757492e-76	c9	TMEM45B
6.26054232144043e-80	0.421585696473797	0.574	0.415	1.23896132541306e-75	c9	FAM107B
8.12626825258963e-80	0.713152279360039	0.159	0.079	1.60818848718749e-75	c9	RIC3
1.15312968248391e-79	0.436933782752883	0.336	0.208	2.28204364163565e-75	c9	RIPOR2
3.63279592779777e-79	0.455697283499829	0.355	0.225	7.18930314111179e-75	c9	ALKBH7
4.09106164521955e-79	0.399018922345213	0.5	0.348	8.09621099588949e-75	c9	CHD1
2.96530106719817e-78	0.642687282193675	0.227	0.128	5.86833081198518e-74	c9	RAP2B
3.13524220042177e-78	0.361539386007119	0.706	0.534	6.20464431463469e-74	c9	SNU13
4.7267043264862e-78	0.396518148510555	0.544	0.387	9.3541478621162e-74	c9	TPM4
2.31441651862512e-77	1.87080997702018	0.033	0.007	4.58023029035912e-73	c9	HPCAL4
2.6520141617332e-76	0.617213055573198	0.194	0.105	5.24833602607e-72	c9	RETREG1
4.57711407490997e-76	0.936903604936825	0.112	0.05	9.05810875424684e-72	c9	ZNF250
8.341954614188e-76	0.432014100918695	0.425	0.287	1.65087281814781e-71	c9	PFKFB3
1.06543728452177e-75	0.878304181011814	0.119	0.055	2.10850038606858e-71	c9	CSGALNACT1
2.0631359327005e-75	0.353345896153473	0.734	0.576	4.0829460108143e-71	c9	ANKRD12
2.66529128570994e-75	0.222482517480246	0.957	0.848	5.27461145441996e-71	c9	PNRC1
1.02317484309465e-74	0.347480734996411	0.614	0.443	2.0248630144843e-70	c9	NDUFV2
1.51426050558876e-74	0.586945409074974	0.24	0.141	2.99672154056016e-70	c9	IL4R
9.81189868819668e-74	1.15596116623067	0.076	0.029	1.94177475039412e-69	c9	FXYD1
2.50757141422063e-73	0.511287120532815	0.311	0.195	4.96248382874262e-69	c9	PLEKHB2
2.70116208253569e-73	0.558552586027605	0.259	0.155	5.34559976133813e-69	c9	JMY
1.68136837374243e-72	0.229047801524241	0.942	0.841	3.32742801163626e-68	c9	COX4I1
5.36069666352766e-72	0.292076742900499	0.783	0.62	1.06088186971212e-67	c9	NDUFS5
1.14687238641535e-71	1.14389030887742	0.064	0.023	2.26966045271598e-67	c9	GPR15
7.15948237006366e-71	0.846303027066365	0.121	0.057	1.4168615610356e-66	c9	BEST1
9.21122895461542e-71	0.273207677365228	0.845	0.699	1.82290221011839e-66	c9	SLC25A6
1.3319573776272e-70	0.411537311449915	0.443	0.307	2.63594365032423e-66	c9	JMJD1C
4.15123621210494e-70	0.283882692574638	0.787	0.635	8.21529646375567e-66	c9	RPL23
6.87147645325293e-70	0.691515982837358	0.184	0.101	1.35986519009875e-65	c9	ETV3
9.31964454051814e-70	0.239616406065426	0.899	0.774	1.84435765456854e-65	c9	COX7C
9.99281034062861e-70	0.41917615007182	0.269	0.163	1.9775771664104e-65	c9	TIMP1
2.23593008537804e-69	0.5520661693656	0.255	0.154	4.42490563896313e-65	c9	MSL3
5.39289779086519e-69	0.437908001219043	0.316	0.2	1.06725447281222e-64	c9	DGKA
9.27496586453169e-69	0.261861227010277	0.275	0.165	1.83551574459082e-64	c9	MX2
1.69845048549813e-68	2.02958399218919	0.025	0.005	3.36123351080079e-64	c9	F2RL1
2.332749418335e-68	0.996108456313553	0.162	0.088	4.61651109888497e-64	c9	TRIM8
5.75859076127355e-68	0.584370924064375	0.227	0.134	1.13962511165604e-63	c9	TESPA1
1.02230457483049e-67	0.296291976642233	0.49	0.342	2.02314075358955e-63	c9	CNOT6L
1.32620614187679e-67	0.188822963153354	0.98	0.922	2.62456195477418e-63	c9	RPL41
2.7857739556019e-67	0.331906020521952	0.611	0.454	5.51304665813616e-63	c9	EMD
9.9804878601903e-67	0.432766771198376	0.324	0.208	1.97513854753166e-62	c9	C6orf48
1.01791304037147e-66	0.431624453628979	0.415	0.287	2.01444990689514e-62	c9	YIPF5
1.0750029840888e-66	0.287748628264122	0.725	0.563	2.12743090551174e-62	c9	RPS17
1.90549069862033e-66	0.241894151874031	0.911	0.791	3.77096609256964e-62	c9	ZFP36
2.50417691533343e-66	1.42413551511664	0.036	0.01	4.95576611544486e-62	c9	RALGPS2
2.99665161259912e-66	0.45186179216862	0.273	0.169	5.93037354133366e-62	c9	STK38
9.24628846470116e-66	1.21061372066217	0.067	0.025	1.82984048716436e-61	c9	C9orf72
1.31091430783937e-65	2.02898883016655	0.022	0.004	2.59429941521412e-61	c9	TKTL1
1.75912296943864e-65	0.377021247030903	0.43	0.301	3.48130435651907e-61	c9	CYLD
3.48680633298525e-65	0.862317949395296	0.101	0.046	6.9003897329778e-61	c9	SLC12A7
3.74042878743149e-65	0.571948873119287	0.182	0.101	7.40230857032692e-61	c9	HGSNAT
4.22418981561354e-65	0.118359605607012	0.98	0.849	8.3596716450992e-61	c9	CXCR4
4.58083562893785e-65	1.51670040226557	0.033	0.009	9.065473709668e-61	c9	PTK2
1.21596391672222e-64	0.766874216637414	0.121	0.059	2.40639259119327e-60	c9	TCP11L2
1.62766884722235e-64	0.328980976285836	0.331	0.214	3.22115664865303e-60	c9	KDM6B
9.9467556416186e-64	0.178586107346067	0.739	0.56	1.96846294147632e-59	c9	BTG2
1.47643108220493e-63	0.177883320108925	0.627	0.461	2.92185711168356e-59	c9	BIRC3
2.71021041311089e-63	0.308554157374166	0.504	0.361	5.36350640754645e-59	c9	ARHGAP15
4.37954569482689e-63	0.187905711263023	0.447	0.297	8.66712093006241e-59	c9	TC2N
6.41423588591521e-63	0.524313759561773	0.243	0.149	1.26937728182262e-58	c9	BORCS5
4.16917081359401e-62	0.302989945687354	0.383	0.255	8.25078904010255e-58	c9	EPB41
1.5025435665269e-61	1.4289396214613	0.04	0.012	2.97353371815674e-57	c9	SEMA4C
1.52937417839201e-61	0.318540181645666	0.506	0.362	3.02663149903779e-57	c9	CD5
3.52460564162635e-61	0.314479682765696	0.521	0.377	6.97519456477855e-57	c9	NSA2
5.31713853925953e-61	0.403316381239788	0.37	0.252	1.05226171691946e-56	c9	PIM1
5.33759839913272e-61	0.132627184954334	0.999	0.98	1.05631072318836e-56	c9	RPS24
5.86606355942555e-61	0.900534311923554	0.077	0.032	1.16089397841032e-56	c9	PCSK1N
9.26582964219549e-61	0.327741781708639	0.495	0.355	1.83370768619049e-56	c9	TNFAIP8
1.5114182925376e-60	0.365779790162823	0.423	0.295	2.9910968009319e-56	c9	DNAJB9
2.98357102187474e-60	0.624837376565655	0.195	0.115	5.90448705229011e-56	c9	RRM1
3.43089885856285e-60	0.337725004153679	0.433	0.301	6.78974884109588e-56	c9	CMPK1
3.45541933787116e-60	0.40573856356841	0.319	0.209	6.83827486964702e-56	c9	SYPL1
4.17864845960243e-60	0.349332935048201	0.337	0.221	8.26954530155321e-56	c9	MGAT4A
4.92471525394774e-60	0.256627966439542	0.664	0.494	9.74601148756257e-56	c9	ANP32B
1.62932460616298e-59	1.24182865201263	0.062	0.024	3.22443339559654e-55	c9	FHL1
8.67738161561413e-59	1.00100788998196	0.065	0.026	1.71725382173004e-54	c9	SVIL
1.110754215847e-58	0.622855675082058	0.15	0.081	2.19818259316121e-54	c9	PGRMC2
1.47748280828645e-58	0.268463558565489	0.702	0.547	2.92393847759888e-54	c9	EML4
1.98634324789206e-58	0.465282220575184	0.296	0.194	3.93097328757839e-54	c9	STX5
2.9968580944327e-58	0.409401096980448	0.657	0.508	5.93078216888232e-54	c9	CYCS
1.18926077345031e-57	0.577262570099556	0.197	0.116	2.35354707065816e-53	c9	EIF1AY
2.40857990216483e-57	0.443343320777267	0.312	0.207	4.76657962638419e-53	c9	PNPLA8
2.78768104078663e-57	0.507568236844178	0.258	0.165	5.51682077971673e-53	c9	NSMCE1
6.0849018779328e-57	0.417017673797982	0.327	0.22	1.2042020816429e-52	c9	PAF1
6.18300930059615e-57	0.362229180696233	0.336	0.225	1.22361754058798e-52	c9	PHF20
7.27285500372067e-57	1.38778723303753	0.039	0.012	1.43929800523632e-52	c9	MICU3
8.76972759001887e-57	0.510386114354459	0.22	0.134	1.73552909006473e-52	c9	GPR132
9.35858731287275e-57	0.370477932819587	0.46	0.335	1.85206442921752e-52	c9	BAZ1A
1.06998862981299e-56	0.296170950599302	0.472	0.335	2.11750749839992e-52	c9	G3BP1
1.62169184969377e-56	0.621110452766814	0.175	0.101	3.20932817054397e-52	c9	CCDC57
2.2472687249758e-56	0.281647464759106	0.544	0.401	4.4473448067271e-52	c9	IKZF1
2.24912096407925e-56	0.598625734145209	0.156	0.087	4.45101038791283e-52	c9	ITPKB
6.73133715361546e-56	0.823618839907022	0.077	0.033	1.3321316227005e-51	c9	GSTM3
1.33021949022274e-55	0.348188149249193	0.479	0.35	2.63250437115081e-51	c9	ATP1B3
2.73982801271417e-55	1.28244941612465	0.052	0.019	5.42211963716135e-51	c9	C17orf107
4.43493030549984e-55	0.28639285467745	0.57	0.426	8.77672707458417e-51	c9	ELOVL5
5.65908697646563e-55	0.197423171455151	0.814	0.64	1.11993331264255e-50	c9	UBE2B
8.33874834084056e-55	1.92671474440299	0.022	0.005	1.65023829665235e-50	c9	RGMB
8.47873995991022e-55	0.279337801231246	0.34	0.225	1.67794263806623e-50	c9	INPP4B
8.68565483435328e-55	0.681401867133575	0.1	0.048	1.71889109171851e-50	c9	SH2D3A
1.26697723564679e-54	0.948398596863834	0.069	0.029	2.50734794934501e-50	c9	LMO7
2.98367269864019e-54	0.14017794331464	0.425	0.293	5.90468827060893e-50	c9	IL6ST
5.46398237459638e-54	0.202846908161754	0.86	0.724	1.08132211193262e-49	c9	COMMD6
7.4527342184759e-54	0.45274874423162	0.185	0.108	1.47489610183638e-49	c9	CAMK1D
9.33290402301064e-54	0.322079061050069	0.263	0.167	1.8469817061538e-49	c9	DDX3Y
1.40405141754093e-53	2.64144720073751	0.014	0.002	2.7786177553135e-49	c9	NEFL
1.9105089769059e-53	1.48441946155668	0.031	0.009	3.78089726529677e-49	c9	VIPR1
2.88678116744207e-53	0.819937501475295	0.083	0.037	5.71293993036786e-49	c9	PLEKHB1
1.544393106599e-52	0.377408129293592	0.309	0.208	3.05635395795942e-48	c9	ADK
1.67145468445806e-52	0.528983731461688	0.242	0.156	3.3078088205425e-48	c9	SLC16A3
1.87025557996081e-52	0.474929850235388	0.239	0.151	3.70123579274244e-48	c9	ERCC5
1.96116365016186e-52	0.131513644408922	0.99	0.936	3.88114286367032e-48	c9	SRGN
4.2100196014234e-52	0.419902991956501	0.176	0.102	8.33162879121691e-48	c9	GIMAP5
9.37860849048587e-52	0.258360650651282	0.507	0.369	1.85602662026715e-47	c9	NFE2L2
1.82736331874604e-51	0.320270285058555	0.36	0.249	3.61635200779842e-47	c9	RCAN3
3.3085969236231e-51	2.21231021637977	0.016	0.003	6.54771331185012e-47	c9	ABO
4.43392855950138e-51	0.590312785595344	0.181	0.109	8.77474461925324e-47	c9	ETV6
1.22773615533157e-50	0.210467037659598	0.47	0.339	2.42968985140118e-46	c9	RANBP2
1.85388118110896e-50	0.129353295418155	0.394	0.271	3.66883085741464e-46	c9	FKBP5
2.67184488268789e-50	0.477617078715214	0.219	0.137	5.28758102283934e-46	c9	SINHCAF
4.27424026389986e-50	0.335169217364098	0.244	0.156	8.45872148225781e-46	c9	KAT6A
5.65193048166403e-50	0.808183077451182	0.06	0.024	1.11851704232131e-45	c9	RNF144A
5.9986220737365e-50	0.606757570185275	0.161	0.094	1.18712730839245e-45	c9	LPAR2
8.25256496066784e-50	0.388309543233422	0.287	0.192	1.63318260571617e-45	c9	MECP2
9.55371015203527e-50	0.245257133179435	0.84	0.714	1.89067923908778e-45	c9	FYB1
1.02937445115142e-49	0.249348582735983	0.611	0.472	2.03713203882866e-45	c9	SMCHD1
1.3608160803375e-49	0.423160835426613	0.195	0.119	2.69305502298791e-45	c9	ZNF10
1.65049171843274e-49	1.32273721825528	0.043	0.015	3.26632311077839e-45	c9	CFP
2.03390538473254e-49	0.677448449090902	0.145	0.082	4.02509875638569e-45	c9	SBNO2
2.7815017472942e-49	0.217632368542334	0.854	0.729	5.50459195789523e-45	c9	CNBP
4.326501044769e-49	0.425564770589215	0.308	0.211	8.56214556759785e-45	c9	RNF139
5.91396502835796e-49	0.383131405152937	0.281	0.187	1.17037367911204e-44	c9	PABPC4
6.9463648394522e-49	0.191762682414476	0.483	0.348	1.37468560172759e-44	c9	FOSL2
7.27934456821084e-49	0.308618612498766	0.381	0.271	1.44058229004893e-44	c9	SAMHD1
1.91782144797957e-48	0.207028320859987	0.827	0.66	3.79536864555156e-44	c9	SLC25A3
2.44662019486762e-48	0.278830900143124	0.338	0.232	4.84186136564301e-44	c9	TTC3
9.03346182775816e-48	0.204968430909781	0.483	0.354	1.78772209571334e-43	c9	CDKN1A
1.49654478173317e-47	0.648138243152634	0.11	0.058	2.96166212304994e-43	c9	SSBP2
3.28806574202712e-47	0.37250816917341	0.289	0.194	6.50708210347168e-43	c9	APEX1
4.25331427682174e-47	0.248701434003473	0.601	0.462	8.41730895383022e-43	c9	TOMM20
5.76505619744219e-47	0.30537848583938	0.289	0.194	1.14090462147381e-42	c9	SSH2
5.93593079300585e-47	1.25902826619635	0.039	0.013	1.17472070393586e-42	c9	EIF4EBP3
6.16860421886403e-47	1.1244890766509	0.056	0.023	1.22076677491319e-42	c9	PCBP3
8.02514634681035e-47	0.218185034038934	0.674	0.519	1.58817646203377e-42	c9	SEPT6
9.16819741686618e-47	0.308326457213204	0.277	0.185	1.81438626879782e-42	c9	THEM4
9.4293838864125e-47	1.14322847714891	0.033	0.01	1.86607507112103e-42	c9	ANKRD55
1.62215876877064e-46	0.221576410292361	0.334	0.227	3.2102522033971e-42	c9	TGFBR2
3.89154937986859e-46	0.296177342794309	0.456	0.336	7.70137622275994e-42	c9	SBDS
5.28257419972975e-46	0.745092329041283	0.111	0.059	1.04542143412652e-41	c9	HES4
5.37174201459135e-46	0.487574082344287	0.181	0.11	1.06306774468763e-41	c9	CYSTM1
7.83893485645183e-46	0.280980038083309	0.505	0.378	1.55132520809182e-41	c9	VAPA
7.96908526998872e-46	0.277624207613597	0.514	0.389	1.57708197493077e-41	c9	HNRNPUL1
1.1422535295877e-45	0.374867492270454	0.22	0.14	2.26051973505405e-41	c9	LINS1
1.18929301543358e-45	0.668525934575074	0.093	0.047	2.35361087754306e-41	c9	NME4
2.38049593518994e-45	0.251806789669536	0.485	0.357	4.71100145574089e-41	c9	STRAP
2.47004533474728e-45	1.1278723306032	0.041	0.015	4.88821971746486e-41	c9	HOOK1
2.80482515263637e-45	0.386840178894311	0.181	0.111	5.55074897706738e-41	c9	CDC14A
1.53154783886277e-44	0.325210486020367	0.284	0.192	3.03093317310943e-40	c9	RNF168
1.61401696902891e-44	0.535085224427519	0.159	0.095	3.19413958170821e-40	c9	TRMT6
1.7657249638328e-44	0.780325226951025	0.067	0.03	3.49436970342511e-40	c9	MPP7
1.86601023394294e-44	0.368952287776291	0.196	0.123	3.69283425297309e-40	c9	SPTBN1
2.77747315251538e-44	0.344809860387267	0.28	0.19	5.49661936882794e-40	c9	KDSR
3.6808964947895e-44	0.672183257223941	0.141	0.083	7.28449416318843e-40	c9	TEX30
4.77695459700352e-44	0.272394024538241	0.355	0.252	9.45359314746997e-40	c9	TIPARP
6.87459326155852e-44	0.892167692158038	0.059	0.025	1.36048200646243e-39	c9	DPEP2
6.88175923148358e-44	1.22843564503014	0.038	0.013	1.3619001519106e-39	c9	KCNQ1
8.98971121685724e-44	0.346700158737048	0.263	0.175	1.77906384981605e-39	c9	SRSF8
9.04753783314999e-44	0.551931798995774	0.136	0.078	1.79050773718038e-39	c9	ESYT2
9.96927514601264e-44	0.570827245423203	0.125	0.07	1.9729195513959e-39	c9	LRIG1
1.01349732198194e-43	0.349091157725764	0.2	0.125	2.00571120020227e-39	c9	TRIM44
1.07927351794085e-43	0.242372085239207	0.372	0.266	2.13588229200494e-39	c9	ATP2B1
1.28080785388421e-43	0.373324771695514	0.504	0.39	2.53471874283686e-39	c9	MT1X
1.95083782772563e-43	2.31435041932973	0.013	0.002	3.86070806106903e-39	c9	ST6GALNAC1
2.23082360106033e-43	0.234670576221274	0.703	0.56	4.4147999064984e-39	c9	HNRNPU
2.35881577119434e-43	1.2785847203403	0.045	0.017	4.66809641119359e-39	c9	BTBD11
2.90420942137628e-43	0.315407436846395	0.365	0.263	5.74743044490367e-39	c9	R3HDM4
3.48780004157961e-43	0.970358783454469	0.051	0.021	6.90235628228604e-39	c9	USP46
3.67297686210718e-43	0.403656293719868	0.266	0.181	7.26882121011011e-39	c9	TRADD
4.69815013610616e-43	0.231798046172099	0.579	0.445	9.29763911935409e-39	c9	CSDE1
5.22154430255033e-43	0.418601469593141	0.166	0.099	1.03334361747471e-38	c9	LDLRAP1
6.42844744899271e-43	0.26999075636012	0.401	0.289	1.27218975015566e-38	c9	HAX1
1.16350799978459e-42	0.164312758763498	0.554	0.413	2.30258233157371e-38	c9	CD6
1.41304713702136e-42	0.85209684882444	0.066	0.03	2.79642028416527e-38	c9	GNAQ
1.907582384893e-42	0.244901078898461	0.488	0.365	3.77510553970324e-38	c9	SF3A1
2.6787694691469e-42	0.244850349390029	0.457	0.338	5.30128477944171e-38	c9	EIF3A
5.96962339890247e-42	0.465130353082326	0.228	0.152	1.1813884706428e-37	c9	PLSCR3
7.70967095832415e-42	0.242820428728817	0.345	0.246	1.52574388265235e-37	c9	KLRB1
1.67444726005344e-41	0.768386577790494	0.124	0.071	3.31373112764577e-37	c9	CXorf40A
4.10059633461029e-41	0.376801237102744	0.202	0.13	8.11508014619377e-37	c9	MTMR6
5.51594888161118e-41	1.25892481355008	0.03	0.01	1.09160628367085e-36	c9	KIAA1324L
7.00706014021465e-41	0.149561354521727	0.999	0.973	1.38669720174848e-36	c9	BTG1
7.4901901160872e-41	0.447920980481394	0.178	0.112	1.48230862397366e-36	c9	CRTC3
1.04206258145397e-40	1.83009666514648	0.018	0.004	2.06224184869741e-36	c9	GPA33
1.25557003194364e-40	0.776101442627392	0.107	0.059	2.48477309321647e-36	c9	SEC14L2
1.5215764680588e-40	0.31180117115744	0.268	0.183	3.01119983028836e-36	c9	NOLC1
2.21491175463472e-40	0.216139786300602	0.494	0.371	4.38331036242212e-36	c9	CHD2
2.54533242246701e-40	1.55988277407089	0.024	0.007	5.03721286406222e-36	c9	USP6NL
4.85743806929889e-40	0.296877891969874	0.269	0.184	9.61286993914249e-36	c9	PRKAR2A
5.28800775357982e-40	1.63109082684392	0.02	0.005	1.04649673443345e-35	c9	GCNT4
5.39342975700285e-40	0.412177339163116	0.207	0.135	1.06735974891086e-35	c9	GNL3
7.4866260223481e-40	0.288720730754215	0.275	0.188	1.48160328982269e-35	c9	TRMT10C
1.82012640493866e-39	0.229579375695845	0.414	0.304	3.6020301553736e-35	c9	RBM38
2.34593415601211e-39	0.27216311615313	0.424	0.314	4.64260369474798e-35	c9	OSBPL8
2.36770248465885e-39	0.372817260426395	0.221	0.146	4.68568321713986e-35	c9	SVIP
2.65225014771775e-39	0.610990448234885	0.09	0.047	5.24880304233342e-35	c9	ABRAXAS1
2.69590139241103e-39	0.280789426055259	0.372	0.27	5.33518885558143e-35	c9	OSER1
3.00366468623534e-39	0.320092359639879	0.207	0.134	5.94425241405973e-35	c9	PHF12
3.16472030630071e-39	0.392252538019276	0.16	0.098	6.26298148616911e-35	c9	MAML2
3.55550987023754e-39	0.193838055690302	0.626	0.496	7.0363540332001e-35	c9	SOCS1
6.09252872559754e-39	0.248570601054459	0.388	0.284	1.20571143479575e-34	c9	SERINC3
6.53547868125533e-39	0.365392303848841	0.262	0.181	1.29337123102043e-34	c9	DCTN6
6.63761990018496e-39	0.193081493914806	0.518	0.391	1.3135849782466e-34	c9	CDC42SE2
9.37654288345694e-39	0.209093203416358	0.544	0.413	1.85561783663613e-34	c9	HSPA9
2.12516262799274e-38	0.283000260366007	0.327	0.235	4.20569684079764e-34	c9	ARL4A
2.18582476152348e-38	0.215817685106377	0.555	0.425	4.32574720305497e-34	c9	NAP1L1
2.21698900385731e-38	0.253401638675977	0.386	0.283	4.38742123863362e-34	c9	KRAS
3.04078664688218e-38	0.14591284429793	0.473	0.349	6.01771677417983e-34	c9	PIK3IP1
3.13023686860024e-38	0.587074780305196	0.164	0.103	6.19473876295987e-34	c9	POLR1E
3.33801531600041e-38	0.174112882889653	0.809	0.673	6.6059323103648e-34	c9	SFPQ
3.41839782852479e-38	0.256838148608531	0.322	0.228	6.76500930265055e-34	c9	LSM5
4.81883121895749e-38	0.429405206108571	0.159	0.099	9.53646698231687e-34	c9	GNB5
5.56313251635873e-38	0.306495135555451	0.261	0.179	1.10094392498739e-33	c9	PRKX
6.58134645239792e-38	0.503369380058083	0.177	0.114	1.30244846292955e-33	c9	NAF1
7.15825406930732e-38	0.323872006852963	0.107	0.059	1.41661848031592e-33	c9	APBA2
7.58887657095481e-38	0.366305655969571	0.175	0.11	1.50183867339196e-33	c9	BNIP3
9.18726818770322e-38	0.332491341598288	0.239	0.162	1.81816037434647e-33	c9	FYTTD1
9.69254067532594e-38	0.409334511169607	0.136	0.081	1.918153799647e-33	c9	TGFBR3
1.97777892453329e-37	0.372767978782825	0.173	0.11	3.91402449165138e-33	c9	ABCC1
2.92490066418214e-37	0.274785013418122	0.327	0.234	5.78837841441645e-33	c9	ETF1
3.01948714042344e-37	0.239361013976268	0.347	0.25	5.97556505089799e-33	c9	TGIF1
3.11003295249124e-37	0.325606237173755	0.167	0.104	6.15475521298017e-33	c9	NELL2
3.49764176740524e-37	0.190779305319328	0.638	0.494	6.92183305769497e-33	c9	ST13
4.1987538262222e-37	0.222474934891725	0.27	0.186	8.30933382209373e-33	c9	HERC1
5.23287927227821e-37	0.69839875782869	0.1	0.055	1.03558680798386e-32	c9	CLN8
5.30767506995104e-37	0.236786689145256	0.466	0.351	1.05038889634331e-32	c9	PSIP1
9.00850100621849e-37	0.175030650601402	0.482	0.36	1.78278234913064e-32	c9	SERINC1
1.05892022381524e-36	0.661524755048591	0.105	0.059	2.09560312293036e-32	c9	DEAF1
1.14690014202002e-36	0.253059229883805	0.342	0.248	2.26971538105761e-32	c9	RNMT
1.20557830598552e-36	0.471709196811754	0.111	0.063	2.38583946754535e-32	c9	TMEM63A
1.44126289534357e-36	0.480738822090388	0.149	0.093	2.85225926988493e-32	c9	MAP3K4
2.80695690717791e-36	0.104360337595864	0.529	0.4	5.55496771930508e-32	c9	PBXIP1
2.82191698494647e-36	0.609099845511777	0.134	0.081	5.58457371320907e-32	c9	AGPAT5
2.95769651216558e-36	0.201372989493645	0.536	0.413	5.85328139757568e-32	c9	WTAP
4.50264271196197e-36	0.262808451925021	0.307	0.219	8.91072992697273e-32	c9	UBQLN1
4.98727765398334e-36	0.325442073051663	0.229	0.155	9.86982247723303e-32	c9	MTERF4
5.68625326091084e-36	0.449693574671362	0.148	0.092	1.12530952033425e-31	c9	POLR3E
5.89659054000083e-36	0.689565688556028	0.075	0.038	1.16693526786616e-31	c9	GKAP1
9.77020291230684e-36	0.372096748950364	0.207	0.137	1.93352315634552e-31	c9	DYNLT3
1.5507999354705e-35	0.142464410679571	0.957	0.877	3.06903307229612e-31	c9	HNRNPA1
1.59619346653584e-35	1.53285791807126	0.019	0.005	3.15886687027442e-31	c9	SUSD4
1.69993357393951e-35	0.213702771182981	0.273	0.19	3.36416854282628e-31	c9	CD4
2.16971317863787e-35	0.278692046181414	0.26	0.18	4.29386238052435e-31	c9	CRBN
2.37291164541152e-35	0.57622121088003	0.115	0.067	4.69599214626941e-31	c9	KIAA0391
2.91433785648583e-35	0.244929690290381	0.352	0.257	5.76747461798545e-31	c9	NR1H2
3.0586223504751e-35	0.18451199776811	0.905	0.792	6.05301363159023e-31	c9	YWHAB
3.28052555654676e-35	0.32569984278611	0.186	0.121	6.49216007640603e-31	c9	MAN2A1
3.64068328583071e-35	0.355450080644234	0.161	0.102	7.20491222265898e-31	c9	TMEM131L
6.06510502021289e-35	1.32524842812184	0.028	0.01	1.20028428350013e-30	c9	RAB20
1.14017373673984e-34	0.592564949786981	0.123	0.074	2.25640382500814e-30	c9	TMEM156
1.53811362507607e-34	0.20992479991659	0.398	0.299	3.04392686402554e-30	c9	GPRIN3
1.62764304549155e-34	0.239734062554461	0.259	0.18	3.22110558702777e-30	c9	HECTD1
1.78136351159497e-34	0.722596036766415	0.106	0.062	3.52531838944644e-30	c9	SFMBT1
2.24133998329614e-34	1.41464597867211	0.02	0.006	4.43561182694306e-30	c9	EDA
2.75804945928989e-34	0.210178940071557	0.421	0.315	5.45817987993469e-30	c9	SSB
3.21601106044369e-34	0.489014097689646	0.223	0.154	6.36448588861806e-30	c9	GPR171
3.53530040655605e-34	0.356808701586103	0.111	0.064	6.99635950457443e-30	c9	AKT3
3.87314305051597e-34	0.609024152385068	0.083	0.044	7.66495009697111e-30	c9	CEP68
8.68809567113553e-34	0.140309227322222	0.296	0.209	1.71937413331772e-29	c9	ATM
1.19021718385857e-33	0.267232312112855	0.376	0.281	2.3554398068561e-29	c9	SIAH2
1.28397884796218e-33	0.377844005532331	0.152	0.096	2.54099414011714e-29	c9	ZNF770
1.33258213119995e-33	1.56954704756567	0.016	0.004	2.6371800376447e-29	c9	PCSK5
1.38434358674506e-33	0.353373584719373	0.162	0.103	2.73961595816848e-29	c9	ZNF506
2.41915788399013e-33	0.256563645548441	0.238	0.163	4.78751345241646e-29	c9	NR1D2
3.95931236914035e-33	0.315772329590257	0.211	0.143	7.83547917852875e-29	c9	EBPL
6.04740025328731e-33	0.44690423138988	0.133	0.082	1.19678051012556e-28	c9	ZDBF2
6.44259711351765e-33	1.67234965680762	0.017	0.005	1.27498996876514e-28	c9	GNG7
6.7094395245305e-33	0.155551408073923	0.68	0.535	1.32779808190459e-28	c9	GPSM3
6.95849329648745e-33	0.215193704980601	0.427	0.324	1.37708582337487e-28	c9	TOMM22
7.65290989948968e-33	0.701832476540591	0.063	0.031	1.51451086910901e-28	c9	IFNGR2
1.03305226025475e-32	0.265432312612332	0.427	0.326	2.04441042304415e-28	c9	MTHFD2
1.19186913854591e-32	0.36618260365633	0.129	0.078	2.35870902518236e-28	c9	NBPF15
1.19339991595346e-32	0.861152197336409	0.058	0.028	2.3617384336719e-28	c9	KLHL5
1.37810944846466e-32	0.195839049683731	0.484	0.368	2.72727859851156e-28	c9	ATP5PD
1.38861204791943e-32	0.971696176190787	0.037	0.015	2.74806324283255e-28	c9	GPRASP1
2.28333482602615e-32	0.309175117257669	0.134	0.083	4.51871962070576e-28	c9	CD40LG
2.38001835960646e-32	0.227940046434552	0.284	0.203	4.71005633366119e-28	c9	ST3GAL1
2.95238385624517e-32	0.258777150929274	0.318	0.232	5.84276765150918e-28	c9	RELA
4.34398047229076e-32	0.257250357352628	0.247	0.172	8.59673735466342e-28	c9	TRAPPC6A
4.47046569892345e-32	0.210944542088554	0.374	0.281	8.8470516181695e-28	c9	DUSP5
6.85125296310884e-32	0.375455938139345	0.164	0.107	1.35586296139924e-27	c9	SH3BP5
1.42088676789112e-31	1.40011825003416	0.022	0.007	2.81193491365652e-27	c9	TTYH2
1.74613546314044e-31	0.306297261828577	0.174	0.115	3.45560208155494e-27	c9	TMEM245
2.19721798632199e-31	0.286845723755023	0.123	0.074	4.34829439493122e-27	c9	BCL2A1
2.24538798314353e-31	0.209505975978015	0.326	0.238	4.44362281864105e-27	c9	RSBN1
2.52625711328606e-31	0.750324298547723	0.046	0.021	4.99946282719312e-27	c9	FBLN5
2.68374490512445e-31	0.503773776289261	0.108	0.064	5.31113116724128e-27	c9	RASSF2
4.01781359535304e-31	0.270397407238706	0.284	0.206	7.95125310520367e-27	c9	DDX27
5.10593953781761e-31	0.192488651661	0.552	0.436	1.0104654345341e-26	c9	UCP2
6.17333379434437e-31	0.154267053041769	0.434	0.329	1.22170275790075e-26	c9	ATP1A1
6.80363760869981e-31	0.297399412982101	0.211	0.145	1.34643988276169e-26	c9	FBXL3
6.96761923449856e-31	0.155358433242875	0.439	0.334	1.37889184650726e-26	c9	ITK
8.44998231921198e-31	0.775066815879911	0.054	0.026	1.67225150097205e-26	c9	CERS6
1.10971377187496e-30	0.465695106353958	0.11	0.065	2.19612355454055e-26	c9	ZHX2
1.28248883151794e-30	0.392710195022876	0.151	0.098	2.538045397574e-26	c9	IFT57
1.33113208275522e-30	0.441890290465624	0.106	0.063	2.63431039177258e-26	c9	PLEKHA1
1.73891776957101e-30	2.28762541176675	0.012	0.003	3.44131826598104e-26	c9	GALR2
1.74579118381474e-30	0.151486806767658	0.836	0.709	3.45492075276938e-26	c9	EIF3K
2.01599898276592e-30	0.29241554155473	0.372	0.283	3.98966198689375e-26	c9	CMTM7
2.30521233072956e-30	0.20802075939986	0.328	0.239	4.56201520251381e-26	c9	ABHD14B
2.96402156375901e-30	0.31900342444437	0.175	0.116	5.86579867467908e-26	c9	UAP1
3.04559687851908e-30	0.56222933400074	0.109	0.066	6.02723622258926e-26	c9	METTL21A
5.50090149592124e-30	0.683314258135046	0.06	0.03	1.08862840604281e-25	c9	FADS3
7.04012425258862e-30	0.508677517141161	0.129	0.082	1.39324058958729e-25	c9	ORAI2
9.17771222262642e-30	0.499434128102545	0.111	0.067	1.81626924885777e-25	c9	RRS1
1.04992196990104e-29	0.14867443146186	0.672	0.535	2.07779557843416e-25	c9	APRT
1.74657252045824e-29	0.207846977055173	0.433	0.33	3.45646701798686e-25	c9	VDAC1
2.01608856685248e-29	0.122485376215652	0.937	0.84	3.98983927380105e-25	c9	RPL36AL
2.03698153243523e-29	0.183529849437726	0.508	0.399	4.03118645268931e-25	c9	MAPK1IP1L
2.27594686427877e-29	0.225635544276906	0.209	0.144	4.50409884440769e-25	c9	BRAF
2.50241986774719e-29	0.361689621839277	0.167	0.111	4.9522889182717e-25	c9	MAP3K1
2.6779006466868e-29	0.310526493863773	0.233	0.166	5.29956537979317e-25	c9	ADI1
2.77347504682824e-29	0.161038512069008	0.644	0.514	5.48870711767308e-25	c9	GPX4
3.0306915078069e-29	0.216723993501486	0.421	0.326	5.99773849394985e-25	c9	PRMT2
3.3193251067272e-29	0.179460856013411	0.332	0.247	6.56894438621313e-25	c9	NUP98
3.34647236521508e-29	1.10844483003451	0.035	0.014	6.62266881076064e-25	c9	CHRNE
4.2178746196851e-29	0.436280339252701	0.089	0.051	8.34717387235682e-25	c9	PATJ
9.65621966942729e-29	0.478455885125245	0.061	0.031	1.91096587257966e-24	c9	LPAR6
9.93827942622198e-29	0.163202437610638	0.317	0.23	1.96678549844933e-24	c9	PHF1
1.34709054247784e-28	0.174889673147462	0.377	0.284	2.66589218356365e-24	c9	CSNK1D
3.15535033362886e-28	0.152262127358261	0.507	0.392	6.24443831025152e-24	c9	EIF5A
3.7142646509147e-28	0.176744038940351	0.324	0.241	7.35052974416019e-24	c9	TLK1
5.06912184450875e-28	0.383630809702572	0.11	0.067	1.00317921302828e-23	c9	ZBTB21
5.65171875919547e-28	0.16619666778178	0.52	0.405	1.11847514244478e-23	c9	RBMX
6.91164663846542e-28	0.298998565195854	0.219	0.155	1.36781486975231e-23	c9	NDEL1
9.80886975688105e-28	1.08608938620163	0.025	0.009	1.94117532488676e-23	c9	DENND5A
1.05346541915989e-27	0.1372690405891	0.61	0.481	2.08480806451743e-23	c9	ERP29
1.06096696845019e-27	0.118656099215571	0.364	0.272	2.09965363056292e-23	c9	GABARAPL1
1.1204350180239e-27	0.187274669835565	0.408	0.313	2.21734090066929e-23	c9	DNTTIP2
1.32768410762148e-27	0.763614007335936	0.057	0.029	2.6274868489829e-23	c9	IL23A
1.43474659618528e-27	2.20337515929787	0.011	0.002	2.83936351385068e-23	c9	RAI2
1.7491412451926e-27	0.138360449235938	0.699	0.566	3.46155052423616e-23	c9	MZT2B
1.78263314353174e-27	0.381506175205506	0.134	0.086	3.52783099104931e-23	c9	PRPF4
1.92322989081613e-27	0.143325411685505	0.468	0.358	3.80607195392512e-23	c9	C1orf43
1.95075373166714e-27	0.754230562824569	0.051	0.025	3.86054163496926e-23	c9	ADTRP
2.01257734544828e-27	0.137920537936198	0.606	0.482	3.98289056664214e-23	c9	NME2
2.10133726260418e-27	0.298317515421003	0.196	0.136	4.15854644269367e-23	c9	MRPL1
2.10938386885656e-27	0.595719115244372	0.065	0.035	4.17447067646713e-23	c9	ISYNA1
3.05476204694923e-27	1.39378327611391	0.02	0.007	6.04537409091253e-23	c9	AXIN2
3.59418505433937e-27	0.803569277257455	0.051	0.025	7.11289222253761e-23	c9	NLRP6
4.39955842369521e-27	0.215971158642845	0.288	0.213	8.70672612049282e-23	c9	VPS51
5.37216055127707e-27	0.441064513678175	0.107	0.066	1.06315057309773e-22	c9	LRRC8D
6.25460171427168e-27	0.684197702368022	0.063	0.034	1.23778567925437e-22	c9	NAP1L5
6.77829166839679e-27	0.237602240800011	0.208	0.146	1.34142392117573e-22	c9	MFSD14A
7.86970536854224e-27	1.61440261708042	0.012	0.003	1.55741469243451e-22	c9	IGSF9B
1.01047789444706e-26	0.20278543723797	0.264	0.193	1.99973575311074e-22	c9	RAB22A
1.24315080625538e-26	0.156992362899182	0.394	0.3	2.46019544557939e-22	c9	LAPTM4A
1.34100891924419e-26	1.24258544940255	0.02	0.007	2.65385665118425e-22	c9	PHLDB1
1.35183255423008e-26	0.136224718314986	0.59	0.46	2.67527662482132e-22	c9	SNRPG
1.43798940966647e-26	0.148255686203702	0.51	0.4	2.84578104172994e-22	c9	C9orf78
2.12064274184371e-26	0.104328570453792	0.658	0.53	4.19675198610871e-22	c9	CD48
2.83585164397001e-26	0.168656872821458	0.548	0.433	5.61215040341666e-22	c9	ABRACL
3.00946901146291e-26	0.11917899852657	0.929	0.824	5.9557391736851e-22	c9	YWHAZ
3.54353529190945e-26	0.154616771653667	0.609	0.485	7.0126563426888e-22	c9	RHOG
4.02004152548728e-26	1.21391987066447	0.018	0.006	7.95566217893932e-22	c9	FMN1
4.31176494368657e-26	0.505710890336986	0.117	0.075	8.53298282355571e-22	c9	PTGER2
4.59053677177015e-26	0.232636928449149	0.249	0.182	9.08467227133314e-22	c9	PPIL4
4.66534331001189e-26	0.667605017071003	0.064	0.034	9.23271441051354e-22	c9	RNF130
7.33810871056755e-26	0.603136872094492	0.068	0.037	1.45221171382132e-21	c9	NSG1
7.75112681194606e-26	0.25662874710752	0.306	0.231	1.53394799608413e-21	c9	CLNS1A
8.70014027420885e-26	0.418396303984224	0.137	0.09	1.72175776026593e-21	c9	SNAPC1
9.12957569342537e-26	0.199834470448473	0.266	0.196	1.80674302972888e-21	c9	NFKB2
2.30728050383913e-25	0.692494820951593	0.058	0.03	4.56610811709763e-21	c9	TMEM38B
2.45198172298367e-25	0.148343129961134	0.744	0.62	4.85247182978468e-21	c9	PCBP2
2.47356706865204e-25	1.44736578846845	0.02	0.007	4.89518922886239e-21	c9	PAK3
2.49763698052773e-25	0.201828729177732	0.274	0.202	4.94282358446438e-21	c9	EIF2A
2.5978437833026e-25	0.877718852220102	0.054	0.028	5.14113284715585e-21	c9	NET1
2.9236658991417e-25	0.661202483130863	0.047	0.023	5.78593481440142e-21	c9	KLF5
3.22366693128913e-25	0.123575585626967	0.671	0.539	6.37963685702119e-21	c9	MORF4L1
3.24947885408859e-25	0.399985457036223	0.099	0.06	6.43071865224132e-21	c9	SGK3
3.31699989190181e-25	1.32671772054318	0.026	0.01	6.56434278607368e-21	c9	SECTM1
3.45728540858736e-25	0.22283806485213	0.248	0.181	6.84196782359439e-21	c9	SMU1
3.50577895878892e-25	0.272673619165205	0.214	0.153	6.93793655944327e-21	c9	CCNG1
3.62287578460308e-25	0.392175842657395	0.122	0.078	7.1696711777295e-21	c9	USP37
4.69745410951993e-25	0.521665816316591	0.078	0.045	9.29626168273994e-21	c9	COQ2
5.44504641455584e-25	1.75565235452456	0.01	0.002	1.0775746854406e-20	c9	NEFM
7.10617048722518e-25	0.389756058381072	0.097	0.059	1.40631113942186e-20	c9	DPP4
7.2874296860559e-25	0.109072370962763	0.841	0.723	1.44218233487046e-20	c9	TAGLN2
7.42465471841081e-25	0.32565764189329	0.119	0.075	1.4693391687735e-20	c9	TMEM204
1.28799389875868e-24	0.165489532040261	0.226	0.162	2.54893992564343e-20	c9	API5
1.38096761778976e-24	0.264865320358159	0.196	0.139	2.73293491560593e-20	c9	MRPL50
1.53666667553183e-24	0.397408389045207	0.104	0.065	3.0410633508775e-20	c9	UBE2O
1.77340287392028e-24	0.285161110692202	0.144	0.096	3.50956428748822e-20	c9	SLC30A7
2.21036444389459e-24	0.277348381617058	0.161	0.11	4.3743112344674e-20	c9	ABCE1
3.29098069973702e-24	0.127276915383878	0.904	0.79	6.51285080477956e-20	c9	CCNI
5.19394804458509e-24	0.958316956862924	0.04	0.019	1.02788231802339e-19	c9	LIMS2
5.29061513861104e-24	0.672679327602223	0.049	0.025	1.04701273593113e-19	c9	ACSL6
5.73458360976617e-24	0.118377292282722	0.601	0.485	1.13487409637273e-19	c9	ARID4B
5.8583208623165e-24	0.132537287388643	0.486	0.379	1.15936169865244e-19	c9	UQCRFS1
6.443789210448e-24	0.123906072465864	0.696	0.566	1.27522588474766e-19	c9	EIF3G
6.53576800077746e-24	0.275996156636345	0.177	0.123	1.29342848735386e-19	c9	NOL11
6.74670763369124e-24	0.161842857421937	0.351	0.268	1.3351734407075e-19	c9	XRN2
7.0046324187884e-24	0.977520258800724	0.026	0.011	1.38621675567822e-19	c9	SNED1
7.23327988193905e-24	0.203572234744948	0.28	0.209	1.43146608863574e-19	c9	ZPR1
7.70709140110597e-24	0.31873030035612	0.146	0.099	1.52523338827887e-19	c9	RBM15B
8.80930756619132e-24	0.15086397774227	0.409	0.318	1.74336196734926e-19	c9	AKIRIN1
9.73984607612214e-24	0.106672020801572	0.838	0.712	1.92751553846457e-19	c9	UQCRB
9.90047079900826e-24	0.117493571007362	0.557	0.443	1.95930317112373e-19	c9	NSD3
1.08351724998789e-23	0.5071114317216	0.061	0.033	2.14428063772604e-19	c9	DOCK9
1.17760981650087e-23	0.142368283645425	0.343	0.261	2.33048982685523e-19	c9	CEBPZ
1.41857056924959e-23	0.168282496788639	0.281	0.209	2.80735115654494e-19	c9	DSTN
1.41891551578355e-23	1.81550643356633	0.01	0.002	2.80803380573564e-19	c9	CDS1
1.46505685464783e-23	0.129676196397806	0.403	0.31	2.89934751534806e-19	c9	HBP1
1.56756870027698e-23	0.245923567741433	0.219	0.159	3.10221845784814e-19	c9	TAF9
2.6154024842656e-23	0.230961274422806	0.153	0.104	5.17588151636163e-19	c9	SLC7A6
3.69351891552431e-23	0.145639064740972	0.4	0.312	7.30947393382261e-19	c9	DDX18
3.7674230080632e-23	0.787610451417563	0.041	0.02	7.45573013295708e-19	c9	LDOC1
3.91905639420177e-23	0.124363266694646	0.579	0.467	7.7558126041253e-19	c9	SEPT9
5.03603573799234e-23	0.542386777302238	0.062	0.035	9.96631472548684e-19	c9	IMMP2L
5.03903909043839e-23	0.258039046158678	0.118	0.077	9.97225835997758e-19	c9	UTY
5.15967326573388e-23	0.111140396877731	0.272	0.198	1.02109933928873e-18	c9	SELENOM
5.31281379552488e-23	0.475322027600741	0.069	0.039	1.05140585013437e-18	c9	SLC8B1
5.48711380937618e-23	0.117347046829943	0.417	0.321	1.08589982287555e-18	c9	SNRPN
6.11410684467643e-23	0.309248772236168	0.206	0.151	1.20998174456147e-18	c9	NTMT1
6.2773110656143e-23	1.13587145665221	0.023	0.009	1.24227985988507e-18	c9	TSPAN18
7.62725138168172e-23	0.650311348345007	0.049	0.025	1.50943304843481e-18	c9	SLCO3A1
7.6396427246521e-23	0.124976980132474	0.219	0.159	1.51188529520865e-18	c9	TM9SF3
7.71496337916572e-23	0.384364716903276	0.147	0.101	1.5267912527369e-18	c9	GRWD1
8.18397377976779e-23	0.206986612911633	0.238	0.175	1.61960841101604e-18	c9	SFXN1
8.59085784808197e-23	1.66937822212056	0.012	0.003	1.70013076813542e-18	c9	FSBP
9.1821642901078e-23	0.140403488224603	0.449	0.355	1.81715031301233e-18	c9	EIF3D
9.22240623848357e-23	0.210638140774997	0.2	0.143	1.8251141945959e-18	c9	NBEAL1
1.02073323503901e-22	0.183190820905753	0.179	0.126	2.02003107214221e-18	c9	RAPGEF6
1.26922804510191e-22	0.416837252841961	0.07	0.04	2.51180230125668e-18	c9	USP53
1.3428018557046e-22	0.125803554491807	0.575	0.46	2.65740487243941e-18	c9	C19orf53
1.4299213505815e-22	0.282816371074915	0.186	0.133	2.82981435280078e-18	c9	TWISTNB
1.53282389677207e-22	0.1397918213567	0.263	0.196	3.03345849171193e-18	c9	JOSD1
1.6013333764986e-22	0.14678732683154	0.43	0.338	3.16903875209072e-18	c9	MRPL20
1.73477380389513e-22	0.10233736607829	0.808	0.691	3.43311735790846e-18	c9	C12orf57
2.0389739939482e-22	0.271720243671136	0.197	0.143	4.03512953402348e-18	c9	TACC3
2.67649501058562e-22	0.184778688008401	0.242	0.18	5.29678362594894e-18	c9	GNA13
2.77383435354292e-22	1.11056193608696	0.048	0.025	5.48941818566145e-18	c9	MT1G
2.95233890748966e-22	0.134694291669608	0.327	0.249	5.84267869792204e-18	c9	OXA1L
3.20136177855346e-22	0.241330930099536	0.312	0.242	6.33549495975729e-18	c9	RALA
3.56352799362282e-22	0.21211315718569	0.256	0.192	7.05222189937956e-18	c9	HPCAL1
3.71577285039789e-22	0.125540604475807	0.367	0.283	7.35351447093742e-18	c9	PPA1
3.72385600609127e-22	0.353512515526134	0.099	0.063	7.36951103605462e-18	c9	RASSF3
3.76178957056403e-22	0.193425617838934	0.273	0.206	7.44458156014621e-18	c9	SETD2
4.15891065002607e-22	0.245080621034384	0.19	0.136	8.23048417640159e-18	c9	TOM1
4.90886210910166e-22	0.146994260556397	0.281	0.213	9.71463811391218e-18	c9	NUP58
5.02481354436957e-22	0.351012638434048	0.124	0.083	9.94410600430737e-18	c9	AARSD1
5.36788178450687e-22	0.229369362906397	0.247	0.185	1.06230380515391e-17	c9	BTF3L4
5.52349707215344e-22	1.48889089730894	0.015	0.005	1.09310007057917e-17	c9	NKX3-1
6.00035231345565e-22	0.341582016556287	0.142	0.097	1.18746972283287e-17	c9	LRRC41
6.10423183861433e-22	0.492575548536277	0.066	0.037	1.20802748086178e-17	c9	CYB561
8.19113544544268e-22	0.334919786129136	0.119	0.079	1.62102570465311e-17	c9	PARD6A
8.19135875522961e-22	0.289309116586274	0.142	0.097	1.62106989765994e-17	c9	RCOR1
9.55004527295738e-22	0.257770704745942	0.124	0.082	1.88995395951827e-17	c9	BAG5
1.22375142090556e-21	1.69053580503431	0.01	0.002	2.4218040619721e-17	c9	RBM11
1.31624295304682e-21	0.384912598995632	0.14	0.097	2.60484480407967e-17	c9	CDK16
1.47227941086455e-21	1.04426836258651	0.026	0.011	2.91364095410094e-17	c9	ALPK1
1.52941470765518e-21	1.24186896536437	0.017	0.006	3.0267117064496e-17	c9	ADAM23
1.65374845773015e-21	0.114573183724318	0.296	0.223	3.27276819784797e-17	c9	BCL11B
1.65507661078903e-21	0.27508587685786	0.185	0.133	3.2753966127515e-17	c9	SEC23B
1.69144772904372e-21	0.423408703141086	0.081	0.049	3.34737505577753e-17	c9	CRY2
2.03099060241056e-21	0.571071250210812	0.077	0.046	4.0193304021705e-17	c9	TAF9B
2.09373234104705e-21	0.389891957062824	0.085	0.052	4.14349630293211e-17	c9	SERPINB6
2.97342788983099e-21	0.451660879605484	0.071	0.042	5.88441379397552e-17	c9	ZSCAN18
4.75833044715701e-21	0.237440161720535	0.143	0.098	9.41673595492373e-17	c9	EXOSC6
5.68926042331737e-21	0.224886665896426	0.12	0.08	1.12590463777451e-16	c9	MINK1
5.7531946213885e-21	0.197038619895871	0.206	0.15	1.13855721557278e-16	c9	RNF11
8.59857959433559e-21	0.144541906352226	0.692	0.576	1.70165890171901e-16	c9	LRRFIP1
9.68462595616932e-21	0.262380744870013	0.164	0.116	1.91658747672591e-16	c9	CTDSP2
1.08627955496814e-20	0.469970793493114	0.084	0.052	2.14974723928194e-16	c9	FRAT1
1.15578748778614e-20	1.35702324546061	0.011	0.003	2.28730343832876e-16	c9	PRKN
1.21324980081655e-20	0.116161681074643	0.568	0.458	2.40102135581595e-16	c9	PEBP1
1.24675560914236e-20	0.325498147761518	0.121	0.081	2.46732935049274e-16	c9	TP53BP2
1.39246026599497e-20	1.13429683090429	0.012	0.004	2.75567886640404e-16	c9	IGF1R
1.39854820774964e-20	0.252453197837932	0.166	0.118	2.76772690313655e-16	c9	RLIM
1.46441866307541e-20	0.130461758671068	0.48	0.383	2.89808453422623e-16	c9	CAPZA1
1.46849941170656e-20	0.444315763807937	0.062	0.035	2.90616033576728e-16	c9	PTPN13
1.51443973795714e-20	0.631456760142975	0.043	0.022	2.99707624141719e-16	c9	FAM169A
1.62346053916801e-20	0.162998095480611	0.236	0.176	3.21282840701349e-16	c9	DHX9
1.73409384169417e-20	0.286731334561287	0.103	0.066	3.43177171271277e-16	c9	HEATR1
1.98459686241025e-20	0.111654579728923	0.572	0.457	3.92751719070988e-16	c9	XRCC6
2.64637956883637e-20	0.22467663086533	0.164	0.116	5.23718516672717e-16	c9	FBXO21
3.1464153113693e-20	0.363355840068408	0.088	0.055	6.22675590119985e-16	c9	PLCL1
3.3473143464983e-20	0.306890881855517	0.076	0.046	6.62433509172014e-16	c9	FCGRT
3.65904067847345e-20	0.216720043978226	0.189	0.137	7.24124150269895e-16	c9	HAUS3
4.09350654777563e-20	0.247151834395337	0.118	0.079	8.10104945804798e-16	c9	LGALS3BP
5.45918436499245e-20	0.315653148390368	0.096	0.061	1.08037258583201e-15	c9	MEPCE
6.15553348165481e-20	0.104071985534226	0.853	0.733	1.21818007601949e-15	c9	SKP1
7.31434459181804e-20	0.617315100189706	0.035	0.017	1.44750879472079e-15	c9	FAM117B
7.69030752717263e-20	0.355691718219301	0.064	0.037	1.52191185962746e-15	c9	AIF1
7.99666293802258e-20	0.443156185729735	0.071	0.043	1.58253959543467e-15	c9	UBE2D4
8.84799996022238e-20	0.137501400082669	0.22	0.163	1.75101919212801e-15	c9	RRP1B
1.3059114418132e-19	0.145197441526618	0.322	0.25	2.58439874334831e-15	c9	CAMLG
1.57006693834303e-19	0.338785529697481	0.169	0.123	3.10716247098085e-15	c9	COMMD5
1.76793011206916e-19	0.108470198835898	0.631	0.511	3.49873369178487e-15	c9	RBM3
1.78597637461981e-19	0.356992766139426	0.089	0.057	3.5344472453726e-15	c9	EPHX2
1.95872511499793e-19	0.360045129847078	0.072	0.044	3.8763170025809e-15	c9	YES1
2.30759112090804e-19	0.165322223011232	0.167	0.119	4.56672282827702e-15	c9	TARSL2
2.55331342929482e-19	0.698623641745674	0.042	0.022	5.05300727657444e-15	c9	HSBP1L1
2.90617751148339e-19	0.286620833730131	0.09	0.057	5.75132529522563e-15	c9	SORBS3
2.91478106683255e-19	0.241287100007677	0.147	0.104	5.76835173126161e-15	c9	WDR43
3.11366913116097e-19	0.182595342998219	0.195	0.143	6.16195121056755e-15	c9	ZNF131
3.12501210232139e-19	0.295711224726529	0.138	0.096	6.18439895049404e-15	c9	METTL8
3.21779572909368e-19	0.139623065710577	0.169	0.121	6.3680177478764e-15	c9	CCDC66
3.33241568641928e-19	0.105622951366052	0.272	0.206	6.59485064342375e-15	c9	TUT4
3.54670224632486e-19	0.268125750923847	0.149	0.106	7.01892374547689e-15	c9	TBC1D15
3.68418301112922e-19	0.419038411906331	0.126	0.087	7.29099817902473e-15	c9	POLB
4.01874236434502e-19	0.187852390995328	0.12	0.08	7.95309113903879e-15	c9	TMEM71
4.18767528091027e-19	0.12836980296222	0.267	0.203	8.28740938092143e-15	c9	C14orf119
5.50787436204006e-19	0.133423474198842	0.257	0.197	1.09000833624773e-14	c9	CCNT1
7.76934276003145e-19	0.161545754825515	0.137	0.095	1.53755293221022e-14	c9	CA5B
7.98177389264425e-19	0.27370446211398	0.194	0.144	1.5795930533543e-14	c9	USP10
8.84634093154882e-19	0.313705103208451	0.092	0.059	1.75069087035351e-14	c9	C11orf1
8.87788421150841e-19	0.120633668067436	0.209	0.155	1.75693328545752e-14	c9	DCTN4
1.1329612834847e-18	0.752561313700678	0.034	0.016	2.24213038001621e-14	c9	AC010422.3
1.58489171361872e-18	0.35306174274489	0.129	0.09	3.13650070125145e-14	c9	SCO2
1.89857568317076e-18	0.128409437849522	0.325	0.254	3.75728127699494e-14	c9	NDUFA5
1.99007034842652e-18	0.111311534440659	0.138	0.095	3.93834921953608e-14	c9	KLF12
2.1493650443038e-18	0.342217677582759	0.084	0.054	4.25359342267722e-14	c9	RRP12
2.24841991617908e-18	0.205549733221978	0.203	0.152	4.44962301411839e-14	c9	THOC3
2.3994663483202e-18	0.162016367655059	0.179	0.13	4.74854390332567e-14	c9	CDC25B
2.70372291706793e-18	1.12776912631	0.015	0.005	5.35066765287743e-14	c9	KIAA1958
2.89336758168568e-18	0.165451576681265	0.68	0.589	5.72597444415596e-14	c9	DDIT4
2.9133551564736e-18	0.185178321955366	0.147	0.104	5.76552985466125e-14	c9	POLR1C
3.27339092872411e-18	0.102031504768292	0.656	0.539	6.47804064794501e-14	c9	CNN2
5.49215049271256e-18	0.274811838379361	0.132	0.092	1.08689658250782e-13	c9	ANKRD13A
6.35866572962732e-18	0.36098953288784	0.081	0.052	1.25837994789325e-13	c9	UBASH3B
6.83207075210023e-18	1.00864058426928	0.016	0.006	1.35206680184063e-13	c9	GABBR1
7.23552706943412e-18	0.100982682959695	0.295	0.229	1.43191080704101e-13	c9	BNIP2
8.01662386827324e-18	1.42779892993811	0.01	0.003	1.58648986353127e-13	c9	DBNDD1
8.27340438443157e-18	0.103955334616642	0.336	0.264	1.63730672767901e-13	c9	PPP4R3A
9.61160340885509e-18	0.103192231733992	0.477	0.383	1.90213631461242e-13	c9	EIF3M
1.14038664816429e-17	0.440653748416787	0.095	0.063	2.25682517671713e-13	c9	ZNF184
1.14690870200996e-17	0.748514672685778	0.026	0.012	2.26973232127771e-13	c9	JAM3
1.61766703265512e-17	0.201740865021873	0.164	0.119	3.20136305762448e-13	c9	PAGR1
1.83729106122256e-17	0.147839176028509	0.243	0.186	3.63599901015944e-13	c9	MED28
1.84861403432139e-17	0.147915404924138	0.281	0.219	3.65840717392202e-13	c9	PBX4
1.91505011363936e-17	0.185221960794353	0.198	0.148	3.78988417489229e-13	c9	SRSF6
2.02149660782564e-17	0.18360564666059	0.304	0.242	4.00054178688695e-13	c9	HIF1A
2.19432958860233e-17	0.615631886581786	0.048	0.027	4.34257825584402e-13	c9	CITED4
2.35487230932954e-17	0.898158451551913	0.022	0.009	4.66029230016317e-13	c9	RAP1GAP2
2.74805124899094e-17	0.249336326764325	0.132	0.093	5.43839342175306e-13	c9	EEFSEC
2.76493349209845e-17	0.133349353541812	0.176	0.129	5.47180338086284e-13	c9	INPP4A
3.31150886316315e-17	0.821055767214702	0.043	0.023	6.55347604019988e-13	c9	FGFR1
3.38300662253157e-17	0.189679533121666	0.125	0.087	6.69497010598997e-13	c9	MGAT5
3.57510580457488e-17	0.136363192026144	0.285	0.222	7.07513438725369e-13	c9	GRPEL1
3.89413290631167e-17	0.454943761305653	0.082	0.054	7.7064890215908e-13	c9	PAICS
4.05609273406023e-17	0.166256239712729	0.214	0.162	8.0270075207052e-13	c9	GLOD4
5.11441604642047e-17	1.28418811805358	0.012	0.004	1.01214293558661e-12	c9	ENPP2
5.38711797699573e-17	0.113902147418275	0.262	0.202	1.06611064764745e-12	c9	DNAJC19
5.44204478782018e-17	0.108000226944054	0.298	0.233	1.07698066350961e-12	c9	MRFAP1L1
5.66087726176865e-17	0.268942613445616	0.102	0.069	1.12028761010402e-12	c9	PRR7
5.7343890211121e-17	0.182748549603164	0.195	0.146	1.13483558727808e-12	c9	MRPL32
5.8466144464315e-17	0.184156717870874	0.196	0.147	1.15704499894879e-12	c9	ADPRHL2
8.45387111584919e-17	0.190924449195211	0.128	0.09	1.67302109382655e-12	c9	AFF1
8.5586939270666e-17	0.152835360191	0.238	0.183	1.69376552816648e-12	c9	MORC3
1.1162216796826e-16	0.40671224600651	0.08	0.052	2.20900270409186e-12	c9	SLC36A4
1.15294736495424e-16	0.2525962436076	0.113	0.078	2.28168283524443e-12	c9	EDEM1
1.19562684552903e-16	0.169725043576585	0.211	0.16	2.36614552730194e-12	c9	SNRK
1.70051772136126e-16	0.15206191070296	0.182	0.135	3.36532457057393e-12	c9	NOC2L
2.38200869218185e-16	0.128773188498273	0.207	0.156	4.71399520182788e-12	c9	MPHOSPH10
2.54953045516055e-16	0.890758793163171	0.02	0.008	5.04552077076273e-12	c9	MID2
2.72977551374022e-16	0.168670707289431	0.095	0.063	5.4022257416919e-12	c9	BCL9L
2.79473593959773e-16	0.149388312193283	0.137	0.098	5.5307824244639e-12	c9	NDUFAF4
2.81442644086293e-16	0.349203515852097	0.103	0.07	5.56974992646774e-12	c9	HNRNPH2
2.86790238498432e-16	0.733276373376143	0.029	0.014	5.67557881988396e-12	c9	CH25H
2.93591988293581e-16	1.33685231850307	0.01	0.003	5.81018544832997e-12	c9	CRISPLD2
3.27837209906911e-16	0.206124404811856	0.106	0.073	6.48789838405777e-12	c9	SETD1B
3.30961128494961e-16	0.280648787188294	0.094	0.063	6.54972073291528e-12	c9	DHX40
3.55713647146407e-16	0.582919194870813	0.046	0.026	7.03957307702739e-12	c9	KIF16B
3.90492787707401e-16	0.230563290058226	0.139	0.101	7.72785226872947e-12	c9	CREBL2
4.4287626079466e-16	0.269504575496317	0.1	0.068	8.76452120112631e-12	c9	STMN3
4.46098650956595e-16	0.128749220991965	0.32	0.255	8.82829230243101e-12	c9	CNOT7
5.33967205329029e-16	0.16374237811228	0.094	0.063	1.05672109934615e-11	c9	MDN1
7.60670027411141e-16	0.931488161366918	0.017	0.007	1.50536598424665e-11	c9	ZBTB18
8.33872917438192e-16	0.1800838380951	0.168	0.124	1.65023450361018e-11	c9	TXLNG
1.01860208001137e-15	0.141800790733942	0.172	0.128	2.0158135163425e-11	c9	BET1L
1.05714052716569e-15	0.426455502936731	0.075	0.049	2.0920811032609e-11	c9	EXOC3
1.06980805401655e-15	0.245452552987407	0.156	0.115	2.11715013889875e-11	c9	DIMT1
1.12541109830717e-15	0.556711863036492	0.045	0.025	2.22718856354989e-11	c9	AL136454.1
1.23114631315514e-15	0.210296506628815	0.13	0.093	2.43643855373403e-11	c9	OXSR1
1.47399954519019e-15	0.208314153572321	0.13	0.094	2.91704509993139e-11	c9	TIAM1
1.58272743008121e-15	0.200443597457152	0.196	0.15	3.13221758413072e-11	c9	NFU1
1.70481527306257e-15	0.121486998353484	0.227	0.176	3.37382942539083e-11	c9	MAP3K2
1.71331260364755e-15	0.145503033656522	0.133	0.095	3.3906456426185e-11	c9	GALT
1.84673849592384e-15	0.163024972108945	0.271	0.215	3.65469548343328e-11	c9	PQBP1
1.92237457792025e-15	0.614076117361314	0.038	0.021	3.80437928970418e-11	c9	COL18A1
2.12107906581702e-15	0.116304092633064	0.399	0.323	4.19761547125188e-11	c9	MOB4
2.15006594881236e-15	1.0140595217852	0.015	0.006	4.25498051269966e-11	c9	ACVR2A
2.29447855751139e-15	0.252281377237503	0.084	0.056	4.54077306531503e-11	c9	TASP1
2.29551205734552e-15	0.239178647174971	0.088	0.059	4.54281836148679e-11	c9	ENDOD1
2.33378784859484e-15	0.188641611156401	0.113	0.079	4.61856615236918e-11	c9	SESN1
2.6816782015907e-15	0.654634796420002	0.03	0.015	5.30704116094799e-11	c9	AC124312.1
2.93235186193995e-15	0.106020775753336	0.327	0.261	5.80312433477916e-11	c9	NGDN
3.05947760766504e-15	0.124682633792091	0.163	0.12	6.05470618556911e-11	c9	MSL2
3.1449659555782e-15	0.101302346658873	0.184	0.139	6.22388762608925e-11	c9	PACS1
3.28742812146294e-15	0.194135947306455	0.174	0.132	6.50582025237517e-11	c9	MRPS33
3.72059616349434e-15	0.18960800136546	0.175	0.132	7.3630598075553e-11	c9	USE1
4.86329176246271e-15	0.252882118486117	0.114	0.081	9.62445439791371e-11	c9	MAP4K2
5.43162145978981e-15	0.651318839161016	0.039	0.022	1.0749178868924e-10	c9	BEX5
7.00287086003444e-15	0.963271162551778	0.017	0.007	1.38586814320082e-10	c9	AFF3
7.25382719954506e-15	0.540456070910871	0.045	0.026	1.43553240278997e-10	c9	TOP1MT
7.49300253500407e-15	0.166021723112964	0.148	0.108	1.48286520167731e-10	c9	RAP2C
1.32272867665671e-14	0.117796262469397	0.267	0.212	2.61768005110363e-10	c9	CEP57
1.46348971832155e-14	0.196101282542259	0.082	0.055	2.89624615255835e-10	c9	IQSEC1
1.69733833448285e-14	0.444032519948367	0.035	0.019	3.35903256394156e-10	c9	ZNF540
1.7672996432395e-14	0.264157286376444	0.121	0.087	3.49748599397096e-10	c9	GPATCH4
1.92265957911118e-14	0.280998769688908	0.076	0.05	3.80494330706103e-10	c9	HERC3
2.27719916040217e-14	0.315113319744465	0.059	0.037	4.50657713843589e-10	c9	HIP1R
2.37959691809788e-14	0.406318433082599	0.055	0.034	4.70922230091571e-10	c9	TSPAN2
2.49237019122227e-14	0.629956600080722	0.03	0.015	4.93240060842888e-10	c9	RNF157
2.49813263832554e-14	0.163267107452594	0.098	0.068	4.94380449124624e-10	c9	MLF1
2.53471914303901e-14	0.460538880436272	0.038	0.021	5.0162091840742e-10	c9	ZNF563
2.82618309802578e-14	0.772553880064562	0.031	0.017	5.59301635099303e-10	c9	QSOX2
3.13248964800144e-14	0.45108546618281	0.075	0.05	6.19919701339485e-10	c9	GRK5
3.31067389869395e-14	0.200612071939781	0.113	0.08	6.55182364551532e-10	c9	FASTKD2
3.4774100939918e-14	0.236719792013879	0.109	0.077	6.88179457600978e-10	c9	RBM12
3.49615311645745e-14	0.10438847913916	0.241	0.189	6.9188870174693e-10	c9	DDX50
3.73822396562764e-14	0.173278157430407	0.07	0.045	7.39794522797709e-10	c9	KDM5D
4.1471267066497e-14	0.237238264023552	0.072	0.047	8.20716375245976e-10	c9	DUSP14
4.51676140095047e-14	0.305912005505254	0.071	0.046	8.93867081248097e-10	c9	RAB33B
4.57583876042382e-14	0.526726153699555	0.028	0.014	9.05558490687874e-10	c9	ZFP30
4.69178352594195e-14	0.106990064049238	0.203	0.156	9.28503959783911e-10	c9	ARCN1
4.87037698890453e-14	0.397491695942061	0.085	0.058	9.63847606104206e-10	c9	EPOR
7.08326597774403e-14	0.116471745930718	0.162	0.121	1.40177833699554e-09	c9	ANKH
7.80309138372921e-14	0.146025353815084	0.127	0.092	1.54423178484001e-09	c9	TRNT1
9.01636207973667e-14	0.115857554159581	0.29	0.234	1.78433805557989e-09	c9	DDT
9.29301367643848e-14	0.147956161191407	0.219	0.172	1.83908740656718e-09	c9	MRPL14
9.99791314067412e-14	0.34362155538123	0.071	0.046	1.97858701053941e-09	c9	HABP4
1.03512691096087e-13	0.157467063040625	0.179	0.137	2.04851615679156e-09	c9	TGIF2
1.08621727719323e-13	0.2787831053383	0.051	0.031	2.1496239915654e-09	c9	PDE8A
1.31450111052809e-13	0.137606523238764	0.143	0.107	2.6013976977351e-09	c9	RPS6KB1
1.59888373327536e-13	0.839802145620472	0.016	0.006	3.16419090815194e-09	c9	PKIG
1.95917423435697e-13	0.114993754288653	0.12	0.087	3.87720580979245e-09	c9	CYP51A1
2.00593005684053e-13	1.33199531746438	0.012	0.005	3.96973558248741e-09	c9	PANK1
2.93738402993844e-13	0.188609299344624	0.104	0.074	5.81308299524818e-09	c9	TIMM10B
2.9909744707839e-13	0.123794170626918	0.192	0.149	5.91913847768134e-09	c9	AKAP17A
3.04304339041402e-13	0.224489575835697	0.209	0.166	6.02218286962935e-09	c9	ADSL
3.12615758068961e-13	0.306613901395937	0.042	0.025	6.18666585218473e-09	c9	TPCN1
3.49089231029818e-13	0.559216389093152	0.025	0.013	6.9084758820801e-09	c9	ZNF483
3.51287428399737e-13	0.439280685653686	0.052	0.032	6.9519782080308e-09	c9	KLF11
3.56401333998883e-13	0.252739367600523	0.117	0.085	7.0531823998379e-09	c9	SLC25A33
3.65011962560507e-13	0.255297860911111	0.129	0.096	7.22358673907243e-09	c9	EHD4
4.38450073283734e-13	0.878485732875413	0.016	0.007	8.67692695028510e-09	c9	TMEM30B
4.80464972583345e-13	0.330812327211311	0.047	0.029	9.50840180742441e-09	c9	SLC2A11
4.83610982457016e-13	0.15360933380741	0.143	0.107	9.57066134282435e-09	c9	NOP16
6.52624022132922e-13	0.158509924268766	0.105	0.075	1.29154293980105e-08	c9	MAP4K4
6.75138143012534e-13	0.242020379793501	0.104	0.074	1.33609838502181e-08	c9	MTRR
6.80690385827632e-13	0.203091736649444	0.105	0.075	1.34708627355288e-08	c9	SELENOO
6.81147761066244e-13	0.218249934438205	0.07	0.047	1.3479914191501e-08	c9	EPHB6
7.64645466427611e-13	0.131731837401357	0.106	0.076	1.51323337806024e-08	c9	ATP9B
8.14724488172822e-13	0.204866129502197	0.103	0.074	1.61233976209401e-08	c9	N4BP2
8.62308850292285e-13	0.327041512018762	0.052	0.033	1.70650921472843e-08	c9	OTUD6B
9.37729203624892e-13	0.696564082969199	0.021	0.01	1.85576609397366e-08	c9	WDR86
1.09541060575266e-12	0.607963613279594	0.019	0.009	2.16781758878452e-08	c9	TNFRSF13C
1.23150146943399e-12	0.110352155150212	0.168	0.129	2.43714140800986e-08	c9	RAB3GAP1
1.233708520499e-12	0.623004043015542	0.032	0.018	2.44150916206752e-08	c9	FAM89A
1.24164196456235e-12	0.125726780146733	0.151	0.114	2.45720944786889e-08	c9	ZNF830
1.27157379832459e-12	1.33132813140552	0.011	0.004	2.51644454688437e-08	c9	FNDC4
1.3956283586764e-12	0.368879576111381	0.064	0.042	2.7619485218206e-08	c9	SMIM3
1.51115253005511e-12	0.199978778325055	0.119	0.087	2.99057085697907e-08	c9	FAM76B
1.56835198665687e-12	1.21204881795473	0.013	0.005	3.10376858159395e-08	c9	RAC3
1.61441189287718e-12	0.100009674023214	0.247	0.197	3.19492113600393e-08	c9	NELFE
1.63535015095998e-12	0.640917340564245	0.029	0.016	3.23635794874981e-08	c9	MPP5
1.66180631974144e-12	0.308082164376152	0.096	0.068	3.28871470676831e-08	c9	UTP4
2.00181101797977e-12	0.811547927561661	0.013	0.005	3.96158400458197e-08	c9	ZFYVE9
2.02778750296905e-12	0.351947739638901	0.076	0.052	4.01299146837575e-08	c9	MSRA
2.12798513526354e-12	0.431552732771936	0.068	0.046	4.21128258268654e-08	c9	RIPK2
2.42023073660227e-12	0.963184727268181	0.018	0.008	4.78963662773588e-08	c9	GPR146
2.47611681233686e-12	0.221811980894238	0.108	0.079	4.90023517161465e-08	c9	NMD3
2.50483344866143e-12	0.427245342252214	0.046	0.028	4.95706539490098e-08	c9	AIG1
3.29872777322667e-12	0.336734240988638	0.056	0.036	6.52818226321558e-08	c9	AKAP1
3.37386161602964e-12	0.506884223109218	0.029	0.016	6.67687213812266e-08	c9	ZNF571
3.49930112675475e-12	0.486090658685898	0.033	0.019	6.92511692984764e-08	c9	MORN3
3.52019069839184e-12	0.564087746318143	0.024	0.012	6.96645739211744e-08	c9	TLR1
3.68687138626197e-12	0.108452850516082	0.23	0.184	7.29631847341243e-08	c9	USP14
4.26823327696615e-12	0.672622490223764	0.052	0.033	8.44683365511602e-08	c9	MASTL
4.94801559381828e-12	0.782417399669929	0.03	0.017	9.79212286016638e-08	c9	SLC19A1
5.51166142754392e-12	0.159912673772954	0.227	0.182	1.09075779651094e-07	c9	TMEM70
6.01956138819994e-12	0.123931632552179	0.109	0.079	1.19127119872477e-07	c9	PDK3
7.11702175740996e-12	0.101244119644431	0.23	0.184	1.40845860579143e-07	c9	CHMP2B
7.59429811982295e-12	0.503988607986706	0.037	0.022	1.50291159791296e-07	c9	UBOX5
8.53761472662603e-12	0.205370418515815	0.1	0.072	1.68959395439929e-07	c9	TLNRD1
8.68315754252855e-12	0.18247676655943	0.097	0.07	1.7183968776664e-07	c9	BICDL1
9.11903584396753e-12	0.192612088614393	0.094	0.067	1.80465719352117e-07	c9	HIPK3
9.54901328610588e-12	0.110488275543322	0.198	0.156	1.88974972932035e-07	c9	PRPS1
9.55279938923023e-12	1.04636135120426	0.012	0.005	1.89049899912866e-07	c9	PLEK2
1.01182069417922e-11	0.917626713879914	0.013	0.005	2.00239315378067e-07	c9	GPR160
1.08033776685263e-11	0.378005750029619	0.087	0.063	2.13798844060136e-07	c9	SYNJ2
1.12669592971724e-11	0.147048998696684	0.126	0.094	2.22973124491041e-07	c9	SUPV3L1
1.26190586500607e-11	0.121561032481117	0.127	0.095	2.49731170684701e-07	c9	ANKRD13C
1.33858106572096e-11	0.511763760256612	0.049	0.031	2.64905192906179e-07	c9	CBR3
1.37459671855066e-11	0.166586243792773	0.075	0.051	2.72032690601176e-07	c9	CTC1
1.43721701350252e-11	0.196575511197312	0.125	0.094	2.84425246972149e-07	c9	HSPBP1
1.48403812323446e-11	0.412018533476356	0.047	0.03	2.93691144588099e-07	c9	PRMT6
1.63006371344867e-11	0.175291362722436	0.098	0.071	3.22589608891491e-07	c9	CUX1
1.64126977986769e-11	0.16692717816384	0.143	0.109	3.24807289435816e-07	c9	TRAF4
1.82869374350976e-11	0.134024870400415	0.124	0.092	3.61898491840581e-07	c9	MMGT1
1.83616851725987e-11	0.144317633854952	0.103	0.075	3.63377749565728e-07	c9	SIK2
1.9115349604026e-11	0.169991214405351	0.143	0.11	3.78292768663675e-07	c9	MGAT2
2.18043175900274e-11	0.834070080279886	0.018	0.009	4.31507445106642e-07	c9	FBXO10
2.86717179355711e-11	0.823491630794664	0.019	0.009	5.67413297944952e-07	c9	FRY
2.94452407082221e-11	0.482699792264524	0.039	0.024	5.82721313615715e-07	c9	CHKA
3.08507260442677e-11	0.315789924819077	0.063	0.043	6.10535868416057e-07	c9	HIPK2
3.17906827989267e-11	0.173487130879477	0.147	0.113	6.2913761259076e-07	c9	TIMM10
3.4211309773955e-11	0.113594274351588	0.228	0.184	6.7704182042657e-07	c9	ETHE1
3.89897930024555e-11	0.587215947984679	0.03	0.017	7.71608003518595e-07	c9	ZNF395
3.90279003588609e-11	0.179706182067554	0.124	0.094	7.72362148101858e-07	c9	COMMD10
4.32611061794288e-11	0.182061338996691	0.161	0.126	8.56137291290895e-07	c9	SRP68
4.69845085579243e-11	0.419332925854226	0.037	0.022	9.29823424361322e-07	c9	ZNF287
4.71538819946768e-11	0.597743359413808	0.014	0.006	9.33175324674653e-07	c9	PLAG1
4.75466553519927e-11	0.622182740842336	0.023	0.012	9.40948309415935e-07	c9	LCMT2
4.87982623091925e-11	0.818834977095784	0.014	0.006	9.6571761109892e-07	c9	ACVR1C
5.2178180035398e-11	0.25870015971539	0.069	0.047	1.03260618290053e-06	c9	ZFY
5.51863040376237e-11	0.29427433230362	0.057	0.038	1.09213695690457e-06	c9	TMEM184B
5.78884366193765e-11	0.272764668129243	0.051	0.033	1.14561216069746e-06	c9	IL18BP
5.88788073812549e-11	0.314879198030075	0.067	0.046	1.16521159807503e-06	c9	AMPD2
6.41763541274267e-11	0.11394199467173	0.13	0.098	1.27005004818177e-06	c9	HIPK1
6.48650253806957e-11	0.110238671974183	0.173	0.136	1.28367885228397e-06	c9	OXCT1
6.52549841458681e-11	0.286893031672894	0.057	0.038	1.29139613624673e-06	c9	EVA1C
6.79567672490626e-11	0.111825660088218	0.074	0.051	1.34486442385895e-06	c9	EPHA4
7.42670108085033e-11	0.354271108864741	0.059	0.04	1.46974414390028e-06	c9	TBXAS1
7.91893262488349e-11	0.487294456136086	0.021	0.011	1.56715676646444e-06	c9	NR3C2
8.14117590659763e-11	0.125751536989063	0.151	0.117	1.61113871191567e-06	c9	LTA4H
8.78985094655562e-11	0.122435930537182	0.105	0.077	1.73951150232336e-06	c9	CYP4V2
8.89530091526384e-11	0.775053893819142	0.021	0.011	1.76038005113071e-06	c9	ZNF784
9.79837024351635e-11	0.254761245925864	0.08	0.057	1.93909747119189e-06	c9	CTU2
1.00515763395485e-10	0.304210879646175	0.06	0.041	1.98920695759664e-06	c9	OPA3
1.14311971312699e-10	0.125105409554789	0.084	0.059	2.26223391227832e-06	c9	SHISAL2A
1.27295449731153e-10	0.387269671958059	0.039	0.024	2.51917695017951e-06	c9	RCBTB2
1.30482049214572e-10	0.167047632955615	0.128	0.097	2.58223975395638e-06	c9	CRLS1
1.32738520490926e-10	0.110287582624767	0.215	0.174	2.62689532051542e-06	c9	WIPI2
1.37741621133861e-10	0.419981082556697	0.04	0.025	2.72590668223911e-06	c9	ZYG11B
1.50439323873696e-10	0.273248594900492	0.065	0.045	2.97719421946044e-06	c9	FASTKD5
1.55654262623813e-10	0.10006862302781	0.172	0.135	3.08039785732526e-06	c9	CHRAC1
1.56269466162549e-10	0.261464461998835	0.07	0.049	3.09257273535684e-06	c9	HPS6
1.69938121312338e-10	0.237000833230679	0.073	0.052	3.36307542077116e-06	c9	PPRC1
1.74541522722986e-10	0.516201731256878	0.032	0.019	3.45417673468789e-06	c9	SAV1
1.8149712268623e-10	0.715026170814528	0.018	0.009	3.5918280579605e-06	c9	FBXL22
1.90097127549548e-10	0.224499503405552	0.081	0.058	3.76202215420556e-06	c9	LIN7C
1.91929766531405e-10	0.463377574226072	0.029	0.017	3.79829007965651e-06	c9	SAMD12
2.00235002257161e-10	0.563224737007909	0.027	0.015	3.96265069466921e-06	c9	ZBTB5
2.06614928193763e-10	0.165860195441528	0.07	0.049	4.08890942895457e-06	c9	DHRS3
2.3049109363172e-10	0.107823498035351	0.117	0.088	4.56141874297175e-06	c9	HECA
2.37272734557017e-10	0.169658532423449	0.121	0.092	4.69562741688337e-06	c9	CBWD1
2.47560506657823e-10	0.846548265086441	0.014	0.006	4.89922242675832e-06	c9	BCL9
2.59935940566441e-10	0.376737871405503	0.038	0.023	5.14413226380987e-06	c9	CLUAP1
2.67885490191953e-10	0.134817163376994	0.166	0.132	5.30145385089876e-06	c9	SNRNP35
2.93227999023789e-10	0.143765789637053	0.076	0.054	5.80298210068078e-06	c9	GNL3L
2.98224661698148e-10	0.372860324587049	0.052	0.034	5.90186605500634e-06	c9	FGL2
3.25989328934281e-10	0.429461876905753	0.043	0.027	6.45132881960942e-06	c9	DDX28
3.5368753868026e-10	0.641099118935687	0.027	0.015	6.99947639048235e-06	c9	ATG9B
3.55054409644747e-10	0.983359489259899	0.01	0.004	7.02652676686954e-06	c9	KANK1
3.57946709779759e-10	0.136019571804526	0.12	0.091	7.08376538654143e-06	c9	PSMD5
3.95605401853887e-10	0.580533707292767	0.018	0.009	7.82903090268843e-06	c9	C1orf54
4.0741616238615e-10	0.114242364707031	0.15	0.117	8.06276585362191e-06	c9	CCDC97
4.08170442752188e-10	0.781340133854195	0.017	0.008	8.0776930620658e-06	c9	ZNF717
4.17163316822086e-10	0.143529926230473	0.08	0.057	8.25566203990909e-06	c9	PARP11
4.2300250943969e-10	0.171890903311925	0.076	0.054	8.37121966181146e-06	c9	POGK
5.70858423465063e-10	1.02934463737712	0.01	0.004	1.12972882003736e-05	c9	WWC2
5.77670439768516e-10	0.127571187879786	0.108	0.081	1.14320980030189e-05	c9	MPRIP
6.38680930614868e-10	0.296106170891137	0.06	0.041	1.26394956168682e-05	c9	DPH5
6.69335751040439e-10	0.146142026854343	0.086	0.063	1.32461545130903e-05	c9	MAP3K13
7.00492760955779e-10	0.452689390830535	0.051	0.034	1.38627517393149e-05	c9	RASL11A
7.30736318519615e-10	0.293055644077361	0.045	0.029	1.44612717435032e-05	c9	PWWP2B
7.34167990752210e-10	0.154065987729793	0.12	0.091	1.45291845369862e-05	c9	BET1
7.99185489730069e-10	0.147159273293533	0.088	0.064	1.58158808417581e-05	c9	AVPI1
8.85538728410546e-10	0.248023513454886	0.052	0.035	1.75248114352447e-05	c9	GIMAP8
9.34292307098571e-10	0.240575014132547	0.083	0.06	1.84896447574807e-05	c9	C2orf69
9.38989232149349e-10	0.764392087571899	0.025	0.014	1.85825969042356e-05	c9	HRH2
9.4588405710259e-10	0.100361075919435	0.139	0.108	1.87190454900603e-05	c9	PRKRA
1.06578369896226e-09	0.336303735495712	0.075	0.054	2.10918594024632e-05	c9	FURIN
1.09443867190138e-09	0.894769830742325	0.016	0.008	2.16589413169283e-05	c9	NLGN4Y
1.14553033566917e-09	0.214018553377931	0.119	0.092	2.26700453428928e-05	c9	MID1IP1
1.21208100954409e-09	0.362195341991673	0.07	0.05	2.39870831788775e-05	c9	MYC
1.37184793160826e-09	0.134536927734767	0.068	0.048	2.71488705665274e-05	c9	B3GLCT
1.38615324076683e-09	0.132716833826394	0.124	0.096	2.74319726347755e-05	c9	PPA2
1.4953011863404e-09	0.356790218637943	0.048	0.032	2.95920104776766e-05	c9	NARS2
1.69866720139321e-09	0.301099839552663	0.034	0.021	3.36166239155717e-05	c9	CDHR3
1.76359109264445e-09	0.887832356026259	0.018	0.009	3.49014677234337e-05	c9	ESPN
1.93176459154707e-09	0.173543109412522	0.056	0.038	3.82296212667165e-05	c9	CPQ
1.98756211558541e-09	0.98476483761701	0.011	0.005	3.93338542674352e-05	c9	RRAGD
2.02197986297567e-09	0.541381265580586	0.02	0.011	4.00149814882884e-05	c9	TGFA
2.08914769771212e-09	0.672165570928651	0.021	0.011	4.13442329377229e-05	c9	KLF7
2.09274706284179e-09	0.208279010333057	0.061	0.043	4.14154643736391e-05	c9	TECPR1
2.45523808940452e-09	0.153301619561191	0.091	0.068	4.85891617893155e-05	c9	GXYLT1
2.4975687701716e-09	0.108451201207631	0.147	0.116	4.9426885961696e-05	c9	POLR2D
2.71612389664109e-09	0.327037615160581	0.099	0.075	5.37520919145271e-05	c9	IGFBP4
2.84317580587421e-09	0.872241384414169	0.016	0.008	5.62664491982507e-05	c9	CDK5R1
2.94533725812511e-09	0.105108519121677	0.162	0.13	5.8288224338296e-05	c9	BLOC1S6
3.09291085655863e-09	0.21346680941703	0.123	0.096	6.12087058512953e-05	c9	ASMTL
3.1109353623532e-09	0.548947286414679	0.02	0.011	6.15654108209698e-05	c9	FBP1
3.22014000302143e-09	0.330846242960192	0.029	0.017	6.37265706597941e-05	c9	MAN1C1
3.24530711342211e-09	0.150248342457184	0.097	0.073	6.42246277746236e-05	c9	MIS12
3.5183881092593e-09	0.11425200379922	0.117	0.09	6.96289006822416e-05	c9	MAP3K5
3.57536637505883e-09	0.157439124990935	0.059	0.041	7.07565005624142e-05	c9	LCLAT1
3.8931957946889e-09	0.138775812762667	0.086	0.064	7.70463447768934e-05	c9	SLC7A1
3.93682882039406e-09	0.13485683495242	0.104	0.079	7.79098423555985e-05	c9	PPP2R2D
4.09031889907709e-09	0.229601292600944	0.062	0.044	8.09474110127357e-05	c9	SLC9B2
4.29410035445189e-09	0.28740477605987	0.061	0.043	8.49802460146029e-05	c9	RUNDC1
4.37023374301186e-09	0.422755736439274	0.042	0.027	8.64869257742047e-05	c9	EID3
4.38699950047715e-09	0.798069568870818	0.018	0.009	8.68187201144428e-05	c9	MAPRE3
4.55222424292185e-09	0.193325459285227	0.055	0.037	9.00885177674234e-05	c9	PLA2G12A
5.66734498618173e-09	0.51733836833913	0.023	0.013	0.000112156757276536	c9	ULK2
6.1278789995127e-09	0.32190918235258	0.049	0.033	0.000121270725400356	c9	INTS5
6.85787847478918e-09	0.21439552080699	0.095	0.072	0.000135717415016078	c9	FAM45A
7.00372406932847e-09	0.393050506113315	0.03	0.018	0.00013860369933201	c9	KLF16
7.142919239946e-09	0.533718615347151	0.03	0.019	0.000141358371758531	c9	GPAT3
7.24669107575675e-09	0.332445940375497	0.039	0.025	0.000143412016389226	c9	RBBP9
8.05508289668888e-09	0.784124455509557	0.011	0.005	0.000159410090525473	c9	USP44
8.30133117986518e-09	0.717918214426381	0.018	0.009	0.000164283344049532	c9	ZNF165
8.30727666807512e-09	0.169496212775814	0.081	0.06	0.000164401005261207	c9	EIF2D
9.53608679595128e-09	0.101167104360881	0.129	0.101	0.000188719157691876	c9	ZFAND1
9.60107161986603e-09	0.215386958269823	0.055	0.038	0.000190005207357149	c9	SPICE1
1.18605538013553e-08	0.140984749238268	0.145	0.116	0.000234720359728822	c9	MCM6
1.19197623237273e-08	0.378738017514668	0.053	0.037	0.000235892096386562	c9	FAM13A
1.22215972731515e-08	0.237864610338128	0.079	0.059	0.000241865410035669	c9	NSUN4
1.44959494167378e-08	0.198327591266379	0.083	0.062	0.00028687483895724	c9	ERC1
1.53466325690677e-08	0.100028634723223	0.075	0.055	0.000303709858541849	c9	C6orf120
1.55537328616656e-08	0.186126997744534	0.071	0.051	0.000307808373332363	c9	EPC2
1.57569822156391e-08	0.765188244614083	0.014	0.007	0.000311830678047498	c9	MAML3
1.58831442522283e-08	0.25911698913892	0.07	0.051	0.000314327424751598	c9	TTC33
1.66748378490896e-08	0.499611877676136	0.015	0.007	0.000329995041033484	c9	DTWD2
1.70418315496354e-08	0.799433030225389	0.014	0.007	0.000337257846367286	c9	MAGI3
1.82996872469854e-08	0.241324495935797	0.077	0.057	0.000362150810617841	c9	NUDT15
2.2233337527906e-08	0.108245387101074	0.097	0.074	0.00043999774967726	c9	CTDP1
2.27714565897473e-08	0.632024667201366	0.021	0.012	0.000450647125911099	c9	ACSS2
2.74186162020423e-08	0.352535489465331	0.024	0.014	0.000542614414638417	c9	METAP1D
2.75580894981258e-08	0.629709814978993	0.021	0.012	0.000545374591167909	c9	ADGRE1
3.11296477079575e-08	0.105613581969336	0.147	0.118	0.00061605572814048	c9	PRPF19
3.19717204127591e-08	0.136911093696885	0.114	0.089	0.000632720346968503	c9	RIOK2
3.55795658608677e-08	0.141235620896438	0.133	0.106	0.000704119608386571	c9	DTNBP1
3.98594026235217e-08	0.977244745690413	0.012	0.006	0.000788817577919495	c9	MYOM2
4.15651301903755e-08	0.489079505189964	0.046	0.032	0.000822573926467531	c9	MTHFD1L
4.40118569330548e-08	0.200347406453055	0.089	0.068	0.000870994648705154	c9	PKIA
4.8186810393938e-08	0.332553607693989	0.029	0.018	0.000953616977696033	c9	TSGA10
5.00293295116716e-08	0.125405192067513	0.094	0.072	0.000990080431035981	c9	NOL9
5.42466871938514e-08	0.171498990105226	0.081	0.061	0.00107354193956632	c9	B3GALT6
5.91490471805252e-08	0.280881022115864	0.048	0.033	0.00117055964370259	c9	RIOX2
6.18488169695911e-08	0.399003959451705	0.032	0.021	0.00122398808782821	c9	EMILIN2
6.60259403053708e-08	0.512308909407936	0.016	0.009	0.00130665335864329	c9	YPEL4
6.94514888436629e-08	0.677310214988377	0.012	0.006	0.00137444496421609	c9	ZNF208
7.01692733554589e-08	0.451475387724053	0.028	0.018	0.00138864991970453	c9	PPP1R3B
8.0463096895196e-08	0.469813276239252	0.027	0.016	0.00159236468755593	c9	CTSF
8.83821058358934e-08	0.233479947366324	0.044	0.03	0.00174908187449233	c9	SYNGAP1
9.35466582315979e-08	0.336966129484959	0.054	0.038	0.00185128836640332	c9	SERPINB8
9.80324621995185e-08	0.185128740403941	0.09	0.069	0.00194006242692847	c9	NOL10
1.07624875259818e-07	0.170267454039686	0.073	0.054	0.00212989628139181	c9	GCC1
1.08637478881181e-07	0.137445455911503	0.064	0.046	0.00214993570705858	c9	POLR3H
1.11109228754511e-07	0.67839982101509	0.015	0.008	0.00219885163705178	c9	ZDHHC9
1.13058176641119e-07	0.292094606369652	0.06	0.044	0.00223742131572775	c9	KTI12
1.13528511909386e-07	0.119693193528831	0.073	0.054	0.00224672925068675	c9	GAMT
1.26690460482792e-07	0.144419151626156	0.11	0.087	0.00250720421295446	c9	POLD2
1.49284663952028e-07	0.142922638823554	0.071	0.053	0.00295434349961064	c9	DDX20
1.60647314066975e-07	0.145624189559534	0.059	0.043	0.00317921034538543	c9	RBSN
1.62445039818654e-07	0.105279192905699	0.058	0.042	0.00321478733801116	c9	TBL1X
1.67007744364478e-07	0.419031351167329	0.019	0.011	0.00330508326097302	c9	SLC16A10
1.74135293797465e-07	0.1476221887017	0.094	0.073	0.00344613746425183	c9	CSTF2T
1.76196712036394e-07	0.504174415532735	0.017	0.01	0.00348693293120024	c9	FAM229B
2.01069850210355e-07	0.101085626591311	0.084	0.064	0.00397917233566292	c9	FCF1
2.08816722339301e-07	0.132496366421345	0.045	0.031	0.00413248293509477	c9	ZNF189
2.13034953933675e-07	0.145530753391254	0.068	0.05	0.00421596173834743	c9	ZNF14
2.14772922477544e-07	0.290041085282875	0.031	0.02	0.0042503561358306	c9	CLN5
2.28641928511825e-07	0.158271785770282	0.072	0.054	0.00452482376524902	c9	RBL1
2.36612368803209e-07	0.676086771677506	0.01	0.005	0.00468255877861551	c9	ARMCX2
2.37892428992287e-07	0.113178974938612	0.051	0.036	0.00470789116975736	c9	TMEM191C
2.49288402953868e-07	0.150338849176658	0.115	0.091	0.00493341749445704	c9	RNF41
2.74210677906894e-07	0.193140058292296	0.067	0.049	0.00542662931577743	c9	LYRM7
2.77469481957707e-07	0.164304110880567	0.077	0.059	0.00549112104794302	c9	UMPS
3.1489109436693e-07	0.343021094344362	0.029	0.019	0.00623169475752154	c9	TMEM25
3.36169351808469e-07	0.832660319905582	0.012	0.006	0.0066527914722896	c9	RPS6KA2
3.36871634182877e-07	0.295917538244701	0.031	0.02	0.00666668964047914	c9	SBF2
3.83906047305863e-07	0.17245344097255	0.057	0.041	0.00759750067618303	c9	SLC44A1
4.04786344866441e-07	0.126418885131668	0.1	0.078	0.00801072176490687	c9	SMIM20
4.04947310972877e-07	0.191472844463784	0.052	0.037	0.00801390728415323	c9	PJA1
4.75419545069953e-07	0.711749788375911	0.01	0.005	0.00940855279693436	c9	ACSM3
4.78529957707808e-07	0.104102397834076	0.154	0.127	0.00947010786303752	c9	ACAT2
5.22162704017096e-07	0.774309085039913	0.011	0.005	0.0103335999124983	c9	C17orf51
5.39121430990534e-07	0.808938533100898	0.015	0.008	0.0106692131193027	c9	ANK1
5.59340071595386e-07	0.124710798848646	0.075	0.057	0.0110693400168727	c9	MLXIP
5.86900206135293e-07	0.584429378447043	0.016	0.009	0.0116147550794175	c9	MTUS1
6.07647985716608e-07	0.484754037454364	0.025	0.016	0.0120253536373317	c9	NBPF9
6.35894350822472e-07	0.118759269534252	0.089	0.069	0.0125843492027767	c9	MAPK3
6.50654783196103e-07	0.457657318684437	0.032	0.021	0.0128764581594509	c9	ANKRD9
6.98202103293897e-07	0.264379042009987	0.055	0.04	0.0138174196241862	c9	FAM220A
7.41036533347448e-07	0.275627112332371	0.043	0.03	0.014665112994946	c9	WDR41
7.91515284780736e-07	0.367589338327839	0.024	0.015	0.0156640874858108	c9	ZBTB39
8.50517185407702e-07	0.177942608420537	0.069	0.052	0.0168317350992184	c9	KHNYN
8.82634356861613e-07	0.258087811519132	0.046	0.033	0.0174673339222913	c9	SPATC1L
9.46027809468894e-07	0.70760201123456	0.013	0.007	0.0187218903493894	c9	SNPH
1.0111319978451e-06	0.432793955140923	0.016	0.009	0.0200103022373545	c9	SPINK2
1.08754341702686e-06	0.108999711998836	0.124	0.101	0.0215224842229615	c9	AK6
1.14005240085882e-06	0.430854094588939	0.017	0.01	0.0225616370129961	c9	FZD6
1.2398400667554e-06	0.15678050441684	0.062	0.046	0.0245364349210895	c9	PUSL1
1.35491364000874e-06	0.266900639818321	0.032	0.021	0.0268137409357729	c9	LONRF1
1.42659793799164e-06	0.201293703593386	0.043	0.03	0.0282323731928545	c9	ANKRD46
1.46520281213519e-06	0.774586212175771	0.012	0.006	0.0289963636521553	c9	ZACN
1.5634331683064e-06	0.111975589370839	0.047	0.034	0.0309403424007837	c9	ATL2
1.59455692883037e-06	0.401752375294088	0.02	0.012	0.031556281621553	c9	EXD2
1.63098207246868e-06	0.291672523564026	0.031	0.021	0.0322771352141551	c9	MORC4
1.72230494251255e-06	0.177618554818972	0.052	0.038	0.0340844148123233	c9	TAPT1
1.77752498073035e-06	0.176772819817775	0.043	0.031	0.0351772193686536	c9	CNNM3
1.85178279475802e-06	0.732721458367581	0.01	0.005	0.0366467815082611	c9	DLEC1
1.86403807313697e-06	0.706630571799339	0.01	0.005	0.0368893134673807	c9	ST6GALNAC2
1.89282508112891e-06	0.167155646646072	0.057	0.042	0.0374590083555411	c9	EEF2K
1.93090938763076e-06	0.276695331486915	0.029	0.019	0.0382126967812127	c9	ZXDB
1.97968810477775e-06	0.183826551872685	0.035	0.024	0.0391780275935516	c9	VCL
2.05116923540159e-06	0.171373940924602	0.046	0.033	0.0405926391685974	c9	ZNF518B
2.1120058635904e-06	0.124745826885282	0.034	0.023	0.0417965960404539	c9	NBPF1
2.14839791541734e-06	0.115879303865214	0.092	0.073	0.0425167947461092	c9	QDPR
2.36546558644569e-06	0.220945335758693	0.049	0.036	0.0468125639557603	c9	PRUNE1
2.3766782738002e-06	0.263037108802022	0.02	0.012	0.047034463038506	c9	RIMKLB
2.45725362897725e-06	0.403028965453937	0.019	0.011	0.0486290493174598	c9	ACO1
