p_val	avg_log2FC	pct.1	pct.2	p_val_adj	cluster	gene
0	1.48058691191608	0.804	0.382	0	c26	CD8A
0	1.99545319755971	0.507	0.121	0	c26	CXCL13
0	1.27229480375341	0.967	0.585	0	c26	CCL5
0	1.61966467286807	0.634	0.278	0	c26	CD8B
0	0.395412909960917	0.598	0.243	0	c26	CCL4L2
0	2.52829460525117	0.414	0.104	0	c26	KLRD1
0	1.56352457248029	0.747	0.479	0	c26	TXNIP
0	1.02464612715252	0.95	0.896	0	c26	MT-ND4
0	0.936868709767225	0.952	0.902	0	c26	MT-ND2
0	0.90237120533426	0.969	0.938	0	c26	MT-ND5
0	0.991249277471865	0.977	0.952	0	c26	MT-ATP8
0	0.822160294605032	0.978	0.964	0	c26	MT-ND3
0	0.650756986053493	0.998	0.991	0	c26	MT-CO3
0	0.773159996458759	0.996	0.989	0	c26	MT-ND4L
0	0.737861387178095	0.994	0.988	0	c26	MT-CYB
0	0.662867686656381	0.999	0.997	0	c26	MT-CO1
3.44343385402227e-306	0.649064256812234	0.991	0.987	6.81455559711007e-302	c26	RPS27
5.73382724866419e-292	0.725107943830653	0.983	0.97	1.13472441251064e-287	c26	MT-ND1
2.13662131825929e-283	1.10723075997519	0.826	0.681	4.22837358883514e-279	c26	HCST
9.96032042320896e-257	1.01580393918352	0.764	0.46	1.97114741175305e-252	c26	GZMA
8.4924167969249e-244	0.196068655813529	0.736	0.378	1.68064928411144e-239	c26	CCL4
2.21682558556452e-237	0.510663047725257	0.999	0.997	4.38709783383218e-233	c26	MT-CO2
1.42359569835797e-224	1.94710837837784	0.269	0.086	2.81729588705041e-220	c26	CCL3L1
3.36881584243581e-201	3.91037757397539	0.051	0.004	6.66688655218046e-197	c26	CTAG2
2.33092070105849e-189	1.50142340581375	0.466	0.249	4.61289206739475e-185	c26	HLA-DRB5
4.73303005961156e-185	2.97745528420828	0.11	0.021	9.36666648797127e-181	c26	HECTD2
9.52790980168337e-184	1.70640418593362	0.471	0.272	1.88557334975314e-179	c26	FKBP5
1.11301661890028e-176	0.432204814011058	0.988	0.98	2.20265988880366e-172	c26	RPS24
1.35103687008313e-159	1.08476429237436	0.718	0.633	2.67370196589451e-155	c26	MT-ND6
3.42537249357782e-149	0.582049501742852	0.901	0.915	6.77881216479051e-145	c26	CD3E
1.04861458019753e-139	0.638858037279973	0.861	0.827	2.07520825421091e-135	c26	MYL12A
7.60485407347279e-138	1.12888698905806	0.432	0.228	1.50500062114026e-133	c26	GZMH
6.67111065235134e-136	0.567845422131684	0.717	0.431	1.32021279810033e-131	c26	NKG7
1.52926802591849e-135	0.324686782960516	0.994	0.989	3.02642142329269e-131	c26	RPL30
4.9254572301898e-128	0.560117790042728	0.899	0.889	9.74747985854562e-124	c26	PTPRCAP
9.48024787412938e-128	0.941489884808711	0.629	0.488	1.8761410542902e-123	c26	HLA-DPB1
7.20557913084446e-121	1.66837317506931	0.316	0.164	1.42598410999412e-116	c26	JAML
4.43006400088238e-116	2.21486830967641	0.152	0.05	8.76709665774623e-112	c26	SPON2
1.23334685658373e-111	1.28674483014258	0.414	0.249	2.4407934291792e-107	c26	CXCR6
1.34104887460575e-111	1.32380453527672	0.434	0.287	2.65393572284477e-107	c26	CD63
1.42904716175066e-111	0.394214771567666	0.963	0.965	2.82808433310456e-107	c26	RPL23A
2.16435264669581e-108	0.76180024125162	0.655	0.498	4.28325388781101e-104	c26	HLA-DRB1
2.24158857667978e-105	0.299228095164684	0.996	0.99	4.43610379324929e-101	c26	RPS3
2.82327762263603e-104	0.33491616224681	0.976	0.979	5.5872664151967e-100	c26	FAU
4.14484258965528e-103	0.312948121402454	0.989	0.981	8.20264348492781e-99	c26	RPL26
3.62741833569095e-100	2.95489688443215	0.054	0.009	7.1786608863324e-96	c26	SPRY2
5.82610141548994e-99	2.57048909925901	0.082	0.02	1.15298547012546e-94	c26	ETV1
2.31278924592713e-98	0.395480831269572	0.983	0.978	4.57700991768978e-94	c26	MT-ATP6
2.54337241288614e-97	0.277202217696033	0.992	0.988	5.03333400510167e-93	c26	RPS27A
8.04565190560966e-97	2.45283925712148	0.096	0.026	1.59223451212015e-92	c26	YPEL1
9.84901598021418e-97	0.307181142662591	0.984	0.981	1.94912026248439e-92	c26	RPS28
8.402843949509e-96	1.37163756260371	0.451	0.324	1.66292281760783e-91	c26	H1FX
1.97696192535408e-95	1.52908598543735	0.223	0.1	3.91240765027572e-91	c26	EOMES
5.42848999957054e-94	1.10839871356192	0.395	0.242	1.07429817091501e-89	c26	HLA-DQA1
5.75657049187066e-92	0.634835714838005	0.757	0.699	1.1392253003412e-87	c26	CD2
2.03454099015519e-90	3.06213943975149	0.042	0.007	4.02635661951712e-86	c26	DAB2IP
1.46111769671166e-88	1.80422063601222	0.102	0.03	2.89155192179237e-84	c26	KRT86
2.68054785870389e-87	0.558035304543611	0.78	0.78	5.304804212375e-83	c26	HMGB1
4.70640200030278e-85	0.28649957836102	0.98	0.978	9.31396955859919e-81	c26	RPS25
2.7360158535087e-83	0.782520753059493	0.603	0.492	5.41457537409371e-79	c26	ALOX5AP
1.2201361252571e-80	0.362907771303768	0.945	0.946	2.4146493918838e-76	c26	RPS21
5.48033913575859e-80	0.812518446603034	0.594	0.49	1.08455911496662e-75	c26	HLA-DPA1
1.54536600687453e-79	0.261446566950752	0.988	0.983	3.0582793276047e-75	c26	RPS23
3.74171209192537e-79	1.14832345259032	0.444	0.34	7.4048482299203e-75	c26	TRAF3IP3
1.2401125008019e-77	0.23025721250387	0.992	0.989	2.45418263908696e-73	c26	RPS15A
2.11171314997794e-77	0.273911018196531	0.978	0.981	4.17908032380635e-73	c26	RPS4X
1.45219845931094e-76	0.269117581506966	0.978	0.982	2.87390075097635e-72	c26	RPL7A
1.84367264104647e-76	0.966780230745512	0.525	0.451	3.64862815663096e-72	c26	PAXX
8.19730283953422e-76	0.419973879293375	0.91	0.906	1.62224623194382e-71	c26	RPL37A
2.16576783187843e-75	1.73211912333921	0.167	0.072	4.28605453928742e-71	c26	PECAM1
9.10403384076823e-75	0.288787761301727	0.984	0.978	1.80168829708803e-70	c26	RPL35A
8.99084750211393e-73	0.250539300491661	0.984	0.984	1.77928872066835e-68	c26	RPS15
1.0252733993446e-72	1.07796308686851	0.427	0.318	2.02901605730297e-68	c26	PARP8
4.1473943676111e-71	0.579699342678804	0.734	0.723	8.20769345350236e-67	c26	CD99
2.01671034549643e-70	1.04671033178384	0.397	0.273	3.99106977373744e-66	c26	PRF1
1.68288405566528e-69	1.1905523914853	0.403	0.296	3.33042754616159e-65	c26	RBPJ
1.83713608304674e-69	0.245689674504384	0.979	0.979	3.6356923083495e-65	c26	RPL34
2.1214905956237e-69	1.25089445489161	0.358	0.246	4.1984298887393e-65	c26	IKZF3
4.88457244084637e-69	0.434916177420233	0.851	0.867	9.66656886043497e-65	c26	PFDN5
5.8340182846741e-68	1.61205532390006	0.218	0.116	1.15455221853701e-63	c26	SLAMF6
1.35942743092043e-65	2.16574346409644	0.046	0.01	2.69030688579152e-61	c26	HBA1
1.65090828411258e-63	0.225901028399837	0.98	0.98	3.26714749425879e-59	c26	RPS3A
7.20133630650487e-62	2.71912646991127	0.26	0.152	1.42514445505731e-57	c26	HBB
6.43026055391613e-61	2.31049808253864	0.054	0.013	1.27254856362e-56	c26	HBA2
5.55899983491096e-60	0.479088862905571	0.767	0.776	1.10012606732888e-55	c26	CD3D
3.75624088078521e-59	1.08381013432503	0.407	0.318	7.43360070307394e-55	c26	RCSD1
1.2334333420683e-53	0.389628861320751	0.875	0.877	2.44096458395316e-49	c26	RPS29
6.55968716945226e-53	1.99517951784512	0.101	0.04	1.2981620908346e-48	c26	GFOD1
6.28417202067903e-52	0.471271168919382	0.722	0.707	1.24363764289238e-47	c26	CLIC1
3.04283889191158e-51	0.325981125736885	0.74	0.625	6.02177816709302e-47	c26	CST7
1.02851191814062e-50	0.222235617723705	0.98	0.978	2.0354250860003e-46	c26	RPL12
3.75919045546643e-50	0.219890936508087	0.985	0.982	7.43943791136807e-46	c26	RPS7
1.20933250684104e-49	2.04087531611759	0.1	0.041	2.39326903103841e-45	c26	ABCA2
2.74152295268357e-49	0.187243680662157	0.986	0.986	5.42547392336079e-45	c26	RPL19
1.04385176800206e-48	2.00029165152587	0.104	0.044	2.06578264887608e-44	c26	DAPK2
1.38414843588518e-48	0.288898256287253	0.946	0.946	2.73922975461678e-44	c26	FTL
7.99533335920758e-48	0.989821435535597	0.411	0.342	1.58227647178718e-43	c26	PNISR
3.36860519143837e-47	1.18085393237031	0.133	0.062	6.66646967385654e-43	c26	CCL3
2.21782016442683e-46	0.27517728317483	0.943	0.946	4.38906610540069e-42	c26	RPL21
3.72742108954938e-46	0.222348866907873	0.974	0.972	7.37656633621822e-42	c26	RPL6
3.21240727260684e-44	0.184650509721269	0.992	0.985	6.35735399248894e-40	c26	RPS18
4.528383125414e-44	0.56717241159819	0.64	0.662	8.9616702051943e-40	c26	SNRPD2
7.17751253450572e-44	1.58027752011457	0.163	0.088	1.42042973057868e-39	c26	HIST1H1D
1.10173149830981e-43	0.42987207951737	0.742	0.763	2.18032663515511e-39	c26	TMA7
8.12327731788313e-43	1.58900622407253	0.181	0.105	1.60759658120907e-38	c26	ECI2
1.05794994447224e-42	1.73971718187713	0.017	0.002	2.09368294011055e-38	c26	HBM
2.77836865456942e-40	0.808189464110313	0.464	0.412	5.49839156739287e-36	c26	GSTP1
4.56877350904746e-39	1.07482336460779	0.362	0.297	9.04160277440493e-35	c26	IL6ST
4.12855341570682e-38	0.904431373969065	0.434	0.394	8.17040720968379e-34	c26	CCND3
5.04769748363833e-38	2.04400766205728	0.065	0.024	9.98939332012025e-34	c26	HIST4H4
2.96156878482898e-37	0.276872589265878	0.915	0.934	5.86094462517656e-33	c26	UBA52
6.04075325625206e-36	0.905412255817476	0.405	0.353	1.19546506941228e-31	c26	PIK3IP1
6.77231303288951e-36	1.4429844264722	0.162	0.095	1.34024074920883e-31	c26	SNTB2
1.22009369034496e-35	0.715903756992815	0.475	0.437	2.41456541319267e-31	c26	KIAA1551
1.52178123494218e-35	0.197840419278627	0.968	0.969	3.01160506395058e-31	c26	RPL37
3.90944552723115e-35	1.58353448343313	0.132	0.071	7.73679269839045e-31	c26	GCNT1
1.16012389820265e-34	0.162306194061144	0.997	0.99	2.29588519454305e-30	c26	RPS19
4.13500454577942e-34	0.940943128046505	0.39	0.333	8.18317399609747e-30	c26	HMGB2
3.42506238039251e-33	1.03253120959684	0.342	0.286	6.77819845079678e-29	c26	SIT1
2.12744154374446e-32	0.148341669998887	0.99	0.985	4.21020681507029e-28	c26	RPL18A
4.49548915255569e-32	0.223781554436831	0.93	0.944	8.89657303290771e-28	c26	RPL10A
8.0880641660931e-32	0.796847048577882	0.206	0.131	1.60062789846982e-27	c26	CEBPD
1.23230581603333e-31	0.301995228308107	0.904	0.925	2.43873320992996e-27	c26	RPL41
5.50073656029148e-31	2.16633201378096	0.069	0.029	1.08859576528168e-26	c26	SAP30
7.1707233264644e-31	1.37865020190624	0.173	0.109	1.4190861463073e-26	c26	CYTH4
2.48587342763693e-30	0.351666422048513	0.742	0.785	4.91954351329348e-26	c26	TOMM7
4.13967635505136e-30	1.11977504818882	0.274	0.211	8.19241950664665e-26	c26	SIRPG
5.51456544916178e-30	0.399305784660115	0.464	0.356	1.09133250238912e-25	c26	GZMK
1.05499473500921e-29	0.81677864688939	0.445	0.427	2.08783458058323e-25	c26	CELF2
1.65015728186114e-29	1.28886434050621	0.184	0.119	3.26566126080319e-25	c26	CLIC3
1.74754741582102e-29	0.717646387564625	0.486	0.479	3.4583963359098e-25	c26	HLA-F
3.33587707252195e-29	0.994982287681092	0.297	0.232	6.60170072652094e-25	c26	SCML4
9.25520862470764e-29	1.52341700864984	0.101	0.052	1.83160578682964e-24	c26	MSC
1.25582950366557e-28	0.427766943466692	0.625	0.628	2.48528658775416e-24	c26	RARRES3
1.33288080030926e-28	0.847170955377505	0.42	0.397	2.63777110381202e-24	c26	MPHOSPH8
2.93978246728226e-28	0.646220932529489	0.404	0.34	5.81782950275159e-24	c26	ID2
6.97308798360132e-28	0.140193451467802	0.995	0.986	1.3799741119547e-23	c26	RPS14
7.56313818668744e-28	0.422558907416962	0.171	0.101	1.49674504714544e-23	c26	GNLY
3.95656506814112e-27	1.53270940624459	0.11	0.06	7.83004226985127e-23	c26	APBA2
9.76006224555352e-27	1.89177078502414	0.064	0.028	1.93151631839504e-22	c26	ADGRG1
1.8438016855014e-26	1.03228166040887	0.219	0.153	3.64888353560727e-22	c26	HOPX
2.82868655262202e-26	0.124987225640007	0.986	0.986	5.59797068763897e-22	c26	RPL11
3.01098245804233e-26	1.21005276053048	0.222	0.163	5.95873428446577e-22	c26	RASSF1
9.46833041753603e-26	1.10796269432521	0.195	0.133	1.87378258963038e-21	c26	MATK
1.29475590999936e-25	2.68354464662023	0.021	0.005	2.56232194588872e-21	c26	RYR2
3.72771045840684e-25	0.419858506402945	0.675	0.731	7.37713899718714e-21	c26	COMMD6
1.1220851316388e-24	1.2462338825299	0.188	0.13	2.22060647551318e-20	c26	PLEKHF1
1.39401523664743e-24	2.38587049372649	0.029	0.009	2.75875615332526e-20	c26	NCR1
1.74453032559281e-24	1.63253667884297	0.059	0.026	3.45242551434817e-20	c26	ZBTB16
1.32682246074616e-23	0.192090760388512	0.935	0.964	2.62578164981666e-19	c26	HLA-E
1.48429250386348e-23	0.172414390403069	0.952	0.959	2.93741486514583e-19	c26	RPL36
3.32290367440915e-23	1.07684582123831	0.211	0.152	6.57602637165572e-19	c26	HIST1H1E
6.90587991839828e-23	1.37649570738363	0.137	0.086	1.36667363585102e-18	c26	LENG8
7.57939465301218e-23	0.42506468010012	0.656	0.708	1.49996220183111e-18	c26	PPDPF
1.19402168144995e-22	2.62600299747018	0.017	0.004	2.36296890758944e-18	c26	FAM131B
2.23736208581587e-22	1.63960004291002	0.085	0.045	4.4277395678296e-18	c26	TMIGD2
6.38517017210483e-22	0.18764926991349	0.946	0.957	1.26362517705955e-17	c26	RPL24
6.49413833366173e-22	0.987606211944283	0.248	0.194	1.28518997623166e-17	c26	PYHIN1
9.02089661417569e-22	2.69982650342609	0.014	0.003	1.78523543994537e-17	c26	APOA1
1.19712969726573e-21	0.731206082211469	0.424	0.421	2.36911967088888e-17	c26	EID1
1.42784601379469e-21	1.61106630827572	0.052	0.023	2.82570726129969e-17	c26	KIR2DL4
2.43968095936318e-21	0.105376373662389	0.995	0.995	4.82812861857974e-17	c26	HLA-A
3.3507833085167e-21	2.57185738803146	0.019	0.005	6.63120016755455e-17	c26	UGT8
7.42227025472797e-21	1.5209315705497	0.105	0.062	1.46886728341067e-16	c26	RAB37
1.60196390886815e-20	0.90277324896571	0.336	0.303	3.17028657565007e-16	c26	TMX4
2.50120211757202e-20	3.1368191846481	0.011	0.002	4.94987899067503e-16	c26	MAOB
2.7058386704739e-20	2.67683981418503	0.01	0.002	5.35485472886785e-16	c26	MYL4
4.46321169550499e-20	0.197979480905365	0.903	0.931	8.83269594540438e-16	c26	RPL13A
4.48144124317215e-20	2.08079411290023	0.025	0.008	8.86877222023769e-16	c26	CD160
6.88150410852221e-20	0.188971259837805	0.89	0.904	1.36184966307655e-15	c26	RPL22
1.0109636947587e-19	0.146359422454985	0.972	0.973	2.00069715192746e-15	c26	RPLP2
2.26771148363432e-19	1.6879653415586	0.055	0.026	4.48780102611233e-15	c26	KLRK1
2.44259683908069e-19	2.95576498230755	0.01	0.002	4.83389914454069e-15	c26	VSTM2L
2.73312594144234e-19	2.71888053532598	0.017	0.004	5.4088562381144e-15	c26	HIST1H4I
3.13695654880275e-19	0.418068404134502	0.585	0.612	6.20803701008063e-15	c26	EVL
3.96364659766674e-19	1.30140768757428	0.128	0.082	7.84405661678247e-15	c26	TTN
4.78462773846599e-19	3.13876290474093	0.014	0.003	9.4687782944242e-15	c26	SMIM10
5.87257831872292e-19	1.59946020674509	0.076	0.041	1.16218324927527e-14	c26	KLRC1
8.31752889944428e-19	2.02527132190181	0.012	0.003	1.64603896920002e-14	c26	ALAS2
8.48993620628331e-19	0.193366360165888	0.911	0.937	1.68015837522347e-14	c26	RPL35
9.43747080102858e-19	2.47537751400381	0.02	0.006	1.86767547152356e-14	c26	NR5A2
9.7109765631397e-19	0.698338433082191	0.423	0.413	1.92180226184535e-14	c26	CD96
2.22981322491172e-18	1.53631956664109	0.059	0.029	4.41280037210029e-14	c26	FCRL6
2.30520730958913e-18	0.145799798488903	0.958	0.969	4.56200526567688e-14	c26	RPS16
3.24942802491452e-18	0.509906324126728	0.524	0.555	6.43061806130583e-14	c26	CD3G
3.53689764528357e-18	1.16109010999487	0.178	0.13	6.99952044001619e-14	c26	NLRC3
3.85013116492024e-18	0.840159462707933	0.274	0.23	7.61940957537715e-14	c26	TGFBR2
3.96340684583026e-18	0.230517588607562	0.682	0.655	7.84358214789809e-14	c26	CD7
5.06954918603478e-18	1.55915297620744	0.068	0.035	1.00326378391628e-13	c26	MVB12B
6.84267383638637e-18	1.84631152770927	0.048	0.022	1.35416515222086e-13	c26	SPEF2
7.01915635621237e-18	1.15274934892841	0.153	0.106	1.38909104289443e-13	c26	NELL2
1.00425183078973e-17	1.13965821255934	0.162	0.116	1.98741437313287e-13	c26	ZNF862
1.22974786878413e-17	1.26245673194004	0.164	0.119	2.4336710323238e-13	c26	JAKMIP1
2.21341827193639e-17	1.18652937416735	0.148	0.103	4.38035476016212e-13	c26	ANXA2R
3.35007856111099e-17	0.236483096418798	0.812	0.856	6.62980547243865e-13	c26	ATP5F1E
4.04745184427689e-17	1.17182307059243	0.116	0.074	8.00990719982396e-13	c26	SLAMF7
5.39459534412021e-17	1.87832745099493	0.011	0.002	1.06759041860139e-12	c26	TRIM58
1.30123515183022e-16	0.652882873029463	0.419	0.425	2.57514436547201e-12	c26	N4BP2L2
1.58815226709201e-16	0.177921662882848	0.927	0.944	3.14295333657508e-12	c26	NACA
1.94505199069734e-16	0.970131420271117	0.255	0.217	3.84925788959004e-12	c26	TMC8
3.19893985636147e-16	0.107349059739509	0.978	0.98	6.33070197573934e-12	c26	RPL8
4.38662740151121e-16	0.122801529479362	0.991	0.99	8.68113562759068e-12	c26	HLA-C
4.78023774917645e-16	1.00593653062467	0.202	0.159	9.4600905056202e-12	c26	LY9
5.22641687707889e-16	2.06567436980763	0.033	0.014	1.03430789997391e-11	c26	PLPP6
9.97520038000335e-16	0.242561288261246	0.816	0.871	1.97409215520266e-11	c26	CYBA
2.12677138292879e-15	1.15313483690001	0.197	0.157	4.20888056681608e-11	c26	SRSF1
2.23934510627879e-15	1.93808917034875	0.03	0.012	4.43166396532572e-11	c26	HLA-DOA
4.71983904518065e-15	1.51978944724152	0.071	0.04	9.34056147041251e-11	c26	C11orf21
5.14922276065013e-15	1.01457900660714	0.155	0.111	1.01903118433266e-10	c26	ITGA1
7.01862549695526e-15	0.102376633100625	0.975	0.975	1.38898598584745e-10	c26	RPL29
2.85142510870225e-14	1.16832333733672	0.169	0.129	5.64297029012175e-10	c26	SLF1
6.26077753850337e-14	0.74194817517361	0.263	0.222	1.23900787486982e-09	c26	HLA-DQB1
1.17891470725061e-13	1.23904239086355	0.136	0.098	2.33307220564896e-09	c26	RUNX2
1.43342484137146e-13	1.12328869236502	0.166	0.128	2.83674776107411e-09	c26	CTSD
2.05324209259603e-13	1.03867516530611	0.203	0.168	4.06336610124755e-09	c26	C7orf50
2.47985778163274e-13	0.115136500684848	0.14	0.226	4.9076385498512e-09	c26	PDCD2
2.51414407611185e-13	1.4612109076472	0.095	0.062	4.97549112662535e-09	c26	GFI1
2.60436770413678e-13	2.14873407063728	0.018	0.006	5.15404368648668e-09	c26	ANKRD34A
2.66736525122234e-13	1.37520993618977	0.097	0.064	5.27871583216902e-09	c26	HPS3
2.84545724811408e-13	1.16684933758017	0.133	0.096	5.63115989401777e-09	c26	TNFRSF1A
2.95554744035105e-13	0.108819977674203	0.108	0.18	5.84902838445473e-09	c26	DENR
3.34392835115983e-13	0.103503576949332	0.085	0.147	6.6176342069453e-09	c26	ZNF131
3.54400695792822e-13	0.123570491035905	0.14	0.225	7.01358976973994e-09	c26	LSM6
3.78349875773556e-13	0.104974898324009	0.096	0.162	7.48754404155867e-09	c26	UBE2V2
4.45720487475654e-13	2.02830554580296	0.021	0.008	8.82080844714319e-09	c26	SLC16A6
4.55280366947958e-13	0.109952222557229	0.096	0.164	9.00999846190008e-09	c26	AK2
6.43731290434323e-13	0.106080336135989	0.127	0.206	1.27394422376952e-08	c26	PTDSS1
6.45067562245557e-13	0.118373055175117	0.151	0.239	1.27658870568396e-08	c26	UQCRC1
6.57381689056187e-13	0.11750987526374	0.168	0.261	1.30095836264219e-08	c26	BDP1
7.02442024856784e-13	1.46860831788327	0.062	0.036	1.39013276719158e-08	c26	PPP1R3E
7.37896943668469e-13	0.148372232425296	0.1	0.168	1.4602980515199e-08	c26	AP1M1
8.11236834392902e-13	0.110387769050721	0.108	0.179	1.60543769526355e-08	c26	AKR1A1
8.26598153456562e-13	0.126687100141596	0.184	0.286	1.63583774569054e-08	c26	MRPL51
1.13125443341596e-12	2.36430358363882	0.017	0.006	2.23875252373018e-08	c26	ST6GALNAC3
1.26783057571826e-12	1.88484565381919	0.034	0.016	2.50903670934644e-08	c26	OSGEPL1
1.60075060395627e-12	1.29896683079406	0.106	0.072	3.16788544522947e-08	c26	ARHGEF9
1.79458204999652e-12	0.143252013856454	0.141	0.223	3.55147787694311e-08	c26	COPZ1
2.24736325938176e-12	1.44362214483036	0.052	0.029	4.4475318903165e-08	c26	OGFRL1
2.31824499919675e-12	0.801956330190482	0.238	0.205	4.58780685341037e-08	c26	THEMIS
2.36161083411081e-12	2.68085237540979	0.01	0.003	4.67362784070529e-08	c26	KIF7
2.57743795263869e-12	0.11424759638122	0.971	0.973	5.10074970827196e-08	c26	RPL14
2.68330910444859e-12	0.105500819846287	0.08	0.139	5.31026871770375e-08	c26	VTA1
2.92792189106689e-12	1.47725881166375	0.07	0.042	5.79435742242138e-08	c26	SCPEP1
3.89592283070792e-12	1.86585170574911	0.028	0.012	7.71003128197097e-08	c26	SERP2
3.98406640118826e-12	0.11818989398735	0.165	0.257	7.88446740795157e-08	c26	PSMF1
4.04956480912475e-12	0.418128173155142	0.557	0.623	8.01408875725788e-08	c26	SON
4.44996098680618e-12	0.147068899240268	0.113	0.183	8.80647279288943e-08	c26	LAMTOR2
4.46579190909706e-12	1.74134553894901	0.047	0.025	8.83780218810308e-08	c26	CCR1
4.71531808397929e-12	0.1053658808152	0.121	0.194	9.33161448819501e-08	c26	NDUFC2
5.20346378301867e-12	0.381893028222647	0.116	0.079	1.02976548265939e-07	c26	XCL1
5.70489835620706e-12	0.120966693667502	0.082	0.14	1.12899938469338e-07	c26	JOSD2
5.77746938829187e-12	0.119798335593184	0.195	0.297	1.14336119194296e-07	c26	TALDO1
5.90846493680152e-12	0.124410468618973	0.114	0.183	1.16928521099302e-07	c26	ATXN2L
6.27849421152309e-12	0.112552229683785	0.201	0.307	1.24251400446042e-07	c26	AP2M1
6.28370635725049e-12	0.108071064530474	0.928	0.954	1.24354548809987e-07	c26	RPS5
6.65614856937464e-12	0.121733300502829	0.164	0.254	1.31725180187924e-07	c26	PSMD4
7.23434873027827e-12	0.100531743036969	0.14	0.218	1.43167761372207e-07	c26	PPP4R3B
7.44421445066484e-12	0.169333745617819	0.148	0.232	1.47321003978657e-07	c26	RTF2
8.1037624138757e-12	1.49834961879599	0.051	0.028	1.603734581706e-07	c26	ASPH
9.03445389463664e-12	2.18307593440632	0.019	0.007	1.78791842574859e-07	c26	MISP3
1.05000636229348e-11	0.138276611749935	0.204	0.311	2.07796259097879e-07	c26	PYURF
1.15247075991302e-11	0.148842584124143	0.097	0.16	2.28073963386787e-07	c26	CDIPT
1.15294184078489e-11	1.6323608803005	0.048	0.026	2.28167190291329e-07	c26	GOLIM4
1.2012996452908e-11	0.104288347943475	0.185	0.282	2.3773719980305e-07	c26	APH1A
1.29153956745283e-11	0.108450168563756	0.074	0.127	2.55595680398914e-07	c26	CRELD2
1.33601631474179e-11	0.144991235788718	0.163	0.25	2.64397628687401e-07	c26	NUCB1
1.34447619254402e-11	0.119816737025678	0.102	0.166	2.66071838504462e-07	c26	GNB1
1.3987285762568e-11	0.797843901806878	0.281	0.259	2.7680838524122e-07	c26	ZBTB38
1.40436422029986e-11	0.110492021094869	0.11	0.177	2.77923679197343e-07	c26	CCDC124
1.46250965256487e-11	0.118741362253767	0.945	0.962	2.89430660242587e-07	c26	RPS9
1.48163944269551e-11	0.132807444333376	0.098	0.16	2.93216445709441e-07	c26	USP4
1.49487471218441e-11	1.34408617724506	0.08	0.052	2.95835705541295e-07	c26	NMT2
1.65089116651692e-11	0.144565059303752	0.135	0.21	3.26711361853698e-07	c26	GSDMD
1.70700736562841e-11	0.141707086107793	0.114	0.183	3.37816757657861e-07	c26	NDUFA10
1.83697324471105e-11	0.107748587907575	0.088	0.146	3.63537005128317e-07	c26	CHCHD3
1.84957203741488e-11	0.135576119357914	0.102	0.164	3.66030306204404e-07	c26	TBL1XR1
1.911233386985e-11	0.892729458348495	0.243	0.216	3.78233087284331e-07	c26	OGT
1.93393549162862e-11	1.19142358003283	0.056	0.032	3.82725833793304e-07	c26	IGFBP2
1.94857975744875e-11	1.7653431820954	0.028	0.013	3.85623933999107e-07	c26	HIST1H4B
2.19357693586434e-11	0.134974020471581	0.074	0.127	4.34108875607553e-07	c26	NDUFA8
2.22551055389664e-11	2.81928318295057	0.012	0.004	4.40428538616144e-07	c26	PRDM5
2.26614011909816e-11	1.00379926103375	0.211	0.181	4.48469129569527e-07	c26	NT5C
2.52513722078831e-11	0.106673665330537	0.102	0.165	4.99724655994006e-07	c26	SNX1
2.65349697833297e-11	0.291908376621842	0.613	0.69	5.25127052012095e-07	c26	OST4
2.73755717477045e-11	1.45550401298303	0.07	0.043	5.41762564887073e-07	c26	FAM78A
2.77213686627075e-11	0.733751633941253	0.336	0.332	5.48605885834981e-07	c26	BTN3A2
2.86590776342601e-11	0.102160764637082	0.119	0.188	5.67163146382008e-07	c26	EIF4E
2.89881550327126e-11	0.129306250810718	0.123	0.195	5.73675588097383e-07	c26	SNRNP40
2.95019978413599e-11	0.169644811051687	0.079	0.135	5.83844537280512e-07	c26	IP6K2
3.18477004285495e-11	0.141637501685538	0.119	0.188	6.30265991480995e-07	c26	MAP4
3.18948650456799e-11	0.100353295690631	0.11	0.176	6.31199379254005e-07	c26	ELOVL1
3.5888884347983e-11	0.141038603015515	0.105	0.168	7.10241021246584e-07	c26	MARK3
4.12806980538152e-11	0.164663753251979	0.116	0.184	8.16945014485003e-07	c26	FIBP
4.18014956824198e-11	0.105931270985496	0.101	0.163	8.27251599555088e-07	c26	LARP7
4.40478434689076e-11	0.126870382064797	0.081	0.135	8.71706822249682e-07	c26	COA6
4.510943696166e-11	0.151542031411554	0.09	0.149	8.92715757471252e-07	c26	ECHS1
4.52888402907464e-11	0.114887567754628	0.1	0.162	8.96266149353872e-07	c26	GPR108
4.85820213369245e-11	0.103538709851333	0.071	0.123	9.61438202257736e-07	c26	DLST
5.02871851878334e-11	0.159698806243234	0.121	0.191	9.95183394867222e-07	c26	DDRGK1
5.27910264927435e-11	1.62402423237911	0.048	0.027	1.04473441429139e-06	c26	LPAR5
5.50708593216985e-11	0.213249298812851	0.759	0.827	1.08985230597641e-06	c26	RPS11
5.71377509347908e-11	0.102126030072837	0.085	0.141	1.13075609099951e-06	c26	CAPN1
5.82909762081607e-11	0.155398234925659	0.141	0.217	1.1535784191595e-06	c26	BUD23
6.38481671681991e-11	0.151309855117875	0.146	0.225	1.26355522825866e-06	c26	VDAC3
6.45639947954088e-11	1.64706120232434	0.041	0.021	1.27772145700114e-06	c26	BMPR1A
6.669297916002e-11	0.143037202112785	0.106	0.169	1.31985405757679e-06	c26	PSENEN
6.97564254729353e-11	0.212853445132389	0.753	0.826	1.38047966010939e-06	c26	RPL31
7.01382714180427e-11	0.634804689802068	0.354	0.352	1.38803639136307e-06	c26	AKNA
7.05769391461112e-11	0.118415822335115	0.088	0.145	1.39671762570154e-06	c26	SPAG7
8.5101344636904e-11	0.143430354904637	0.138	0.212	1.68415561036433e-06	c26	PPP1R7
8.51159780346257e-11	0.105445506834502	0.105	0.166	1.68444520530524e-06	c26	PRKCQ
9.16090471081164e-11	0.105918551098403	0.094	0.153	1.81294304226962e-06	c26	QRICH1
1.08601325872021e-10	0.145862660857802	0.105	0.166	2.1492202390073e-06	c26	SRPK1
1.12852521312715e-10	0.114360240362915	0.091	0.148	2.23335139677863e-06	c26	DNPEP
1.13340340195932e-10	0.158679788829906	0.187	0.279	2.2430053324775e-06	c26	SRSF4
1.14706711750057e-10	0.13797633558625	0.204	0.308	2.27004582553364e-06	c26	SNRPF
1.16226827913285e-10	0.123830206454792	0.079	0.132	2.30012892440391e-06	c26	TRIM69
1.17436502463339e-10	2.25860910895125	0.016	0.006	2.32406838374947e-06	c26	SH2D1B
1.17560127769447e-10	0.106859748248985	0.054	0.098	2.32651492855735e-06	c26	RUVBL2
1.26856743956089e-10	1.47786152339624	0.055	0.032	2.51049496289101e-06	c26	WDSUB1
1.33348745317498e-10	1.26471419245203	0.105	0.075	2.63897166983328e-06	c26	CLASP1
1.50026042957196e-10	0.114478649542132	0.112	0.175	2.96901539012291e-06	c26	MOB3A
1.50714132898625e-10	0.137104719457083	0.105	0.165	2.9826326900638e-06	c26	SEC61A1
1.50850939904587e-10	0.120420990767524	0.082	0.136	2.98534010071177e-06	c26	NUDCD2
1.58372364289934e-10	1.3231587319821	0.122	0.091	3.13418908929779e-06	c26	SNAP47
1.65026646164965e-10	0.175819646593902	0.167	0.253	3.26587732760467e-06	c26	TMBIM4
1.67580943850597e-10	1.39399014725641	0.065	0.04	3.31642687880332e-06	c26	ABCB1
1.70498717782799e-10	0.194579907683346	0.157	0.24	3.3741696249216e-06	c26	EIF6
1.87150253284137e-10	1.90184292418361	0.028	0.013	3.70370351249307e-06	c26	SULT1A1
1.90025214566491e-10	0.102190824437947	0.178	0.265	3.76059899627087e-06	c26	RNF166
1.91203033027823e-10	0.105948203125577	0.196	0.285	3.78390802362062e-06	c26	PDE3B
2.06999635551778e-10	0.165131684160901	0.136	0.208	4.09652278756968e-06	c26	COX16
2.07532905033351e-10	0.113291317028639	0.093	0.15	4.10707619061001e-06	c26	VPS4A
2.07751686601958e-10	1.10590683097776	0.113	0.082	4.11140587785274e-06	c26	ANKZF1
2.13321510232028e-10	0.15114072344968	0.071	0.119	4.22163268749183e-06	c26	EEF1E1
2.19859350532856e-10	1.52962318232644	0.039	0.021	4.35101654704523e-06	c26	CAPN12
2.22669117397083e-10	0.960764492738489	0.18	0.149	4.40662183328827e-06	c26	MYO1F
2.24406404763049e-10	0.527458856197541	0.44	0.474	4.44100275026075e-06	c26	RABAC1
2.30048626824823e-10	0.108038126532727	0.13	0.199	4.55266232486324e-06	c26	LMBRD1
2.4206391396524e-10	0.152197845736368	0.158	0.238	4.79044485737211e-06	c26	KDM5A
2.46437078975484e-10	0.139085953763907	0.198	0.295	4.87698979292483e-06	c26	HAX1
2.53670657083598e-10	1.15146383719244	0.147	0.116	5.02014230368441e-06	c26	ZNF22
2.60009839034581e-10	0.12853838427223	0.074	0.124	5.14559471449435e-06	c26	SUDS3
2.73907810681215e-10	0.120682176335984	0.183	0.273	5.42063557338125e-06	c26	CYBC1
2.74310995797116e-10	0.137085174711947	0.113	0.175	5.42861460682492e-06	c26	CNOT4
2.83264713256654e-10	0.137215639160008	0.104	0.164	5.60580867534919e-06	c26	SURF1
2.89629388870756e-10	0.150218682743662	0.116	0.18	5.73176560575226e-06	c26	SMC1A
2.90866460029769e-10	0.105237094452509	0.063	0.109	5.75624724398912e-06	c26	TRAPPC6B
3.04776354826576e-10	0.226725601751658	0.749	0.793	6.03152406201794e-06	c26	S100A6
3.1560605617298e-10	0.200228434420942	0.116	0.181	6.24584385166328e-06	c26	ERLEC1
3.34043992948155e-10	0.120364136371754	0.106	0.166	6.61073062044399e-06	c26	TMEM50B
3.40929570646876e-10	0.109379298412179	0.064	0.11	6.74699620310168e-06	c26	ARL1
3.538570191396e-10	0.177266575458927	0.117	0.182	7.00283040877269e-06	c26	IDH3G
3.62191969820711e-10	0.197443506037559	0.154	0.233	7.16777908275187e-06	c26	FNTA
3.7177930738299e-10	0.30260662347586	0.63	0.697	7.35751249310937e-06	c26	C12orf57
3.72869473504333e-10	0.198778715840567	0.117	0.182	7.37908688065075e-06	c26	ZNF655
3.92092563883494e-10	0.136853643621748	0.15	0.224	7.75951183925436e-06	c26	PTBP3
3.97499713188031e-10	0.116846905955013	0.09	0.144	7.86651932399113e-06	c26	DHX29
4.03611574054667e-10	0.127919228877624	0.158	0.238	7.98747305054186e-06	c26	DDT
4.07981421682901e-10	0.119168402737316	0.084	0.136	8.0739523351046e-06	c26	ARHGEF6
4.13290853217056e-10	0.164643563375241	0.128	0.197	8.17902598516554e-06	c26	MPC1
4.17029576471504e-10	0.118054069717188	0.173	0.26	8.25301531837107e-06	c26	SDHD
4.39834161338621e-10	0.14616185207381	0.073	0.122	8.70431805289131e-06	c26	ATF2
4.58276007051249e-10	0.151957623684583	0.071	0.119	9.06928217954421e-06	c26	DHX30
4.74538491239779e-10	0.143458782859905	0.088	0.141	9.39111674163522e-06	c26	OTULIN
5.00609747113859e-10	0.115874016877673	0.088	0.142	9.90706689538327e-06	c26	CD320
5.00732665926565e-10	0.11364192969128	0.051	0.092	9.90949945868672e-06	c26	CDK5RAP2
5.19374563238347e-10	0.153790618968431	0.153	0.231	1.02784226064869e-05	c26	MRPL43
5.20222799793367e-10	0.102447794481037	0.192	0.283	1.02952092079107e-05	c26	CCDC107
5.2774899583983e-10	0.142829577579383	0.107	0.168	1.04441526276702e-05	c26	IMP4
5.38387254924279e-10	0.120764346280589	0.948	0.962	1.06546837749515e-05	c26	RPL17
5.45616091581425e-10	0.153820707356949	0.085	0.138	1.07977424523964e-05	c26	XAB2
5.73380790784185e-10	1.01916456479433	0.175	0.146	1.1347205849619e-05	c26	TBC1D5
5.86295783671441e-10	0.140236813453756	0.092	0.147	1.16027935588578e-05	c26	MRPL55
6.09002103950775e-10	0.104009874516443	0.087	0.139	1.20521516371858e-05	c26	SREK1IP1
6.26215202125183e-10	1.54082608660662	0.036	0.019	1.23927988500574e-05	c26	CRIM1
6.29044901696026e-10	0.133389626078191	0.075	0.123	1.24487986045644e-05	c26	EXOSC10
6.41262453082062e-10	0.130306531794185	0.094	0.15	1.2690583946494e-05	c26	PPM1B
6.51118478770446e-10	0.17212399247248	0.116	0.18	1.28856346948671e-05	c26	VPS35
6.65617785071659e-10	2.27602734286329	0.011	0.004	1.31725759665681e-05	c26	MADCAM1
6.83936420539645e-10	0.100049429693473	0.072	0.12	1.35351017624796e-05	c26	LMBR1
7.06788267414386e-10	0.123351396689756	0.066	0.112	1.39873398121307e-05	c26	COMMD4
7.12099764687615e-10	0.164456717406608	0.102	0.16	1.40924543431679e-05	c26	UPF3A
7.59372449490071e-10	0.1579758023213	0.079	0.129	1.50279807754085e-05	c26	FARSA
7.67589995656943e-10	0.129368141842867	0.226	0.331	1.51906060140509e-05	c26	RPN1
8.05244698880047e-10	0.141105174711461	0.073	0.121	1.59357925908361e-05	c26	YIF1B
8.11146957475253e-10	0.118222302411023	0.106	0.165	1.60525982884353e-05	c26	GLOD4
8.89879550748199e-10	1.65512610231352	0.047	0.027	1.76107163093069e-05	c26	MREG
8.9969262276298e-10	0.188602414578679	0.096	0.153	1.78049170044794e-05	c26	BRMS1
9.33428641697645e-10	0.135251768578858	0.072	0.119	1.84725528191964e-05	c26	TMEM126B
9.37939767949965e-10	0.109472057898558	0.092	0.146	1.85618280077298e-05	c26	SUZ12
9.59436017924607e-10	0.126786409820079	0.076	0.124	1.8987238794728e-05	c26	TRPV2
9.66230165463412e-10	0.216936972055694	0.13	0.198	1.91216949745209e-05	c26	SYNCRIP
9.98960097816374e-10	1.37839262760082	0.071	0.046	1.9769420335786e-05	c26	RTL8A
1.04161561272939e-09	0.119900768940779	0.114	0.174	2.06135729759146e-05	c26	SMARCC2
1.05727852380992e-09	1.67259337972081	0.032	0.016	2.09235419861984e-05	c26	CARF
1.06912334287235e-09	0.160494279060953	0.102	0.16	2.11579509554439e-05	c26	MRPL11
1.07308059228239e-09	0.106322180041842	0.062	0.106	2.12362649212684e-05	c26	ZDHHC3
1.10653145478389e-09	0.103989951793299	0.242	0.353	2.18982574901731e-05	c26	ATP6V1F
1.12172752599635e-09	0.166776284017567	0.082	0.133	2.21989877394677e-05	c26	NOB1
1.16267705600946e-09	0.208758839243474	0.089	0.142	2.30093789384272e-05	c26	MRPL50
1.20400178226783e-09	0.136589880784951	0.109	0.167	2.38271952710803e-05	c26	CHD4
1.2108208742065e-09	0.130133738566919	0.122	0.186	2.39621451005467e-05	c26	RBM33
1.22745259401308e-09	0.15739932242775	0.114	0.176	2.42912868355188e-05	c26	DENND1C
1.307410455208e-09	0.12081988401026	0.087	0.139	2.58736529085664e-05	c26	PRPF31
1.38282026862278e-09	0.118643257610023	0.149	0.22	2.73660131160448e-05	c26	STT3B
1.40520911708232e-09	0.161903859758286	0.108	0.167	2.7809088427059e-05	c26	EXOSC1
1.48439897933276e-09	1.77986756142432	0.023	0.01	2.93762558009954e-05	c26	WDR5B
1.53380956814449e-09	0.220515240908012	0.093	0.147	3.03540913535795e-05	c26	UBA1
1.54986814084528e-09	0.105128329891636	0.066	0.11	3.06718905073281e-05	c26	PUM3
1.57260052568257e-09	0.231587070788272	0.096	0.153	3.1121764403258e-05	c26	COMMD8
1.59267338786826e-09	0.193273692001081	0.139	0.21	3.15190063459129e-05	c26	RNASEH2B
1.66414470687374e-09	1.73414397961733	0.032	0.016	3.29334237490313e-05	c26	ADGRG5
1.67326067565415e-09	0.171110723212764	0.129	0.195	3.31138287711957e-05	c26	NAXE
1.67601419740851e-09	0.115911892016792	0.091	0.144	3.31683209667144e-05	c26	CREB1
1.71431543443712e-09	0.213267451670206	0.127	0.194	3.39263024475105e-05	c26	DCTN2
1.73778886153644e-09	1.09784623393889	0.169	0.141	3.43908415698062e-05	c26	GPATCH8
1.78901475554889e-09	0.171943352855829	0.087	0.138	3.54046020123126e-05	c26	ESYT1
1.84071927170507e-09	0.128897158318096	0.094	0.148	3.64278343870434e-05	c26	STAT5B
1.92817658590784e-09	0.207950390561507	0.078	0.127	3.81586146351162e-05	c26	WDR61
1.976054978253e-09	0.125707531656259	0.056	0.096	3.91061280196269e-05	c26	AAGAB
2.12984529275666e-09	0.118603211012884	0.055	0.095	4.21496383436543e-05	c26	METAP1
2.17148266588149e-09	0.17645043185175	0.805	0.855	4.29736419577946e-05	c26	CORO1A
2.19318846447993e-09	0.140044115414622	0.139	0.208	4.34031997120579e-05	c26	CNPPD1
2.30980177673768e-09	0.17341741981869	0.124	0.187	4.57109771616387e-05	c26	NCKAP1L
2.38512176239294e-09	0.157179672735914	0.116	0.177	4.72015596777564e-05	c26	ERVK3-1
2.41256317338094e-09	0.234149167459788	0.121	0.186	4.77446252012089e-05	c26	SUCLG1
2.45457639515962e-09	0.165837546749744	0.112	0.172	4.85760668602089e-05	c26	SCNM1
2.45782429855661e-09	0.144127185352443	0.075	0.122	4.86403428684353e-05	c26	MCRS1
2.64968740065647e-09	0.121529355127811	0.103	0.159	5.24373136589915e-05	c26	ZFAND2B
2.68878080261922e-09	0.177422636307708	0.093	0.147	5.32109720838343e-05	c26	EIF2AK1
2.85060650800978e-09	0.180788716601519	0.113	0.172	5.64135027935136e-05	c26	DOCK2
2.89462023537105e-09	0.12616028409565	0.132	0.197	5.72845344579931e-05	c26	FUBP1
2.99624106743049e-09	0.169961669902939	0.09	0.142	5.92956107244494e-05	c26	STX8
3.12244067915029e-09	1.65420321531637	0.028	0.014	6.17931010403842e-05	c26	PTCH2
3.15093025347009e-09	0.110108998506179	0.07	0.115	6.2356909716173e-05	c26	CHMP7
3.43173894237104e-09	0.336011378890011	0.583	0.671	6.79141136695229e-05	c26	SSR4
3.51608804804749e-09	0.259334999996333	0.111	0.171	6.95833824708598e-05	c26	RABL6
3.5377030367384e-09	0.155019097359317	0.175	0.256	7.0011143097053e-05	c26	EIF5B
3.63516012673004e-09	0.180908576316494	0.166	0.246	7.19398189079875e-05	c26	TSC22D4
3.68700144504577e-09	0.181903650677694	0.079	0.127	7.29657585974558e-05	c26	MED8
3.8316575057356e-09	0.189305137139024	0.138	0.207	7.58285020385076e-05	c26	NDUFAF8
3.83253651963239e-09	0.14655370826006	0.079	0.127	7.5845897723525e-05	c26	UROS
3.99638512591518e-09	0.147801465531273	0.151	0.224	7.90884616418614e-05	c26	MAP4K1
4.12329241410512e-09	0.155869762866655	0.08	0.128	8.15999568751403e-05	c26	MAD2L2
4.25018144096862e-09	0.136255521689154	0.06	0.102	8.4111090716769e-05	c26	RPUSD3
4.27912662962828e-09	2.11061146072717	0.01	0.003	8.46839160003436e-05	c26	IFNL1
4.30224730807058e-09	0.109391058020699	0.056	0.095	8.51414742267168e-05	c26	HRAS
4.3905633787041e-09	0.12033928269923	0.081	0.129	8.68892492645542e-05	c26	HDAC3
4.51061704076303e-09	0.175361693834146	0.071	0.115	8.92651112367004e-05	c26	TMED3
4.65415590073468e-09	0.117717696719183	0.126	0.188	9.21057452755393e-05	c26	SETX
4.77579016604984e-09	0.101595577327534	0.071	0.115	9.45128873861263e-05	c26	KDM6A
4.95098483207065e-09	0.109032548258715	0.05	0.088	9.79799898266783e-05	c26	GOT2
5.04184464425386e-09	1.29332859560359	0.076	0.051	9.97781055097839e-05	c26	SRGAP3
5.08251997139326e-09	0.162964305604771	0.073	0.118	0.000100583070233873	c26	ENOPH1
5.15524170531514e-09	0.177815270193622	0.133	0.199	0.000102022233348187	c26	ZNHIT3
5.3514643688453e-09	0.131368253143046	0.108	0.165	0.000105905479859449	c26	TPST2
5.4231635831419e-09	1.5837107465522	0.014	0.005	0.000107324407310378	c26	PDZK1IP1
5.42527997057946e-09	0.113279093427064	0.059	0.099	0.000107366290617767	c26	ZNF770
5.8021756739634e-09	0.150687253157456	0.069	0.112	0.000114825056587736	c26	MAEA
5.94645858816087e-09	1.30136136364292	0.081	0.056	0.000117680415459704	c26	NHLRC3
6.06108847193628e-09	0.205980517928379	0.075	0.121	0.000119948940859619	c26	MRPS10
6.0784688614677e-09	0.143066333141235	0.087	0.136	0.000120292898768446	c26	SPATA13
6.08946601406143e-09	1.34686680171923	0.014	0.005	0.000120510532418276	c26	SNCA
6.09533345839385e-09	0.130378175188354	0.198	0.288	0.000120626649141614	c26	NDUFB7
6.10149352174389e-09	0.145141122898554	0.123	0.184	0.000120748556795312	c26	BRD7
6.15357282930821e-09	0.150563756289979	0.076	0.122	0.00012177920629201	c26	DCTN1
6.25422729021165e-09	0.20229337868883	0.133	0.199	0.000123771158073289	c26	APEX1
6.52529135809286e-09	0.121484403313119	0.075	0.12	0.000129135515976658	c26	MRPS25
6.75340133006813e-09	0.215042472291489	0.724	0.797	0.000133649812322048	c26	ATP5MC2
6.83836014005457e-09	0.113866213745209	0.087	0.136	0.00013533114717168	c26	NDE1
6.84097065345674e-09	0.143640488564428	0.124	0.186	0.000135382809231909	c26	TOR1AIP1
6.96949756653681e-09	0.147228343836237	0.225	0.324	0.000137926356841763	c26	GPI
6.99378121873164e-09	0.19513963711044	0.189	0.276	0.000138406930318699	c26	POLR2J
7.12995407898583e-09	0.146542000712468	0.099	0.153	0.00014110179122313	c26	UBR2
7.2403058027762e-09	0.381157847021424	0.124	0.188	0.000143285651836941	c26	SLC25A39
7.29144601680839e-09	0.160418229509438	0.078	0.125	0.000144297716672638	c26	VRK3
7.53640302676e-09	0.151871053094397	0.082	0.129	0.00014914541589958	c26	HEXB
7.56504294674384e-09	0.118147305489396	0.082	0.129	0.000149712199916061	c26	LETMD1
7.65496439845766e-09	0.113804218092831	0.248	0.359	0.000151491745445477	c26	SRP9
7.94408441692388e-09	0.137581719689779	0.172	0.251	0.000157213430610924	c26	WDR33
7.96973280080274e-09	1.20557831804418	0.099	0.073	0.000157721012127886	c26	IRF2BPL
7.9776578309397e-09	0.148123718435996	0.048	0.084	0.000157877848474297	c26	TIMM9
8.04455102247877e-09	0.196115284532923	0.08	0.127	0.000159201664734855	c26	LRPPRC
8.18561872332588e-09	0.182243365137869	0.092	0.143	0.000161993394534619	c26	TM2D1
8.2104651568948e-09	0.244449850688702	0.098	0.152	0.000162485105454948	c26	ITPA
8.25135787580998e-09	0.164734882054197	0.215	0.311	0.00016329437236228	c26	IK
8.3611090937973e-09	0.245808699122133	0.122	0.185	0.000165466348966249	c26	ITGB1BP1
8.60570552289121e-09	1.27526198386207	0.101	0.075	0.000170306912298017	c26	RIN3
8.74561298832338e-09	0.16795874848489	0.213	0.309	0.00017307568103892	c26	NDUFS6
8.94109187620389e-09	0.132129031967325	0.049	0.086	0.000176944208230075	c26	ZBTB43
9.10926810044404e-09	0.176919122347771	0.1	0.154	0.000180272415707788	c26	ECHDC1
9.33555688691516e-09	0.195499920211053	0.144	0.213	0.000184750670792051	c26	DBNL
9.5801620018756e-09	0.182046557876376	0.121	0.182	0.000189591406017118	c26	PIH1D1
9.96965014049973e-09	0.917071444612502	0.134	0.105	0.00019729937628049	c26	F2R
1.02159822958125e-08	0.118441566824612	0.064	0.105	0.000202174289634129	c26	SLC52A2
1.03262169578513e-08	2.22727290105783	0.012	0.004	0.000204355833595878	c26	SIRPB1
1.04275996305131e-08	0.207688568512659	0.126	0.189	0.000206362196687854	c26	SRP72
1.06508166456638e-08	0.173955980812885	0.113	0.171	0.000210779661417687	c26	SMIM19
1.09743402227091e-08	0.194516759272782	0.138	0.206	0.000217182193007413	c26	DNAJC19
1.10476309529898e-08	0.150664009101118	0.056	0.095	0.000218632616559669	c26	NDUFS1
1.11398473569884e-08	1.64815706127465	0.041	0.023	0.000220457579194801	c26	CHST14
1.12674636124053e-08	0.157185807294024	0.057	0.096	0.000222983104889501	c26	PI4KB
1.15396752894434e-08	0.101136047269919	0.062	0.103	0.000228370173978085	c26	ZFAND1
1.16105161235917e-08	0.274560726361212	0.055	0.093	0.00022977211408588	c26	AP1S1
1.19212492093209e-08	1.4248783470762	0.061	0.039	0.000235921521852461	c26	ZNF880
1.20485927664983e-08	0.169316438884979	0.104	0.159	0.000238441650849002	c26	PRPS1
1.23232100362998e-08	0.134952560254699	0.093	0.144	0.000243876326618372	c26	CDK11B
1.25506604117158e-08	0.224955648258665	0.111	0.168	0.000248377569547855	c26	METTL5
1.26558419516915e-08	0.200035758508561	0.075	0.12	0.000250459112223975	c26	KATNBL1
1.32714298078427e-08	0.145705928639897	0.096	0.147	0.000262641595897206	c26	PEX16
1.33514148202848e-08	0.190690838466501	0.121	0.18	0.000264224499293437	c26	U2AF2
1.36738278938834e-08	0.159283824247568	0.078	0.123	0.000270605054019953	c26	ERCC1
1.38669955945927e-08	0.763951458171734	0.272	0.26	0.00027442784281699	c26	LUC7L3
1.3971218645747e-08	0.128633653058227	0.133	0.195	0.000276490416999332	c26	UBTF
1.45888659442344e-08	0.185446565652031	0.104	0.158	0.000288713657036398	c26	LMF2
1.4727458759796e-08	0.116319976554907	0.267	0.386	0.000291456408856363	c26	SELENOF
1.54238373689e-08	0.169216218284964	0.068	0.111	0.000305237741530531	c26	COMTD1
1.62950779157387e-08	0.120990333348091	0.05	0.086	0.000322479591952469	c26	TBC1D17
1.65830335053162e-08	0.111173258948531	0.076	0.12	0.000328178233070207	c26	LTA4H
1.67410558635726e-08	0.196234328194674	0.134	0.199	0.000331305495540102	c26	KXD1
1.69804219874915e-08	0.109744727888162	0.082	0.128	0.000336042551132457	c26	RNPEPL1
1.89616656435707e-08	0.175180453746563	0.111	0.167	0.000375251363086264	c26	CCPG1
1.91167291661078e-08	0.163058960727737	0.113	0.169	0.000378320070197273	c26	GNPTG
1.91948717631723e-08	0.121032154494425	0.208	0.298	0.00037986651219318	c26	FNBP4
1.93054112173221e-08	0.862379266898514	0.225	0.206	0.000382054087990804	c26	ZRANB2
1.94062855523502e-08	0.172025873159146	0.065	0.105	0.00038405039108101	c26	TOR3A
1.94161380444365e-08	0.17338421043422	0.113	0.17	0.000384245371899399	c26	RBM6
1.98056833585728e-08	0.364510674256287	0.537	0.616	0.000391954473666156	c26	SSR2
2.10880299617609e-08	0.1266792321309	0.064	0.103	0.000417332112943249	c26	RCC1
2.14983863977722e-08	0.141216889301581	0.143	0.21	0.000425453066811911	c26	FIP1L1
2.15674296296889e-08	1.43196170155931	0.059	0.038	0.000426819432371543	c26	GPR68
2.16655884582583e-08	0.134102723885681	0.09	0.139	0.000428761995588931	c26	AKAP8L
2.18396002873972e-08	0.12248235238284	0.07	0.112	0.00043220568968759	c26	CHD8
2.2283895269672e-08	0.194791830844558	0.087	0.135	0.00044099828738681	c26	ZDHHC6
2.23087007150626e-08	0.17791720161127	0.198	0.285	0.000441489187151089	c26	ILF3
2.27650282404616e-08	0.145535234243533	0.071	0.114	0.000450519908878735	c26	RFFL
2.38371675064157e-08	0.198820126811921	0.146	0.213	0.000471737544951966	c26	NRDC
2.41696626754077e-08	0.169455878821546	0.064	0.104	0.000478317624346317	c26	MRPL46
2.44406225042784e-08	0.234226781316425	0.19	0.276	0.00048367991935967	c26	METTL9
2.48896450328727e-08	0.140400005894198	0.079	0.124	0.000492566075200552	c26	ADPGK
2.49803763598276e-08	0.2212809240519	0.169	0.248	0.000494361648160989	c26	SDHC
2.53515652229523e-08	0.111096725025133	0.06	0.099	0.000501707475762227	c26	STX12
2.57034782090485e-08	0.18190276722905	0.198	0.283	0.00050867183375707	c26	NIPBL
2.59339067162485e-08	0.223960819148866	0.059	0.098	0.000513232013914558	c26	FAM207A
2.59342395591602e-08	0.251945978489852	0.09	0.14	0.00051323860087578	c26	MRPL28
2.5948918042776e-08	0.1094742510061	0.204	0.288	0.000513529088066537	c26	ATP2B4
2.64547092380883e-08	0.216055419843662	0.147	0.214	0.000523538695821768	c26	SSBP4
2.66527369305943e-08	0.156157260615717	0.082	0.128	0.000527457663856461	c26	RPIA
2.67793844038456e-08	0.182083787894061	0.181	0.261	0.000529964017352105	c26	MRPS34
2.69692403626852e-08	0.203038614493644	0.189	0.273	0.00053372126677754	c26	EIF2S3
2.90019305224269e-08	0.105137261381034	0.085	0.131	0.000573948205038829	c26	NGLY1
3.04024722667112e-08	0.233850631872848	0.118	0.176	0.000601664926158214	c26	IAH1
3.07537935075497e-08	0.214597019085166	0.109	0.164	0.000608617573514409	c26	AAMP
3.08967784661872e-08	1.59042332581182	0.025	0.012	0.000611447245845845	c26	NUGGC
3.19702795977016e-08	0.221599869103901	0.063	0.103	0.000632691833238515	c26	MRPS23
3.20755597249978e-08	0.215678974097058	0.113	0.17	0.000634775326957706	c26	CYB561D2
3.22444705488768e-08	1.0582045258601	0.139	0.112	0.000638118072162272	c26	KLF13
3.27921199444281e-08	0.208695159910716	0.109	0.163	0.000648956053700232	c26	CRLF3
3.33194713466542e-08	0.966938226530341	0.155	0.128	0.000659392337950286	c26	GIMAP6
3.46463551794707e-08	0.205311155320938	0.107	0.161	0.000685651369001726	c26	MCRIP1
3.48964928869838e-08	0.236754690484397	0.065	0.105	0.00069060159423341	c26	TPD52L2
3.57490990690827e-08	0.206963703069201	0.128	0.188	0.000707474670577147	c26	RNF115
3.59061289851583e-08	0.21796721509266	0.117	0.174	0.000710582292616283	c26	SMARCE1
3.68592998658815e-08	0.151995175576579	0.157	0.228	0.000729445544345794	c26	HSPB11
3.75305934722222e-08	0.161645022298726	0.07	0.111	0.000742730444815277	c26	NUPL2
3.76348519913857e-08	0.228067264631776	0.171	0.249	0.000744793720909524	c26	COPS6
3.76401547482693e-08	0.14428036042925	0.068	0.108	0.000744898662468248	c26	FAM136A
3.84245013143456e-08	0.143060122848897	0.058	0.095	0.000760420881010899	c26	PRDX4
3.86938230586428e-08	0.157959492961234	0.093	0.142	0.000765750758330541	c26	TRAPPC5
3.90007827058518e-08	0.143084104125665	0.097	0.146	0.000771825489748808	c26	JADE2
3.93506294822242e-08	0.156671297518415	0.107	0.16	0.000778748957453217	c26	ELMO1
3.9835917388057e-08	0.194995754853326	0.095	0.144	0.000788352805109649	c26	DNAJC4
3.99868377334223e-08	0.137518175356404	0.065	0.105	0.000791339518744427	c26	DRG2
4.00214615704504e-08	1.34944535626604	0.048	0.029	0.000792024724479213	c26	GAB3
4.04591886579857e-08	0.22930652117724	0.067	0.108	0.000800687343541537	c26	PDE6D
4.09931913804746e-08	0.111928102127819	0.05	0.084	0.000811255257419592	c26	LARP1
4.11659259074232e-08	0.168653367264341	0.15	0.217	0.000814673673707906	c26	SYTL1
4.14973981042007e-08	0.104929875840196	0.064	0.103	0.000821233508482131	c26	MBD1
4.17743903888766e-08	0.145994507344841	0.074	0.117	0.000826715185795868	c26	PEPD
4.17847978304845e-08	0.213679680394876	0.096	0.146	0.000826921149065289	c26	GPBP1L1
4.25130708058144e-08	0.200265831591531	0.15	0.218	0.000841333671247066	c26	NDUFB3
4.53960548874455e-08	0.146093158901869	0.065	0.104	0.000898387926222547	c26	ANAPC13
4.5529606913921e-08	0.151607451407663	0.247	0.354	0.000901030920826496	c26	UQCRQ
4.55538814144017e-08	0.207774588142951	0.131	0.193	0.000901511313191009	c26	SCAMP3
4.57763166244923e-08	1.5274811862162	0.037	0.021	0.000905913305998704	c26	AFAP1L2
4.62928913369328e-08	0.133048800346874	0.223	0.317	0.000916136319557901	c26	DDX18
4.80034110606216e-08	0.103325877259152	0.069	0.109	0.000949987504889702	c26	RETREG1
4.84172594945635e-08	0.215506574360477	0.217	0.312	0.000958177565397412	c26	MEAF6
4.84240014122995e-08	0.202902851723829	0.113	0.167	0.000958310987949407	c26	GTF2I
4.94152951133925e-08	0.177259357922148	0.125	0.184	0.000977928690294037	c26	CHCHD7
4.96862116638635e-08	1.3943280546478	0.055	0.035	0.000983290128827858	c26	METTL18
5.01489022264194e-08	0.104892326125556	0.07	0.11	0.00099244677506084	c26	NSUN2
5.04174036445167e-08	0.241168102865649	0.109	0.164	0.000997760418124986	c26	YIPF4
5.06060274984395e-08	0.178491764955973	0.061	0.099	0.00100149328419412	c26	DMAC1
5.13164710316689e-08	0.231812811815909	0.147	0.214	0.00101555296171673	c26	MIEN1
5.32554411148068e-08	1.34393608279139	0.075	0.052	0.00105392517966203	c26	TSPAN32
5.39631115996493e-08	0.208209859686051	0.123	0.181	0.00106792997855706	c26	ZC3H13
5.41631926856866e-08	1.59456563899418	0.035	0.019	0.00107188958324974	c26	FBXW8
5.43064963428095e-08	0.12925106739988	0.05	0.085	0.0010747255626242	c26	LTV1
5.4766292677992e-08	0.184579820743334	0.069	0.11	0.00108382493209746	c26	CAT
5.48315513057847e-08	0.172579239375113	0.085	0.13	0.00108511640034148	c26	GATAD2B
5.51945441382354e-08	0.127434461883209	0.093	0.14	0.00109230002849568	c26	UVRAG
5.60624225078029e-08	0.155269562109442	0.133	0.193	0.00110947534142942	c26	GLRX5
5.73834658399019e-08	0.127506665127297	0.254	0.363	0.00113561878897166	c26	PA2G4
6.08247072051989e-08	0.253484290470257	0.065	0.104	0.00120372095559089	c26	ANAPC15
6.30527499104596e-08	0.199203192876852	0.092	0.14	0.00124781392072799	c26	RGL4
6.54751917539839e-08	0.17725182573724	0.045	0.078	0.00129575404481134	c26	DHX16
6.62552558714136e-08	0.120192322234843	0.069	0.11	0.00131119151369528	c26	COPG1
6.68170822575783e-08	0.187908482645312	0.199	0.287	0.00132231005787747	c26	SSNA1
6.72055102673378e-08	0.19582402508241	0.122	0.18	0.00132999704819062	c26	CDK12
6.86516448504046e-08	0.144519649857325	0.065	0.103	0.00135861605158951	c26	GFER
6.91273721532184e-08	0.169180033309838	0.077	0.12	0.00136803069491219	c26	STX17
7.00085223743937e-08	0.164498663645586	0.222	0.315	0.00138546865778925	c26	RASSF5
7.01451646747145e-08	0.137991400304969	0.06	0.098	0.0013881728089126	c26	JKAMP
7.17206206587678e-08	0.121893618671448	0.074	0.116	0.00141935108283701	c26	FNDC3A
7.18821878562804e-08	0.171771852405916	0.073	0.114	0.00142254849767579	c26	PREP
7.19520522170604e-08	0.123449845929652	0.048	0.081	0.00142393111337563	c26	ARMCX6
7.21814470352144e-08	0.102393431013331	0.058	0.094	0.00142847083682689	c26	NIPSNAP1
7.24482776368737e-08	0.141250155748135	0.071	0.112	0.00143375141443373	c26	RC3H2
7.50193295464802e-08	0.204258313099886	0.088	0.134	0.00148463253172484	c26	IDH3B
7.85425445482844e-08	0.143622724661904	0.058	0.094	0.00155435695661055	c26	EXOC2
8.25413000310225e-08	0.126145000682622	0.037	0.067	0.00163349232761393	c26	CTNNBIP1
8.26857597887126e-08	0.248183395915186	0.132	0.192	0.00163635118621862	c26	PDS5A
8.37912386471756e-08	0.189379391225691	0.073	0.114	0.00165822861282761	c26	TAF11
8.43235007282533e-08	0.162872977935519	0.085	0.13	0.00166876207941213	c26	TVP23B
8.4492697997556e-08	0.141363937844166	0.081	0.124	0.00167211049337163	c26	DDB2
8.49692577778893e-08	0.127529305374912	0.077	0.119	0.00168154161142443	c26	TBCD
8.68181640984691e-08	0.158521366634387	0.056	0.091	0.0017181314675087	c26	MAGT1
9.61027446693522e-08	0.192343712265046	0.212	0.302	0.00190187331700648	c26	POLR2E
9.64412001503276e-08	0.134599317088297	0.059	0.095	0.00190857135097498	c26	TM7SF3
9.98241692274279e-08	0.174393060468803	0.054	0.089	0.0019755203090108	c26	MPST
1.01261640270918e-07	1.37372995142402	0.045	0.028	0.00200396786096147	c26	RBM43
1.05307360645966e-07	0.175179088105784	0.094	0.141	0.00208403266718368	c26	PIK3CD
1.06306449320224e-07	0.116673864299384	0.256	0.361	0.00210380463204723	c26	EIF3D
1.06473375330681e-07	0.543044584658161	0.406	0.44	0.00210710809779418	c26	DDX17
1.08457767005701e-07	0.151589922635772	0.09	0.135	0.00214637920904282	c26	CAPN7
1.0880847392141e-07	0.167608771331598	0.215	0.307	0.00215331969890471	c26	MRPL57
1.10263662259927e-07	0.154376480462174	0.112	0.165	0.00218211787612395	c26	SIRT7
1.17987442583023e-07	0.269632386344897	0.15	0.118	0.00233497148871802	c26	CRTAM
1.18378799846117e-07	0.209803394578062	0.073	0.113	0.00234271644895465	c26	CACUL1
1.19179041841085e-07	0.163037052301805	0.256	0.362	0.00235855323803506	c26	PRDX6
1.21984580214652e-07	0.110966110120335	0.061	0.098	0.00241407484244796	c26	FAM208B
1.22212746248588e-07	0.214096548186897	0.121	0.177	0.00241859024825956	c26	ZNF148
1.23439490870476e-07	0.103928895660585	0.053	0.087	0.00244286752432671	c26	GLMN
1.29006666422627e-07	0.173652977324701	0.088	0.133	0.00255304192850378	c26	GPS2
1.29227826237726e-07	0.226103032961504	0.136	0.196	0.00255741868124461	c26	EPRS
1.29905974910367e-07	0.160936638423808	0.06	0.097	0.00257083924347616	c26	TBK1
1.30812977110678e-07	0.237038334397271	0.083	0.126	0.00258878881702031	c26	CERS2
1.30855444950495e-07	1.00694661096528	0.175	0.153	0.0025896292555703	c26	RAP1GDS1
1.31478713351695e-07	0.227726437292712	0.053	0.087	0.00260196373723004	c26	LZIC
1.32306803391805e-07	1.41188538019883	0.035	0.02	0.00261835163912382	c26	PRAG1
1.33796299198063e-07	0.273984449046628	0.11	0.163	0.00264782876112967	c26	GPS1
1.37784731448701e-07	0.277123063114834	0.074	0.116	0.00272675983536979	c26	TIMM10
1.39894618157692e-07	0.185419869778457	0.068	0.106	0.00276851449334073	c26	TDP2
1.3998672960166e-07	0.11310284080618	0.051	0.084	0.00277033737881685	c26	MED13
1.40621567105651e-07	0.155445754436527	0.081	0.124	0.00278290081302083	c26	RHOT2
1.40754946906404e-07	1.28503140517653	0.054	0.035	0.00278554039927773	c26	ANKAR
1.43966745575534e-07	0.252034210094247	0.093	0.14	0.00284910189493982	c26	SF3B3
1.45921451022152e-07	0.191797347232829	0.049	0.082	0.00288778551572839	c26	FARS2
1.46233429728502e-07	0.108076814252823	0.236	0.329	0.00289395957432706	c26	DYNC1H1
1.48538439275329e-07	0.21100832820938	0.053	0.087	0.00293957571325876	c26	MRPL19
1.4968931221354e-07	0.151837370754819	0.053	0.087	0.00296235148870596	c26	LAMP2
1.50105032660472e-07	0.118379626596998	0.048	0.08	0.00297057859635073	c26	PSMD10
1.55821189301634e-07	0.250921463977922	0.092	0.139	0.00308370133627933	c26	ACTR1B
1.56180962898008e-07	0.124404270412087	0.083	0.126	0.00309082125575157	c26	FOXN2
1.57308123098028e-07	0.147875423493288	0.063	0.1	0.00311312775610997	c26	SMYD2
1.57901986265988e-07	0.230107586025692	0.135	0.195	0.0031248803082039	c26	GSTO1
1.59814768571524e-07	0.194922842888861	0.074	0.114	0.00316273427003045	c26	DRAM2
1.60139871061431e-07	0.132257082699388	0.092	0.138	0.00316916804830573	c26	MAP2K4
1.60281630983533e-07	0.165165078818603	0.062	0.099	0.00317197347716412	c26	PIGH
1.62428622380933e-07	0.240338741009053	0.072	0.112	0.00321446243691867	c26	MED27
1.63025862237819e-07	0.226510725551794	0.112	0.165	0.00322628181368643	c26	HDLBP
1.66554970602236e-07	1.26795939509173	0.062	0.042	0.00329612286821824	c26	CCDC141
1.67030049459369e-07	0.163522392102674	0.243	0.347	0.00330552467880091	c26	OTUB1
1.70419539986829e-07	0.206219635448079	0.068	0.108	0.00337260269633934	c26	MRPL49
1.71691933781724e-07	0.237116616209551	0.149	0.213	0.00339778336954032	c26	C6orf48
1.72072589900415e-07	0.137177233016904	0.064	0.101	0.00340531655412921	c26	ZZEF1
1.7457263967281e-07	0.114114234909999	0.043	0.074	0.00345479253912491	c26	QDPR
1.74678504414186e-07	1.34120820548067	0.051	0.032	0.00345688760235674	c26	RECK
1.7510774430543e-07	0.118928074125208	0.288	0.407	0.00346538225980447	c26	C9orf78
1.75454600721132e-07	0.112479719066747	0.053	0.086	0.0034722465482712	c26	NUS1
1.75529473567283e-07	0.378396390864585	0.059	0.095	0.00347372828189653	c26	GGCT
1.75684803484865e-07	0.13322396973725	0.067	0.105	0.00347680226096547	c26	CTNNBL1
1.78206013480842e-07	0.240213092655098	0.069	0.108	0.00352669700678587	c26	CEP85L
1.80104148844714e-07	0.191512813247828	0.106	0.156	0.00356426110563689	c26	GSK3B
1.80401071719144e-07	0.142311960195231	0.046	0.077	0.00357013720932186	c26	RCC1L
1.85714046330944e-07	0.22852548197943	0.102	0.151	0.00367528097688938	c26	RECQL
1.87817201805556e-07	0.232446250094686	0.166	0.238	0.00371690242373194	c26	MEA1
1.89004365277148e-07	0.173110134618998	0.056	0.09	0.00374039638883476	c26	IKBKB
1.90973817878694e-07	0.118435991026009	0.119	0.171	0.00377937185581936	c26	ABCG1
1.93539590492829e-07	0.16765818881124	0.226	0.322	0.00383014849585309	c26	NDUFAF3
1.94126418258446e-07	0.19728406370063	0.085	0.129	0.00384176181733466	c26	POLDIP3
1.96849289404689e-07	0.218754485797071	0.124	0.179	0.0038956474373188	c26	KMT2C
1.99481616131298e-07	0.220906230077821	0.108	0.159	0.00394774118323839	c26	AGO2
2.07775362504767e-07	1.63088878673842	0.026	0.014	0.00411187442396934	c26	BBS1
2.11105806310799e-07	0.262466352085664	0.123	0.179	0.00417778390689071	c26	DEGS1
2.13981239831825e-07	1.09328403376365	0.09	0.066	0.00423468873627181	c26	ZNF708
2.1550630534855e-07	0.203490285118135	0.209	0.297	0.00426486978284781	c26	RPS19BP1
2.16639037312444e-07	0.176380386587909	0.054	0.087	0.00428728654841327	c26	SIPA1L1
2.17910816187362e-07	0.210038751832657	0.121	0.176	0.00431245505234789	c26	TRAPPC6A
2.21130031962241e-07	0.118440416310137	0.052	0.085	0.00437616333253275	c26	NUP62
2.26747476014423e-07	0.130707159122746	0.289	0.408	0.00448733255032544	c26	BSG
2.28858198302882e-07	0.142706394242948	0.06	0.095	0.00452910374441403	c26	ZNF281
2.28973518705604e-07	0.121256715612691	0.042	0.071	0.0045313859351839	c26	COX10
2.31713938097027e-07	0.203855830921954	0.042	0.073	0.00458561883494017	c26	CPSF2
2.32685331398639e-07	0.155926950433701	0.056	0.09	0.00460484270837906	c26	AQR
2.35994794078109e-07	0.210545645334768	0.192	0.273	0.00467033697480577	c26	ANP32A
2.40026941380946e-07	0.25648262679225	0.181	0.258	0.00475013316992891	c26	ACP1
2.42589966736552e-07	1.19586265014672	0.056	0.037	0.00480085544171637	c26	JAKMIP2
2.4749156316297e-07	0.13412061952694	0.861	0.918	0.00489785803499518	c26	EEF1D
2.47878977663419e-07	0.21361560168135	0.065	0.102	0.00490552496795905	c26	TMEM138
2.48182327921028e-07	0.242469953356142	0.098	0.146	0.00491152826955713	c26	USP22
2.48669666918626e-07	0.173492355066777	0.056	0.09	0.00492117270831961	c26	CCAR2
2.4957330143305e-07	0.392775922269634	0.48	0.534	0.00493905563536006	c26	CD53
2.60598512261497e-07	0.185541339697887	0.184	0.261	0.00515724455765502	c26	PHIP
2.6984614029273e-07	1.26485657615058	0.083	0.061	0.00534025511639312	c26	ALG12
2.70418766999531e-07	0.175891241927152	0.084	0.127	0.00535158739892071	c26	GTF2E2
2.73659296156273e-07	0.236518584933419	0.089	0.134	0.00541571747093265	c26	PPIE
2.80068499756122e-07	0.100285206153941	0.045	0.076	0.00554255561017366	c26	VPS41
2.94398360997344e-07	0.232306618759395	0.089	0.133	0.00582614356413743	c26	UHRF2
2.96872807454521e-07	0.105538197595198	0.08	0.121	0.00587511285952498	c26	MON2
2.97613881785671e-07	0.178880405858884	0.059	0.093	0.00588977872053843	c26	SPTLC1
3.08366207405546e-07	0.193850686053528	0.113	0.165	0.00610256724455575	c26	LSM10
3.09661329392448e-07	0.208850137265422	0.056	0.09	0.00612819770867655	c26	MAGOHB
3.10079462199986e-07	0.163854121586546	0.061	0.096	0.00613647255693772	c26	ERCC3
3.15316882098525e-07	0.145357393682551	0.188	0.262	0.00624012109672982	c26	EPB41
3.15914203102807e-07	0.162370789465397	0.04	0.069	0.00625194207940455	c26	STX18
3.16559674649553e-07	0.166993716578068	0.22	0.309	0.00626471596131464	c26	BIN2
3.19804142675068e-07	0.159518489802783	0.046	0.077	0.00632892398353959	c26	UCKL1
3.21088647702775e-07	0.213857717722109	0.051	0.083	0.00635434433803791	c26	EMC2
3.21582341375296e-07	0.808552445734419	0.218	0.201	0.0063641145358171	c26	APOBEC3C
3.22438439614168e-07	0.168813034919493	0.065	0.101	0.00638105671996438	c26	TMUB2
3.30682380819038e-07	0.237896439470573	0.195	0.279	0.00654420431640876	c26	RER1
3.34661929365215e-07	0.213490783293044	0.055	0.088	0.00662295958213761	c26	GRN
3.35930075924323e-07	0.125251836065303	0.046	0.077	0.00664805620254235	c26	PLEKHF2
3.40563092203483e-07	1.7199979449141	0.028	0.015	0.00673974359470694	c26	TTC24
3.43766087044349e-07	0.22557324789395	0.136	0.195	0.00680313086260767	c26	HMGN4
3.44628883845078e-07	0.117530455438138	0.063	0.099	0.0068202056112941	c26	GAK
3.46221022735208e-07	0.208022706756581	0.672	0.759	0.00685171403992977	c26	SRP14
3.46991987492105e-07	0.200870018287064	0.081	0.122	0.00686697143246875	c26	TCF12
3.50497643949266e-07	0.200440720295848	0.516	0.562	0.00693634837375596	c26	HMGN2
3.5261475985965e-07	0.163371090368772	0.072	0.11	0.00697824609762247	c26	NUDT3
3.59396105088551e-07	0.125419156248524	0.051	0.083	0.00711244891970243	c26	KIFAP3
3.62305012034e-07	0.116679472046595	0.022	0.045	0.00717001618815285	c26	CDK5
3.69610909527268e-07	0.102253078722562	0.053	0.085	0.00731459989954463	c26	CREB3
3.72059046215497e-07	0.134714943630044	0.084	0.126	0.00736304852460468	c26	SIPA1
3.7320351669496e-07	0.218512534145979	0.078	0.119	0.00738569759539325	c26	MRPS11
3.74612676776016e-07	0.30770223971056	0.128	0.186	0.00741358487339736	c26	CD2BP2
3.75700180384489e-07	0.212587089746536	0.099	0.146	0.00743510656980904	c26	ATP6V1E1
3.84917909207444e-07	0.170202580787154	0.078	0.118	0.00761752542321531	c26	EML2
3.9138015203703e-07	0.168866238186068	0.04	0.069	0.00774541320881283	c26	PGM2
4.09104953653655e-07	0.161210962454793	0.062	0.097	0.00809618703280582	c26	SOAT1
4.10650738685098e-07	0.223405548141204	0.126	0.182	0.00812677811857809	c26	ADH5
4.15015251642269e-07	0.110489060184756	0.297	0.416	0.0082131518300005	c26	VAMP8
4.16271418939192e-07	0.115062398442985	0.043	0.072	0.0082380113808066	c26	TRAPPC8
4.3546532511974e-07	0.260409946076229	0.055	0.088	0.00861785878411966	c26	TAF6
4.53754726329923e-07	0.307290359656903	0.103	0.151	0.00897980603406918	c26	ZCRB1
4.55425872954924e-07	0.213086082666381	0.119	0.171	0.00901287802577795	c26	ADAM10
4.579451168201e-07	0.128504703653885	0.028	0.052	0.00906273386186978	c26	FBXO31
4.73316234237808e-07	0.827616959841953	0.198	0.177	0.00936692827556621	c26	CHST12
4.74623642322505e-07	0.194960191668184	0.073	0.111	0.00939280188156238	c26	STN1
4.78468738029448e-07	0.132612729373124	0.074	0.112	0.00946889632560277	c26	TMEM154
4.90070835302855e-07	0.216464047839668	0.07	0.107	0.00969850183064351	c26	GIGYF2
4.96668081466129e-07	0.279272319059399	0.109	0.159	0.00982906133221469	c26	SUPT16H
4.97179391501156e-07	0.199682021801424	0.097	0.143	0.00983918015780789	c26	COA4
5.04151360567983e-07	0.258895894684465	0.144	0.207	0.00997715542564039	c26	MPG
5.18113751419104e-07	1.63693172852064	0.025	0.013	0.0102534711405841	c26	SLC16A13
5.23448004826054e-07	0.155935964363099	0.192	0.267	0.0103590360155076	c26	ATF7IP
5.40660469376902e-07	0.282040871069262	0.099	0.146	0.0106996706889689	c26	PDHB
5.49133052710765e-07	0.211310720356691	0.076	0.115	0.010867343113146	c26	PTCD3
5.64220581853251e-07	0.216748497985699	0.048	0.079	0.0111659253148758	c26	MLH1
5.64731384639108e-07	0.230567347462499	0.123	0.177	0.0111760341020079	c26	RFC1
5.64755159902209e-07	0.16973908119106	0.066	0.102	0.0111765046144647	c26	ARID2
5.64882491458627e-07	0.105089924075401	0.315	0.438	0.0111790245059662	c26	SELENOH
5.70874214761493e-07	0.209392905103411	0.072	0.11	0.0112976007101299	c26	NARS
5.75796248038962e-07	0.120476753924789	0.054	0.087	0.0113950077486911	c26	CASP8AP2
5.8438412371502e-07	0.217534985253433	0.062	0.097	0.0115649618083202	c26	SLC30A9
5.96641421527739e-07	0.239872385327877	0.066	0.102	0.0118075337320339	c26	EXOSC9
6.00056961116998e-07	1.18742763777287	0.093	0.071	0.0118751272605054	c26	OXLD1
6.05467495450233e-07	0.242914363988453	0.063	0.098	0.0119822017349601	c26	KIN
6.28460233200077e-07	0.229751698136358	0.137	0.194	0.0124372280150295	c26	PRKDC
6.36435401689793e-07	0.111165434558026	0.256	0.356	0.012595056599441	c26	KTN1
6.40153276850981e-07	0.107297001698209	0.062	0.096	0.0126686333488809	c26	P4HA1
6.42353310314597e-07	2.09219423657683	0.012	0.005	0.0127121720111259	c26	ZKSCAN7
6.43962119906605e-07	0.105674080655416	0.04	0.068	0.0127440103529517	c26	BSCL2
6.53891291890453e-07	1.98230329399171	0.016	0.007	0.0129405086665121	c26	BARX2
6.57946709360905e-07	0.171106821397896	0.234	0.329	0.0130207653782523	c26	FIS1
6.85991731331347e-07	0.105131129973023	0.06	0.094	0.0135757763630474	c26	SPPL3
6.87990472518656e-07	0.191592851052509	0.056	0.089	0.0136153314511442	c26	BRAP
6.91427378550098e-07	0.20406069351592	0.074	0.113	0.0136833478215064	c26	AK3
7.03628086085e-07	0.114027991054574	0.059	0.092	0.0139247998236221	c26	AFF1
7.13732134953788e-07	0.123694127304985	0.056	0.089	0.0141247589507355	c26	RRP8
7.16366362302124e-07	0.243039397365874	0.097	0.143	0.014176890309959	c26	TBC1D1
7.32905678491255e-07	0.204830646716281	0.08	0.12	0.0145042033773419	c26	YLPM1
7.38390469745035e-07	0.152771698729364	0.068	0.104	0.0146127473962542	c26	IREB2
7.40670740790309e-07	0.207405470380701	0.073	0.11	0.0146578739602402	c26	ATAD1
7.45277007799211e-07	0.165904448015747	0.039	0.066	0.0147490319843464	c26	ALG8
7.52514107044603e-07	0.183819086194432	0.058	0.092	0.0148922541784127	c26	RPP30
7.52661865300305e-07	0.120070999331823	0.075	0.113	0.014895178314293	c26	LMO4
7.53760736923446e-07	0.171709260920789	0.041	0.069	0.014916924983715	c26	KCMF1
7.59314200896598e-07	0.228958533365112	0.094	0.138	0.0150268280357437	c26	DENND1B
7.67551162264173e-07	0.141953236233111	0.054	0.086	0.015189837501208	c26	TMX3
7.9264013753274e-07	0.140545798428243	0.051	0.081	0.0156863483217729	c26	HPF1
7.93335768242979e-07	0.195354948792402	0.055	0.087	0.0157001148535286	c26	GART
7.9430143039863e-07	0.164896080575865	0.065	0.1	0.0157192253075889	c26	AKT2
7.96841566887704e-07	0.254396887752786	0.15	0.213	0.0157694946087077	c26	DCAF7
7.97353455974275e-07	0.253268298031062	0.079	0.118	0.0157796248937309	c26	SLC25A46
8.14669034165348e-07	1.05651915151019	0.044	0.028	0.0161223001861322	c26	PTGDR
8.15154619543461e-07	0.249557209055405	0.085	0.127	0.0161319099207651	c26	MRPL36
8.23990289853482e-07	0.242751867294153	0.168	0.237	0.0163067678362004	c26	WBP2
8.47143303965427e-07	1.37478979776088	0.03	0.017	0.0167649659854758	c26	SLC14A1
8.63985003798815e-07	0.194996588476458	0.074	0.113	0.0170982632251786	c26	LEPROT
8.66845798903357e-07	0.168762215502209	0.074	0.112	0.0171548783602974	c26	HGS
8.86014799587559e-07	0.229900394423802	0.201	0.284	0.0175342328838378	c26	TMCO1
8.97921993491399e-07	0.187880709697009	0.108	0.156	0.0177698762511948	c26	BAZ2A
9.01668913981207e-07	0.286791938753368	0.029	0.053	0.0178440278076881	c26	LMNB2
9.12260726417607e-07	0.175370294937766	0.053	0.084	0.0180536397758044	c26	RPP38
9.13058291027979e-07	0.120854564776737	0.077	0.116	0.0180694235794437	c26	TMEM140
9.13620486255103e-07	0.175492851670412	0.044	0.073	0.0180805494229885	c26	NOL9
9.16684234394668e-07	0.269794806559705	0.121	0.173	0.0181411809986705	c26	HUWE1
9.19931506161753e-07	0.181145914405147	0.059	0.093	0.0182054445069411	c26	MRPL24
9.22214064113906e-07	0.220717389568843	0.07	0.106	0.0182506163288142	c26	EIF2B5
9.4504798086242e-07	0.236916026648301	0.141	0.199	0.0187024995412673	c26	MYO1G
9.53677510700513e-07	0.270164033659491	0.057	0.09	0.0188732779367632	c26	PTPA
9.71299539044878e-07	0.158756714786226	0.05	0.08	0.0192220178776981	c26	MAN1B1
9.87580168810842e-07	0.209561373408932	0.107	0.155	0.0195442115407666	c26	MRPS26
1.0073682543138e-06	0.182704167598029	0.06	0.093	0.01993581775287	c26	AGFG2
1.01153895657576e-06	0.27431574531469	0.083	0.123	0.0200183559506344	c26	TPGS2
1.01414091202232e-06	0.196988858580545	0.054	0.086	0.0200698486489218	c26	SUCLA2
1.01812101898986e-06	0.22680090541402	0.176	0.247	0.0201486149658093	c26	NAA10
1.04677366783866e-06	0.664907201685595	0.319	0.329	0.0207156508865271	c26	NAP1L4
1.10154497322029e-06	0.278923367602861	0.135	0.192	0.0217995750200295	c26	HSD17B11
1.10263312986109e-06	0.209865096715933	0.088	0.129	0.0218211096399509	c26	SEL1L
1.11088253783032e-06	2.06552320014021	0.011	0.004	0.021984365423662	c26	SOX5
1.12556654988476e-06	0.138640331241178	0.069	0.104	0.0222749620222193	c26	WASHC2C
1.12604597406351e-06	0.295066024621487	0.071	0.107	0.022284449826717	c26	ACADM
1.15674850100202e-06	0.19232307588707	0.229	0.321	0.0228920528348299	c26	NDUFA13
1.16484095521531e-06	0.226328782136331	0.088	0.13	0.023052202503711	c26	TAF12
1.17074157909997e-06	0.163321794444414	0.06	0.094	0.0231689758503884	c26	MAPKAP1
1.18057567657248e-06	0.244112323816793	0.063	0.098	0.0233635926393694	c26	TNPO3
1.18264968776432e-06	0.15423743805168	0.035	0.061	0.0234046373208559	c26	LRRC61
1.1991858267866e-06	1.34601031570844	0.055	0.037	0.0237318875121068	c26	GATAD1
1.20818509700944e-06	0.183735191773089	0.107	0.153	0.0239099830698168	c26	TTC17
1.21103471981027e-06	1.05976083478507	0.089	0.067	0.0239663771050452	c26	DYRK2
1.21395137442281e-06	0.173192217678047	0.047	0.076	0.0240240976998274	c26	CNOT3
1.21672412150869e-06	0.264144673434772	0.173	0.244	0.024078970364657	c26	ABHD14B
1.22541777968927e-06	0.288727768698287	0.102	0.147	0.0242510178600506	c26	FAM120AOS
1.23427968657683e-06	0.15949690927365	0.069	0.104	0.0244263949973555	c26	ACTR6
1.24326186194869e-06	0.241385341583946	0.143	0.202	0.0246041522479647	c26	CDC26
1.24474412589829e-06	1.59056688305238	0.033	0.019	0.0246334862515271	c26	ACCS
1.24576924916303e-06	0.24295757015616	0.126	0.18	0.0246537734409365	c26	RNF220
1.24946031556696e-06	0.282011754533569	0.107	0.153	0.0247268196450701	c26	CNOT1
1.25002409969604e-06	0.168104333026103	0.037	0.064	0.0247379769329846	c26	NUP37
1.25310981042553e-06	0.790774623027436	0.249	0.243	0.0247990431483212	c26	HMGN3
1.2757497594141e-06	0.277838853772138	0.169	0.239	0.025247087738805	c26	CLPP
1.30675422806995e-06	0.219295340441443	0.222	0.311	0.0258606661735043	c26	AIP
1.32938206423422e-06	0.157270690100416	0.048	0.077	0.0263084710511952	c26	AKAP11
1.33475217031657e-06	1.33783148326468	0.046	0.03	0.0264147454505648	c26	ZNF512
1.35082474281775e-06	0.189536085523694	0.047	0.076	0.0267328216603633	c26	NDRG3
1.36400093544578e-06	0.247026079539881	0.081	0.121	0.0269935785124719	c26	RNF34
1.36452484042112e-06	0.221456407989495	0.089	0.131	0.027003946591934	c26	STK25
1.36679874694908e-06	0.241003145082964	0.066	0.101	0.0270489472021223	c26	GMPR2
1.38947355974487e-06	0.265270791537753	0.104	0.15	0.0274976817473511	c26	NBR1
1.39551035714302e-06	0.300829012153176	0.133	0.189	0.0276171499678604	c26	MED28
1.39736351182164e-06	0.141811175049759	0.036	0.062	0.0276538238989502	c26	CASP6
1.40989609344732e-06	0.633101640258012	0.297	0.297	0.0279018436893224	c26	NUCKS1
1.41116417248347e-06	0.141878874641947	0.046	0.074	0.0279269389734479	c26	MUM1
1.42324000125511e-06	0.191857920019843	0.04	0.067	0.0281659196248386	c26	EIF2B4
1.42625862339377e-06	0.209853974308132	0.083	0.122	0.0282256581569626	c26	CARD8
1.4367774349533e-06	0.199779446550333	0.134	0.19	0.0284338254377258	c26	CCM2
1.45183596819032e-06	1.92555442328526	0.013	0.006	0.0287318338104865	c26	SLC16A11
1.45385147546706e-06	0.163328870156604	0.037	0.062	0.0287717206994931	c26	PACSIN2
1.45729854487521e-06	0.333545950142658	0.09	0.132	0.0288399382030805	c26	CLPTM1
1.47883795416593e-06	0.257438412038358	0.135	0.191	0.0292662031129437	c26	POLR2I
1.52195671016151e-06	0.142491793142804	0.275	0.382	0.0301195232940962	c26	PRELID1
1.54978376057928e-06	0.119997870782693	0.076	0.114	0.030670220621864	c26	OTULINL
1.57901437455588e-06	0.186315895655633	0.068	0.103	0.0312486944724609	c26	VAMP4
1.59025558544978e-06	0.282927963717397	0.062	0.096	0.0314711580360512	c26	TBP
1.60057379691994e-06	0.725004816010702	0.177	0.153	0.0316753554410457	c26	GLUL
1.60116109091776e-06	0.167688407792098	0.05	0.08	0.0316869779892624	c26	FMNL3
1.61625046489221e-06	0.229714980123192	0.062	0.096	0.0319855967002168	c26	COMMD10
1.63239800856238e-06	0.315774976506061	0.129	0.183	0.0323051565894495	c26	SNRPA1
1.63305066859699e-06	0.120928372277355	0.046	0.075	0.0323180727315344	c26	DDAH2
1.63466544639867e-06	0.250011043861356	0.071	0.107	0.0323500291842297	c26	GLYR1
1.65386400533456e-06	0.23450016745552	0.082	0.122	0.0327299686655709	c26	NPAT
1.65522978763676e-06	0.25679039338577	0.114	0.163	0.0327569974973315	c26	PIGT
1.67720469767496e-06	1.77535009178631	0.015	0.007	0.0331918809669874	c26	NT5M
1.75622065708286e-06	0.243033762071488	0.063	0.097	0.0347556068036699	c26	ZSWIM7
1.79823051865334e-06	0.104495437029912	0.03	0.053	0.0355869819641495	c26	ASL
1.81285626011592e-06	0.269579944079839	0.15	0.21	0.035876425387694	c26	TUT4
1.84532016612995e-06	0.203448253718226	0.079	0.117	0.0365188860877116	c26	VHL
1.85290533611651e-06	0.126356796996872	0.038	0.064	0.0366689966017456	c26	DIP2B
1.86909409923023e-06	0.13330317615613	0.257	0.352	0.0369893722237663	c26	ADAR
2.00062833436534e-06	0.185901240474544	0.051	0.08	0.0395924347370901	c26	IQCB1
2.01336784419646e-06	0.130962568582381	0.049	0.078	0.0398445496366479	c26	PGM1
2.03086637436327e-06	0.119913520185108	0.039	0.065	0.0401908455486491	c26	BRD8
2.03343942602984e-06	0.179685689609042	0.044	0.071	0.0402417662411305	c26	USP7
2.04783400077933e-06	1.33476245252208	0.054	0.037	0.0405266348754229	c26	PCED1A
2.05771164954635e-06	0.154435821460117	0.041	0.068	0.0407221135445222	c26	IFRD2
2.08632192148549e-06	0.23949550709862	0.059	0.092	0.0412883108261978	c26	MTA2
2.10356890266249e-06	0.21124179301198	0.056	0.087	0.0416296285836906	c26	DUS3L
2.10399267538647e-06	0.183448801031631	0.056	0.087	0.0416380150458983	c26	SIGMAR1
2.11306395291153e-06	0.196150382304608	0.059	0.091	0.0418175356281192	c26	PPIL3
2.15054555922824e-06	0.153209673783174	0.039	0.065	0.0425592966171268	c26	GDAP2
2.17724091525191e-06	0.131901027804021	0.046	0.074	0.0430875977128352	c26	ACSF3
2.17729540745712e-06	0.127328124805898	0.034	0.058	0.0430886761135763	c26	KYAT3
2.22289811130755e-06	0.203372457719335	0.209	0.288	0.0439911536227763	c26	PCM1
2.22634400819823e-06	0.159447052904213	0.057	0.088	0.0440593479222429	c26	RHNO1
2.24680570630869e-06	0.210617778323253	0.091	0.132	0.0444642849278489	c26	TRIP11
2.28213948597045e-06	0.239840371695436	0.165	0.231	0.0451635404273552	c26	NHP2
2.3056997637442e-06	0.258481650480101	0.169	0.235	0.0456297983244978	c26	SPN
2.33293586388598e-06	0.183264501352844	0.042	0.068	0.0461688007463035	c26	WDR77
2.35162467217866e-06	0.255079871352343	0.102	0.147	0.0465386522624156	c26	NUBP2
2.36230216995961e-06	0.258168647937887	0.101	0.145	0.0467499599435006	c26	BRI3
2.37137573941021e-06	0.261918431172689	0.075	0.112	0.0469295258829281	c26	ZFX
2.43558540046075e-06	0.238796681623102	0.152	0.212	0.0482002350751182	c26	AP3S1
2.47780241061228e-06	0.17283989004016	0.044	0.072	0.0490357097060171	c26	CSTF1
2.4929794422301e-06	0.210911713563523	0.069	0.104	0.0493360631617336	c26	C1orf131
2.49490017687881e-06	0.288061975690347	0.081	0.12	0.0493740745004316	c26	HDDC2
2.49615404884314e-06	0.252310603287743	0.096	0.138	0.0493988886266057	c26	CHCHD5
2.50325748288271e-06	0.167662606011106	0.064	0.098	0.0495394655862487	c26	MRPL2
