p_val	avg_log2FC	pct.1	pct.2	p_val_adj	cluster	gene
0	1.48475253242038	0.871	0.336	0	c7	GZMK
0	0.719646154297561	0.801	0.421	0	c7	NKG7
0	1.36598082507196	0.96	0.613	0	c7	CST7
0	0.926302665825407	0.681	0.378	0	c7	CD8A
0	1.50965056931257	0.881	0.585	0	c7	TUBA4A
0	2.6707064910682	0.346	0.06	0	c7	ENC1
0	1.16883294705651	0.77	0.496	0	c7	FAM177A1
0	1.20081637667879	0.763	0.495	0	c7	LITAF
0	1.12277536471652	0.686	0.419	0	c7	GZMM
0	1.23208376019502	0.498	0.239	0	c7	ITM2C
0	0.876759686215787	0.972	0.729	0	c7	DUSP2
0	0.92346913607724	0.881	0.648	0	c7	YPEL5
0	1.13534172031362	0.633	0.406	0	c7	PIK3R1
0	0.757677148168182	0.729	0.518	0	c7	HIST1H4C
0	1.57026983632115	0.311	0.11	0	c7	CRTAM
0	2.50173286605638	0.209	0.041	0	c7	DKK3
0	0.802341325796291	0.885	0.725	0	c7	LDHA
0	0.769552930026192	0.995	0.848	0	c7	CXCR4
0	0.403854366739027	0.991	0.963	0	c7	RPL23A
0	0.3394449702401	0.999	0.989	0	c7	RPS15A
0	0.328100820578856	1	0.992	0	c7	RPL28
6.36572348848774e-308	0.460552405957158	0.999	0.973	1.25977667837172e-303	c7	BTG1
1.1451514239899e-295	0.328803575919233	0.942	0.578	2.266254668076e-291	c7	CCL5
1.33227678286768e-284	0.652979642775131	0.87	0.71	2.63657575329515e-280	c7	RGCC
1.54661047757256e-268	0.947018068613988	0.563	0.359	3.0607421351161e-264	c7	RNF19A
2.09769440420078e-259	1.34153988382482	0.302	0.133	4.15133722591334e-255	c7	AUTS2
6.25859062184441e-255	1.0419896732112	0.496	0.294	1.23857508406301e-250	c7	TC2N
7.60473695342802e-252	1.1714222623342	0.409	0.223	1.50497744308341e-247	c7	CMC1
4.77616546484909e-250	0.967424636019751	0.543	0.345	9.45203145493635e-246	c7	RNF125
6.89348642052347e-246	0.426798667508833	0.973	0.935	1.36422096262159e-241	c7	CALM1
8.68962446229026e-242	1.51503782564321	0.279	0.124	1.71967668108724e-237	c7	PPP1R14B
1.06274275455904e-233	0.300106363752327	0.996	0.978	2.10316791127234e-229	c7	RPS25
1.94044162516703e-226	0.346925439711953	0.742	0.454	3.84013397620556e-222	c7	GZMA
9.51417986823978e-225	1.4247157878301	0.265	0.117	1.88285619592465e-220	c7	YBX3
6.54121609820675e-224	1.03009799614466	0.481	0.301	1.29450666583511e-219	c7	JMJD6
2.25981758708397e-218	1.01615911273382	0.456	0.274	4.47217900483917e-214	c7	TRAT1
8.27086525540143e-218	1.98333182270353	0.142	0.045	1.63680423404394e-213	c7	CXCR5
3.5075180021719e-213	0.257449528983802	1	0.99	6.9413781262982e-209	c7	RPS3
3.58662154872032e-213	0.715043599186348	0.714	0.565	7.09792404491751e-209	c7	FYN
1.75013281324157e-208	0.59575644128896	0.803	0.664	3.46351283740507e-204	c7	COTL1
9.44866847866519e-208	0.465114072745025	0.823	0.622	1.86989149192784e-203	c7	NR4A2
1.40538611235417e-206	0.606166139056324	0.713	0.511	2.7812591163489e-202	c7	ZNF331
2.25085745513839e-202	0.889162636643349	0.489	0.307	4.45444690371887e-198	c7	SLC7A5
4.43747855777384e-202	0.510956748404457	0.888	0.788	8.78177006583443e-198	c7	SRSF7
8.61597399094647e-197	1.08106752992432	0.262	0.118	1.70510125280831e-192	c7	AOAH
2.23455800892768e-195	0.577698588248349	0.83	0.695	4.42219029966788e-191	c7	EZR
1.52299055235123e-194	1.83077179708151	0.122	0.037	3.01399830310308e-190	c7	C1orf21
5.33632298571096e-188	0.9343332157798	0.487	0.325	1.0560583188722e-183	c7	NFATC2
4.98217564364902e-183	0.441589090988623	0.885	0.707	9.85972559878141e-179	c7	CREM
2.6987829768145e-179	0.513512017023883	0.82	0.692	5.3408915111159e-175	c7	LEPROTL1
1.60184204384135e-178	1.71575642624641	0.14	0.048	3.17004540476202e-174	c7	SMARCD3
1.28756817352514e-177	1.13656332121377	0.381	0.231	2.54809741540625e-173	c7	SRRT
9.02473417655415e-177	1.02222152746602	0.411	0.258	1.78599489354007e-172	c7	USP36
5.3046815903503e-176	0.553657305176863	0.793	0.657	1.04979648673033e-171	c7	SELENOK
1.00020803063318e-175	0.254259729162921	0.998	0.981	1.97941169262307e-171	c7	RPL7A
3.31021709803855e-169	1.01906742663649	0.211	0.092	6.55091963701828e-165	c7	TNFSF9
4.53225250546923e-169	0.981647692399301	0.402	0.245	8.96932770832362e-165	c7	NR4A3
4.32017970209478e-167	1.15781215770082	0.285	0.149	8.54963563044558e-163	c7	GGA2
1.07973486881346e-163	0.207697360173993	0.999	0.986	2.13679530538184e-159	c7	RPS14
2.33411488529396e-163	0.942853270683149	0.416	0.265	4.61921335799674e-159	c7	NAA50
2.80773354669699e-162	0.984121283321618	0.466	0.323	5.55650468891333e-158	c7	IDI1
1.82504817435702e-160	2.52511505454341	0.052	0.01	3.61177033705254e-156	c7	VIPR2
3.06056877552218e-160	0.396688670841331	0.909	0.841	6.05686560675839e-156	c7	RPL36AL
5.54996412065808e-157	0.197976985174574	1	0.994	1.09833789947823e-152	c7	RPL13
1.32997550325095e-156	0.248601310882997	0.993	0.972	2.63202152093364e-152	c7	RPLP2
6.80959932344083e-156	1.62005140752006	0.133	0.048	1.34761970610894e-151	c7	EPHA4
1.60046799389245e-155	0.785164199526637	0.469	0.314	3.16732615991316e-151	c7	CEMIP2
1.7921424241224e-155	1.17583257207634	0.271	0.143	3.54664985733823e-151	c7	P2RY8
1.68848681200035e-152	0.242318804223876	0.999	0.987	3.3415154009487e-148	c7	RPS27
4.9847595696481e-150	0.606405567070502	0.46	0.278	9.86483918833359e-146	c7	CD8B
8.56697444095368e-141	0.718487428313534	0.464	0.318	1.69540424186473e-136	c7	RALGAPA1
3.74516740905685e-139	0.181169850242582	1	0.995	7.41168630252351e-135	c7	RPL10
1.33417458753983e-133	0.532453169518088	0.457	0.293	2.64033150874133e-129	c7	CCR7
3.78447768961018e-133	0.697714281018682	0.51	0.371	7.48948134773854e-129	c7	SKIL
9.94548933801672e-133	1.23626912056614	0.231	0.12	1.96821233999351e-128	c7	PMEPA1
5.99584783007911e-132	0.244256597994227	0.985	0.94	1.18657828557266e-127	c7	SARAF
5.13503253505101e-128	0.169722532981167	1	0.991	1.01622293868659e-123	c7	RPS12
5.17362576792957e-128	0.765543464727368	0.434	0.293	1.02386053947326e-123	c7	SH2D1A
5.21721118368368e-127	0.614835382895618	0.658	0.532	1.032486093251e-122	c7	TGFB1
1.53283759329198e-126	0.237347034096528	0.957	0.875	3.03348559712483e-122	c7	CD74
1.14799677974504e-125	0.207836729623092	0.996	0.978	2.27188562711544e-121	c7	FAU
1.1914934231717e-122	0.213522292529039	0.997	0.974	2.35796548445679e-118	c7	H3F3B
1.35652624053524e-122	1.06078583726684	0.294	0.176	2.68456543001925e-118	c7	USP11
3.39065495785364e-122	0.503852760197055	0.73	0.613	6.71010616159235e-118	c7	DNAJB6
7.22524748843532e-121	0.771094334485147	0.473	0.347	1.42987647796135e-116	c7	NSMCE3
4.79590515390618e-120	0.360328555196038	0.901	0.843	9.49109629958032e-116	c7	RPL27A
6.00397951648468e-119	0.399540283157712	0.834	0.751	1.18818754631232e-114	c7	CALM2
1.34745648427657e-118	0.170790458357761	0.999	0.989	2.66661638238332e-114	c7	RPL30
1.69482735792124e-112	0.760986710779065	0.471	0.35	3.35406334132613e-108	c7	ATP1B3
2.60459266953786e-111	0.291867002409547	0.949	0.896	5.15448889301542e-107	c7	OAZ1
5.55096368195191e-110	0.257840186668253	0.964	0.929	1.09853571265828e-105	c7	RPL13A
3.98205928732776e-109	0.760481405841092	0.427	0.304	7.88049532962164e-105	c7	RBM38
9.44680564648895e-108	0.77200522703015	0.449	0.336	1.86952283744016e-103	c7	ORAI1
2.0460037967333e-107	0.478881920433079	0.707	0.611	4.04904151373521e-103	c7	SRSF2
1.03536454686177e-106	1.57419700473156	0.097	0.036	2.04898643823945e-102	c7	CHI3L2
1.25166989743913e-106	1.88401474251116	0.06	0.017	2.47705472703203e-102	c7	SYNM
2.70777364294622e-106	0.63831491279598	0.519	0.403	5.35868403939058e-102	c7	CLDND1
2.96641122076123e-105	1.02533990631982	0.177	0.087	5.87052780588647e-101	c7	PLEK
9.7487379835743e-104	1.83991789157621	0.051	0.013	1.92927524694935e-99	c7	LGR6
3.24031469935203e-102	0.720133405340952	0.428	0.312	6.41258279001766e-98	c7	MCUB
3.99510882044288e-100	0.183389668454969	0.998	0.98	7.90632035565646e-96	c7	RPS24
1.97729916961419e-99	0.518998496278753	0.594	0.475	3.91307505666649e-95	c7	PDE4B
6.94308872304602e-99	0.173175764841351	0.998	0.984	1.37403725829081e-94	c7	RPS15
1.15136802703459e-97	0.436751648641142	0.765	0.674	2.27855732550146e-93	c7	SFPQ
2.86535509723169e-96	0.504033681531749	0.641	0.539	5.67053773742151e-92	c7	CNN2
1.24656056803232e-95	1.49324800980127	0.078	0.027	2.46694336413596e-91	c7	PLCG2
3.07491433887799e-95	0.48311305152438	0.651	0.547	6.08525547663953e-91	c7	PDCD4
1.05293569407259e-94	0.729761892158847	0.233	0.13	2.08375973856966e-90	c7	KLRG1
7.67614110577551e-94	0.678563744663865	0.448	0.335	1.51910832483297e-89	c7	VPS37B
9.96444697250171e-93	0.729049784116734	0.172	0.086	1.97196405585809e-88	c7	CCL3L1
1.06172936080371e-91	0.691379770962032	0.45	0.344	2.10116240503054e-87	c7	SELPLG
1.40979751944662e-91	0.617104694115528	0.495	0.382	2.78998929098485e-87	c7	SLA
1.52489006217253e-91	0.185023676011142	0.679	0.496	3.01775743303943e-87	c7	DUSP4
6.77080933427945e-91	0.744572526141581	0.381	0.272	1.3399431672539e-86	c7	PITPNC1
4.51010950484355e-90	0.257257371457255	0.923	0.875	8.92550671008538e-86	c7	RPS29
8.71993868171313e-90	1.24537896847594	0.081	0.029	1.72567586511103e-85	c7	MS4A1
1.46203655031167e-88	1.02568033944166	0.141	0.067	2.89337033306679e-84	c7	DTHD1
1.82383178485572e-88	1.0894631604253	0.216	0.126	3.60936310222948e-84	c7	CDC34
2.47235841961793e-86	0.786930337370434	0.187	0.099	4.89279731242389e-82	c7	EOMES
9.14496993918025e-86	0.715064468935171	0.339	0.231	1.80978955096377e-81	c7	APMAP
2.26497718085273e-85	0.434114221938496	0.698	0.623	4.48238984090756e-81	c7	NDUFS5
2.91458871920132e-85	0.647588148391625	0.454	0.348	5.76797107529941e-81	c7	AKNA
2.02680067095463e-84	2.15393366521879	0.047	0.013	4.01103852781921e-80	c7	RGMA
1.1727080778564e-82	1.41642231573938	0.114	0.052	2.32078928607782e-78	c7	IL9R
5.54965743335059e-81	0.168279154722732	0.998	0.982	1.09827720606008e-76	c7	RPS7
9.23242222534329e-79	0.160673723368453	0.993	0.972	1.82709635839544e-74	c7	RPL14
1.28354453405815e-78	0.860214244953714	0.27	0.176	2.54013463290107e-74	c7	LYAR
9.06248091464291e-78	0.636456331088946	0.405	0.301	1.79346497300783e-73	c7	RUNX3
1.03764326080022e-77	0.862510461880436	0.184	0.102	2.05349601312363e-73	c7	F2R
1.15229692445452e-77	0.706678270087543	0.275	0.176	2.2803956134955e-73	c7	ZEB2
3.8269223061776e-77	0.500254844010875	0.493	0.377	7.57347924392548e-73	c7	APOBEC3G
4.31917783109295e-77	0.319217295941235	0.745	0.643	8.54765292773295e-73	c7	UBE2B
7.78888016045196e-77	2.31039383602727	0.029	0.006	1.54141938375344e-72	c7	PACSIN1
1.39186367269945e-75	0.146327677101697	0.991	0.971	2.75449820827221e-71	c7	RPL3
2.313550118183e-75	0.14900892125287	0.996	0.98	4.57851568388415e-71	c7	RPS28
1.05087497826169e-74	0.136508124573927	0.997	0.98	2.07968158197988e-70	c7	RPL39
1.9662853658094e-74	0.597882521585882	0.439	0.344	3.8912787389368e-70	c7	CNOT6L
3.30094530458491e-74	1.45727847566802	0.072	0.027	6.53257075777353e-70	c7	NXPH4
3.62001634792013e-74	1.1569708098596	0.173	0.098	7.16401235253393e-70	c7	EIF4EBP1
3.81512895036814e-74	0.589065501938851	0.313	0.212	7.55014019277854e-70	c7	MARCKSL1
1.20255282211334e-72	1.18086096810882	0.107	0.049	2.3798520349623e-68	c7	PRR5L
3.68476897707096e-72	0.882895466587404	0.224	0.139	7.29215780562343e-68	c7	RASA3
4.95990847278569e-72	0.40913096275281	0.673	0.602	9.81565886764289e-68	c7	TRMT112
5.87970539006424e-72	0.47101740591029	0.491	0.378	1.16359369669371e-67	c7	GPR183
2.53736930551099e-71	0.96201700343699	0.231	0.147	5.02145385560625e-67	c7	PDE4DIP
6.12072907718492e-71	0.513022466828413	0.537	0.457	1.21129228437489e-66	c7	EMD
1.73827994897492e-70	0.684680814155486	0.366	0.272	3.44005601902138e-66	c7	GABARAPL1
2.75578881904951e-70	0.732314734679386	0.254	0.163	5.45370607289899e-66	c7	SAMD3
6.23000898041352e-70	0.739809794661817	0.33	0.239	1.23291877722384e-65	c7	PPP1R16B
6.81472802752097e-70	0.599215245471271	0.484	0.39	1.3486346766464e-65	c7	MT1X
6.90951377250785e-70	0.325482476706592	0.792	0.727	1.3673927755793e-65	c7	NCL
1.00262756608834e-69	0.393688060573859	0.585	0.47	1.98419995328883e-65	c7	TENT5C
2.49973553842851e-68	0.366948887879996	0.732	0.673	4.94697663055002e-64	c7	PSMA7
2.15308751584806e-67	0.137760132418134	0.996	0.978	4.26096019386331e-63	c7	RPL35A
4.22170987629886e-67	0.58876819768533	0.454	0.364	8.35476384519544e-63	c7	CD5
2.63211227047815e-66	0.875018800220779	0.27	0.186	5.20895018327625e-62	c7	MTFP1
1.08196738815246e-65	0.743804938051394	0.261	0.174	2.14121346115372e-61	c7	IFNGR1
3.7406689326105e-65	0.959425615936003	0.212	0.134	7.40278381763618e-61	c7	GPR132
4.50027509516706e-64	0.149624839506163	0.998	0.987	8.9060444133356e-60	c7	PTMA
9.62972242916139e-64	0.737941030445733	0.261	0.175	1.90572206873104e-59	c7	KLF3
1.41887553152532e-63	0.287685628363563	0.71	0.611	2.80795467688862e-59	c7	IRF1
1.48511425608717e-62	0.738792553755135	0.261	0.175	2.9390411127965e-58	c7	NUCB2
2.65324451972356e-62	0.278796880502411	0.77	0.707	5.25077090453293e-58	c7	CD44
8.68636490895476e-62	0.688597339410581	0.345	0.26	1.71903161548215e-57	c7	KPNA2
1.62608272829924e-60	1.14591251885551	0.134	0.073	3.2180177193042e-56	c7	METRNL
1.90563650329762e-60	0.492422223673315	0.428	0.341	3.77125464002599e-56	c7	RANBP2
2.22152989693915e-60	0.114610617258823	0.997	0.983	4.39640766604259e-56	c7	RPS23
5.43879905459809e-60	0.150559215128307	0.976	0.936	1.07633833290496e-55	c7	SRGN
9.77450649944366e-60	0.767739321818589	0.134	0.071	1.9343748362399e-55	c7	PECAM1
1.65182481420246e-59	0.137767460944722	0.917	0.881	3.26896130730666e-55	c7	PTPRC
3.45994707548686e-58	0.657056687790839	0.356	0.275	6.84723526238849e-54	c7	ISCA1
4.97937942581094e-58	0.338118069393283	0.678	0.616	9.85419188367984e-54	c7	ATP6V1G1
1.25357139176932e-57	0.355447212626664	0.671	0.607	2.48081778431149e-53	c7	GUK1
1.83028895613927e-57	0.351275823357877	0.354	0.249	3.62214184419962e-53	c7	CTSW
3.97053164570989e-57	0.92383856084413	0.192	0.122	7.85768212685987e-53	c7	FAM160B1
2.12063655440868e-56	0.959312770246316	0.207	0.136	4.19673974117477e-52	c7	CKAP2
6.39383701662336e-56	0.259176757380871	0.71	0.624	1.26534034558976e-51	c7	RARRES3
7.02541443888984e-56	0.335961730354408	0.547	0.454	1.3903295174563e-51	c7	REL
8.27311597164708e-56	0.421627703394724	0.49	0.402	1.63724965078896e-51	c7	SYTL3
1.01949222135502e-54	0.455382169902047	0.568	0.503	2.01757510606158e-50	c7	TERF2IP
1.73335853711934e-53	0.548596022928493	0.429	0.355	3.43031654495917e-49	c7	DDX6
2.58138042919029e-53	0.822500361091889	0.255	0.181	5.10855186936758e-49	c7	MLLT3
1.77185045001213e-52	0.594029413704745	0.299	0.217	3.506492040574e-48	c7	SYNE1
2.11907177368851e-52	0.641063326912285	0.206	0.131	4.19364304012956e-48	c7	MATK
1.60409367800582e-51	0.95362254221293	0.139	0.081	3.17450138877352e-47	c7	TGFBR3
1.83705303071047e-50	0.620206455426145	0.27	0.192	3.63552794777603e-46	c7	MAP3K8
1.93591568842854e-50	0.525452239573958	0.442	0.369	3.83117714740008e-46	c7	SLBP
3.31863969320358e-50	0.648569796348663	0.355	0.283	6.56758795284989e-46	c7	CMC2
4.05782433981015e-50	0.471995496584239	0.472	0.406	8.03043436848428e-46	c7	MAGOH
1.41255980474516e-49	0.588863373037422	0.415	0.347	2.79545585359067e-45	c7	EIF1AX
1.55915617864346e-49	0.151037013439507	0.876	0.792	3.08557007753541e-45	c7	ZFP36
2.23734635310804e-49	0.406996319833209	0.55	0.476	4.42770843280082e-45	c7	GSPT1
5.80214796796165e-49	0.260082815632513	0.712	0.641	1.14824508285961e-44	c7	LCP1
1.92905665184921e-48	0.246696453100223	0.671	0.601	3.81760311400958e-44	c7	HSPA5
1.35182329036105e-47	1.45372073361486	0.053	0.022	2.67525829162453e-43	c7	FAM169A
2.50338592850394e-47	0.3375504243641	0.646	0.58	4.95420075250929e-43	c7	SRSF3
4.63445608181061e-47	0.278874881402934	0.756	0.698	9.1715885859032e-43	c7	PTGES3
1.07809340961774e-46	0.324923881853936	0.675	0.623	2.13354685763351e-42	c7	DDX24
1.16984324335706e-45	0.179012456409074	0.926	0.896	2.31511977860362e-41	c7	RPL27
1.24072852557566e-45	0.586393125569825	0.372	0.306	2.45540175211424e-41	c7	SS18L2
1.47134252456438e-45	1.43661417419484	0.043	0.016	2.91178685611291e-41	c7	S1PR5
2.34819606061652e-45	0.230631697924186	0.591	0.487	4.6470800039601e-41	c7	HLA-DPB1
6.4473351704684e-45	1.62427758099291	0.038	0.013	1.2759276302357e-40	c7	FRMD4A
2.43614530678352e-44	0.769947349686945	0.221	0.157	4.82113156212458e-40	c7	N4BP1
2.46937515307213e-44	0.367755684121715	0.292	0.212	4.88689342792975e-40	c7	AREG
5.48833999442512e-44	1.19863974840526	0.068	0.032	1.08614248489673e-39	c7	PPP1R13B
9.4155088271561e-44	0.331294631299267	0.499	0.413	1.86332919689419e-39	c7	CLEC2B
2.49050670330695e-43	0.876265776060983	0.2	0.139	4.92871276584445e-39	c7	TRMO
4.42602716068266e-43	1.14301921785046	0.06	0.027	8.75910775099099e-39	c7	PLXDC1
2.66195840561389e-42	0.248678179166041	0.773	0.732	5.26801568470988e-38	c7	CNBP
1.16848836526884e-41	0.111680321232818	0.983	0.958	2.31243847486704e-37	c7	RPL36
2.88895750425598e-41	0.232711758903852	0.871	0.827	5.71724690092259e-37	c7	YWHAZ
3.34530239235992e-41	0.54808818238424	0.322	0.251	6.62035343448027e-37	c7	TGIF1
3.82656429067413e-41	0.945730902269341	0.134	0.082	7.57277073124409e-37	c7	TMEM39A
5.71370033197551e-41	0.569165017253638	0.28	0.213	1.13074129569795e-36	c7	B4GALT1
6.16456857462248e-41	0.959047638586019	0.115	0.067	1.21996812091779e-36	c7	ITPRIP
1.57067639670732e-40	0.259243187984763	0.748	0.703	3.10836858908379e-36	c7	TRIR
1.90820368949784e-40	0.184854350606745	0.863	0.823	3.77633510151623e-36	c7	RPL38
2.05078664064802e-40	0.961357304691515	0.149	0.095	4.05850676184242e-36	c7	ZMYND11
2.45908464882738e-40	0.255270385325558	0.75	0.692	4.86652852002938e-36	c7	EIF5
4.5810000887646e-40	1.09264876734523	0.108	0.063	9.06579917566513e-36	c7	ZNF184
6.84884415120019e-40	0.559139144491253	0.294	0.226	1.35538625752252e-35	c7	LYST
1.83203915512663e-39	0.15661186336614	0.646	0.564	3.6256054879956e-35	c7	BTG2
4.46897054849284e-39	0.555090422202944	0.331	0.261	8.84409271546732e-35	c7	ABLIM1
6.42282124780041e-39	1.4129297138875	0.047	0.02	1.2710763249397e-34	c7	CDHR3
1.57581084374452e-38	0.100925735146406	0.972	0.945	3.1185296597704e-34	c7	RPS21
1.7158592273374e-38	0.645918194423511	0.242	0.179	3.39568541090072e-34	c7	OAT
2.02494160117349e-38	0.911730521915348	0.125	0.077	4.00735942872233e-34	c7	SLC25A4
2.3592391699381e-38	1.54426726085543	0.034	0.012	4.66893431730751e-34	c7	TUBB4A
5.91275417495362e-38	0.691817606584486	0.149	0.095	1.17013405122332e-33	c7	PPP2R2B
8.25813832468247e-38	0.185597922040495	0.893	0.851	1.63428557445466e-33	c7	PNRC1
4.65101689826307e-37	1.25854645265404	0.033	0.012	9.20436244166261e-33	c7	FGFBP2
6.40332377059666e-37	0.617478516087183	0.27	0.208	1.26721777420108e-32	c7	AP3S1
8.91513137700391e-37	0.641679920712536	0.19	0.13	1.76430449950907e-32	c7	CD81
1.74013897827171e-36	0.437921735047974	0.401	0.339	3.44373503799971e-32	c7	AMD1
8.65935960383367e-36	0.596164631015601	0.266	0.206	1.71368726559868e-31	c7	SETD2
9.31305685688833e-36	0.720631142626249	0.178	0.123	1.8430539519782e-31	c7	SIPA1
1.36322182454731e-35	0.378606830182505	0.456	0.4	2.69781599077912e-31	c7	BCAS2
5.37805010987273e-35	0.38367983983682	0.484	0.437	1.06431611674381e-30	c7	TECR
6.68107709510848e-35	0.298998951702561	0.565	0.512	1.32218515712197e-30	c7	WIPF1
1.84627930243097e-34	0.865957831087695	0.157	0.106	3.65378673951088e-30	c7	PLEKHO1
2.20359811106079e-34	1.32184802625981	0.04	0.017	4.3609206617893e-30	c7	B3GNT5
2.8755261543612e-34	0.577340564129664	0.219	0.159	5.69066625948081e-30	c7	S1PR1
3.59398659472762e-34	0.324199050076804	0.584	0.539	7.11249947096596e-30	c7	SNU13
5.86293260163957e-34	0.399658818870063	0.493	0.441	1.16027436186447e-29	c7	SDCBP
6.10357292698773e-34	0.453486378483577	0.405	0.347	1.20789708225087e-29	c7	SYAP1
6.83484062826262e-34	0.390931110096473	0.415	0.351	1.35261496033317e-29	c7	FOSL2
1.81675150504692e-33	0.510259407108426	0.33	0.27	3.59535122848785e-29	c7	ZBTB1
4.27414219779136e-33	0.161066656253794	0.861	0.774	8.4585274094291e-29	c7	HSPE1
5.44991835329104e-33	0.485438173460124	0.369	0.312	1.0785388421163e-28	c7	PTP4A1
1.41369592793059e-32	0.478377278333175	0.246	0.184	2.79770424137464e-28	c7	ATP8A1
1.71835793813074e-32	0.950785479089519	0.076	0.041	3.40063035956074e-28	c7	EPHA1
1.71947174309165e-32	0.340719469720044	0.487	0.431	3.40283457957837e-28	c7	MBP
1.77514898547415e-32	1.09448990891395	0.047	0.021	3.51301984225334e-28	c7	PTPRM
2.43043585585528e-32	0.611515182602815	0.241	0.185	4.8098325587376e-28	c7	PRKAR2A
3.04621167015916e-32	0.984255745341967	0.104	0.064	6.02845289524498e-28	c7	AVPI1
3.20025907979448e-32	0.409420420512939	0.376	0.317	6.33331271891328e-28	c7	CDK17
4.92991758985743e-32	0.149655723458879	0.78	0.695	9.75630691032785e-28	c7	HSPD1
6.79293320398542e-32	1.96488973362615	0.015	0.004	1.34432148106871e-27	c7	ACHE
8.27962341155119e-32	0.448408975256987	0.365	0.31	1.63853747314598e-27	c7	SMARCA5
1.05675396672831e-31	0.305226255531884	0.58	0.539	2.09131610015532e-27	c7	HNRNPA0
1.47530577695117e-31	0.76255938387205	0.134	0.088	2.91963013258637e-27	c7	SFMBT2
1.97153087941638e-31	0.674028580008482	0.131	0.085	3.90165961036501e-27	c7	LPCAT1
2.03421275971966e-31	0.590554644607653	0.238	0.181	4.02570705148521e-27	c7	ELL2
3.72772532859596e-31	0.324604394391758	0.548	0.504	7.37716842529141e-27	c7	PTP4A2
1.24800381042476e-30	0.511439698425756	0.335	0.282	2.46979954083061e-26	c7	CCSER2
4.14431767786777e-30	0.988233237822075	0.113	0.072	8.20160468450032e-26	c7	TENT4B
4.32413576470472e-30	1.06293568954379	0.079	0.045	8.55746467835064e-26	c7	CXCL16
6.27500592174642e-30	0.176291742893917	0.818	0.783	1.24182367191362e-25	c7	TOMM7
6.42539535373343e-30	0.502472459520017	0.365	0.314	1.27158574050385e-25	c7	IFRD1
6.95630397041789e-30	0.323920984606154	0.524	0.479	1.3766525557457e-25	c7	SRRM1
7.15575146440431e-30	0.247755291390354	0.665	0.615	1.41612321480561e-25	c7	ELF1
1.08915347028243e-29	0.602416084661208	0.117	0.073	2.15543471768893e-25	c7	SLAMF7
1.0949588189487e-29	0.445945708907058	0.357	0.301	2.16692350269949e-25	c7	CD28
3.17151066562255e-29	0.784157539566407	0.119	0.077	6.27641960726703e-25	c7	GALNT11
3.22383142942716e-29	0.640663569469078	0.237	0.185	6.37996239883634e-25	c7	B3GNT2
4.66624971778042e-29	0.381954151198509	0.44	0.394	9.23450819148746e-25	c7	CDC42SE2
5.23938291611224e-29	0.656183324738849	0.227	0.175	1.03687387909861e-24	c7	MT1F
5.60817712729731e-29	0.410979179674964	0.444	0.401	1.10985825349214e-24	c7	MAPK1IP1L
9.69213697412044e-29	0.119366085546469	0.98	0.955	1.91807390717844e-24	c7	RPL24
1.000877276374e-28	0.558490623978715	0.228	0.174	1.98073612994414e-24	c7	MIDN
1.07328452287069e-28	1.07088975813395	0.091	0.055	2.12403007076109e-24	c7	LETM2
1.63411972857162e-28	0.301470328069855	0.438	0.387	3.23392294284324e-24	c7	SLC38A1
2.45942438851504e-28	0.739789993694705	0.158	0.111	4.86720086487127e-24	c7	OTULINL
3.41722901730848e-28	0.509204359897462	0.272	0.216	6.76269622525347e-24	c7	SLA2
3.50968643596727e-28	0.22564352100646	0.692	0.662	6.94566945677924e-24	c7	ATP6V0C
3.94501143374732e-28	0.13150049853929	0.944	0.908	7.80717762738594e-24	c7	ARHGDIB
4.0848058544676e-28	0.5258000437883	0.296	0.243	8.08383078599138e-24	c7	ALG13
4.76128370917811e-28	0.492665886460587	0.334	0.286	9.42258046046348e-24	c7	CSNK1D
5.03200125199679e-28	0.480588433388884	0.36	0.315	9.95833047770166e-24	c7	DNTTIP2
5.64300948362484e-28	0.323821210205704	0.506	0.464	1.11675157680936e-23	c7	SNRPG
6.75395496177803e-28	0.883991490267797	0.143	0.1	1.33660768693587e-23	c7	TM9SF1
7.32502050908614e-28	0.110065172963543	0.924	0.887	1.44962155874815e-23	c7	PTPRCAP
9.41347893645065e-28	0.72909942288645	0.163	0.117	1.86292748152358e-23	c7	UAP1
1.04914406571111e-27	1.41784658718429	0.025	0.009	2.07625610604229e-23	c7	SLC4A4
1.14150455250278e-27	0.430059191082658	0.399	0.352	2.25903750940301e-23	c7	CHD1
1.30943054664014e-27	0.45611874194086	0.383	0.339	2.59136305180084e-23	c7	UBE2A
1.41043572429799e-27	0.517329752845131	0.298	0.248	2.79125229838572e-23	c7	NUP98
1.8084736749382e-27	0.810446088786299	0.11	0.07	3.57896940270269e-23	c7	TBC1D2B
1.96527821246775e-27	0.495376179500968	0.262	0.21	3.88928558247368e-23	c7	IL21R
3.27655680780468e-27	0.799502104793411	0.129	0.087	6.48430592264546e-23	c7	ST3GAL5
3.74471921906421e-27	0.466236769068281	0.279	0.223	7.41079933452806e-23	c7	MGAT4A
4.4168623069821e-27	0.750668593478552	0.158	0.113	8.74097050551758e-23	c7	KDM2B
4.72242463242548e-27	0.99297184380119	0.097	0.061	9.34567834757003e-23	c7	BIK
5.7844447954891e-27	0.179929059796158	0.766	0.714	1.14474162502729e-22	c7	SUB1
7.44508508442622e-27	0.658498535564003	0.139	0.095	1.47338233820795e-22	c7	KLF12
7.74750775050618e-27	0.911653104685241	0.084	0.051	1.53323178382517e-22	c7	ITGA5
9.49661056155845e-27	0.642321198502008	0.191	0.143	1.87937923013242e-22	c7	JADE2
1.02481504372566e-26	0.439427802406392	0.308	0.254	2.02810897153307e-22	c7	TIPARP
2.21566149575289e-26	0.790523454529083	0.122	0.082	4.38479410009498e-22	c7	PGRMC2
2.48726866457637e-26	0.554098467179965	0.262	0.214	4.92230468719663e-22	c7	ABT1
2.72780508005909e-26	0.281730887736651	0.574	0.543	5.39832625343694e-22	c7	MORF4L1
2.74420503268957e-26	0.80201101797464	0.162	0.117	5.43078175969266e-22	c7	EIF1AY
3.47847610340622e-26	0.574082620029372	0.249	0.2	6.88390420864092e-22	c7	PLEKHA2
7.36690378719339e-26	0.163314156247031	0.473	0.41	1.45791025948557e-21	c7	GSTP1
1.21640599635486e-25	0.380439343709367	0.442	0.403	2.40726746678628e-21	c7	C9orf78
1.79675505040357e-25	0.912190060448813	0.097	0.062	3.55577824474867e-21	c7	SLFN11
1.81020180585937e-25	0.273113135202561	0.558	0.508	3.5823893737957e-21	c7	RHOH
2.02407015460531e-25	0.852154144268635	0.087	0.053	4.00563483596391e-21	c7	CYTH3
2.5234660112081e-25	0.727897303532896	0.119	0.079	4.99393923618082e-21	c7	MAFF
2.96070263788079e-25	0.701957304922665	0.148	0.105	5.85923052036608e-21	c7	TRAPPC10
3.28898740760841e-25	0.245427761147502	0.54	0.473	6.50890607965704e-21	c7	RPS4Y1
4.36385619189695e-25	0.51077949403925	0.274	0.224	8.63607140376406e-21	c7	BCL11B
4.92631211918412e-25	0.599970204718495	0.236	0.189	9.74917168386538e-21	c7	TRMT10C
7.46761507742612e-25	0.578927490233047	0.228	0.18	1.47784102382263e-20	c7	PRKX
9.71277642286545e-25	1.52450395328316	0.02	0.007	1.92215845408507e-20	c7	MMP23B
1.71710162852928e-24	1.3382761334875	0.036	0.017	3.39814412285944e-20	c7	FP565260.1
1.86966102664378e-24	0.66604654522412	0.213	0.169	3.70005917172804e-20	c7	SURF2
2.62055947221286e-24	0.519818225998635	0.228	0.179	5.18608719550926e-20	c7	PDE7A
3.00926771044855e-24	0.696991386447294	0.092	0.057	5.95534079897767e-20	c7	FCRL3
4.3279725292335e-24	0.157408218580817	0.688	0.654	8.56505763535309e-20	c7	SAP18
4.68115319519335e-24	0.58810325400825	0.166	0.122	9.26400217328764e-20	c7	MAN2A1
6.65582074227473e-24	0.466372060657373	0.318	0.272	1.31718692489617e-19	c7	IMP3
6.86504381294908e-24	0.728181214139609	0.13	0.091	1.35859217058262e-19	c7	GCLM
6.99980672610955e-24	0.90359027999985	0.097	0.062	1.38526175109708e-19	c7	DHCR7
8.54864355717433e-24	0.389755032588097	0.407	0.368	1.6917765599648e-19	c7	SF3A1
1.06447342675298e-23	0.53175602761391	0.252	0.203	2.10659291154414e-19	c7	ABI3
1.5251667275818e-23	0.459538350552345	0.275	0.227	3.01830495388438e-19	c7	GPCPD1
1.62874210692957e-23	0.554611060494937	0.254	0.209	3.22328062961361e-19	c7	ASF1A
1.65199582173197e-23	0.310002905013411	0.493	0.459	3.26929973120756e-19	c7	BZW1
1.8531193148986e-23	0.334246988099586	0.451	0.408	3.66732312418433e-19	c7	YPEL3
2.90209521577077e-23	0.743094594196157	0.152	0.111	5.74324643201036e-19	c7	CYSTM1
3.92797054015224e-23	0.473230677509041	0.335	0.294	7.77345369896129e-19	c7	CCDC59
4.44027563919132e-23	0.434920280249476	0.36	0.32	8.78730548995962e-19	c7	AKIRIN1
4.93455837680369e-23	0.188520805934343	0.654	0.618	9.7654910276945e-19	c7	MYH9
5.94262946784385e-23	0.528563057281484	0.262	0.216	1.1760463716863e-18	c7	HMGA1
1.11691718885662e-22	0.706517283250659	0.193	0.151	2.21037911674725e-18	c7	PAIP1
1.14405762344616e-22	0.508623653968826	0.213	0.167	2.26409003679995e-18	c7	NIN
1.15587671415286e-22	0.560163783734637	0.238	0.194	2.28748001730851e-18	c7	RNF168
1.26343085654802e-22	0.977335651414066	0.046	0.024	2.50032966510853e-18	c7	PDLIM1
2.29952241047169e-22	0.871785834213111	0.089	0.057	4.55075485032348e-18	c7	TP53INP2
2.57736485290245e-22	0.573288745769682	0.213	0.169	5.10060504389396e-18	c7	FBXO34
2.79608329927545e-22	0.791661938349264	0.091	0.059	5.53344884926612e-18	c7	RHBDF2
2.89281874093536e-22	0.559890158034454	0.236	0.192	5.72488828831107e-18	c7	ISG20L2
4.72777578756185e-22	0.669730979035792	0.175	0.134	9.3562682835849e-18	c7	SLC10A3
6.44762021144755e-22	0.795053158788227	0.105	0.071	1.27598403984547e-17	c7	GPR18
7.07268226921236e-22	0.768857072791788	0.096	0.063	1.39968382107713e-17	c7	BCL9L
1.12939548291982e-21	0.31971440528429	0.281	0.229	2.23507366069832e-17	c7	TGFBR2
3.36775266563035e-21	0.272834928992162	0.484	0.441	6.66478252528247e-17	c7	JPT1
3.53777976094335e-21	0.333014018659615	0.37	0.324	7.0012661469069e-17	c7	IQGAP2
3.56243923082544e-21	0.118077129099513	0.89	0.869	7.05006723780355e-17	c7	CYBA
4.08308388059536e-21	1.79856660374654	0.013	0.004	8.08042299969822e-17	c7	CDHR1
4.17364208197608e-21	0.974938313661115	0.043	0.022	8.25963768023067e-17	c7	ADAMTS6
4.52550713825846e-21	0.70033685808446	0.096	0.063	8.9559786266135e-17	c7	MCOLN2
8.61721720387986e-21	0.417752986662499	0.327	0.285	1.70534728464782e-16	c7	POLR2A
1.42899002578292e-20	0.544160472319598	0.196	0.154	2.8279712610244e-16	c7	ZBTB7A
1.65319124670841e-20	0.311984158464034	0.222	0.173	3.27166547723594e-16	c7	TCF7
1.9145960590714e-20	0.756653100172725	0.1	0.068	3.7889856009023e-16	c7	MLF1
2.36136715211001e-20	0.514723164677407	0.238	0.197	4.67314559402572e-16	c7	JOSD1
3.08565393851292e-20	0.234299834426949	0.546	0.512	6.10650914431706e-16	c7	CYCS
3.29624210408962e-20	0.498197676447609	0.248	0.205	6.52326312399336e-16	c7	ABHD17A
3.5511544128072e-20	0.951736788858489	0.062	0.037	7.02773458294544e-16	c7	PVRIG
3.68282400095732e-20	0.632370115622511	0.092	0.06	7.28830869789453e-16	c7	ARHGAP26
4.0057186931836e-20	0.586972834651064	0.156	0.117	7.92731729381034e-16	c7	TBCD
5.69614433660772e-20	0.695431389982278	0.145	0.108	1.12726696421467e-15	c7	RAP2C
5.92864240411622e-20	1.07883541131405	0.048	0.027	1.1732783317746e-15	c7	STAG3
6.50850148961013e-20	0.372639323932439	0.383	0.349	1.28803244479384e-15	c7	RNF7
6.99617330771644e-20	0.363089570419266	0.404	0.368	1.38454269759708e-15	c7	PDCL3
7.36074420596233e-20	0.348282438263372	0.38	0.339	1.45669127835994e-15	c7	CCND2
1.13759931082568e-19	0.190817105902839	0.668	0.636	2.25130903612403e-15	c7	HNRNPDL
1.51789229319074e-19	0.148968302745723	0.782	0.761	3.00390884822448e-15	c7	TMA7
1.52693231235251e-19	0.792223898250851	0.101	0.069	3.02179904614562e-15	c7	CHPT1
1.62125994561673e-19	1.02527687573282	0.063	0.038	3.2084734323755e-15	c7	NOCT
2.23969989651899e-19	0.710884540815861	0.103	0.071	4.43236609521107e-15	c7	LRIG1
2.49015936921309e-19	0.170850444423931	0.76	0.737	4.9280253916727e-15	c7	SKP1
3.19802868571692e-19	1.43687012677352	0.022	0.009	6.32889876903378e-15	c7	RTP5
3.20929200391584e-19	0.357526050101396	0.376	0.339	6.35118887574945e-15	c7	SBDS
5.51112512279412e-19	0.161143127297958	0.685	0.657	1.09065166180096e-14	c7	SERP1
7.11640715337895e-19	0.22209764178214	0.495	0.454	1.40833697565369e-14	c7	ARID5A
7.22891564948017e-19	0.207093265392775	0.616	0.585	1.43060240703212e-14	c7	RBM8A
8.74583668140509e-19	0.863274500365195	0.097	0.067	1.73080107925007e-14	c7	SPATA2L
1.19522705287079e-18	0.411909577789642	0.333	0.299	2.36535433763129e-14	c7	NRBP1
1.54894543351423e-18	0.735611649184347	0.147	0.112	3.06536301292467e-14	c7	GTPBP8
1.90972848888639e-18	0.241341872987496	0.517	0.483	3.77935267950616e-14	c7	LBH
2.42537305182294e-18	0.452210567242361	0.226	0.185	4.79981326955759e-14	c7	FAM102A
2.6301688895724e-18	0.356742326672381	0.286	0.242	5.20510423246379e-14	c7	SC5D
3.3612599035756e-18	0.815433241445104	0.052	0.03	6.65193334917611e-14	c7	TPRG1
3.42634276699565e-18	0.331941985037943	0.384	0.35	6.78073233588438e-14	c7	DHX36
3.68830716211498e-18	0.386532375563313	0.322	0.283	7.29915987382554e-14	c7	SIAH2
4.09880390128504e-18	0.131605459426296	0.689	0.654	8.1115329206431e-14	c7	CALR
6.74867370719955e-18	0.443841941998836	0.192	0.151	1.33556252665479e-13	c7	HIST1H1E
7.07257389975043e-18	0.563972554612518	0.238	0.2	1.39966237476061e-13	c7	CARHSP1
7.10382387113793e-18	0.675042066488257	0.123	0.09	1.4058467440982e-13	c7	SKI
9.66561497285768e-18	0.2458481679108	0.317	0.265	1.91282520312853e-13	c7	FABP5
1.02319325579895e-17	0.651442952399189	0.116	0.083	2.02489945322611e-13	c7	WDR47
1.52897664983782e-17	0.459295585647985	0.25	0.209	3.02584479002905e-13	c7	GYG1
1.54375308372871e-17	0.262146508096582	0.42	0.386	3.05508735269912e-13	c7	GCC2
1.81729387726545e-17	0.399543683497641	0.241	0.199	3.59642458310832e-13	c7	SELENOM
2.09672592737224e-17	0.134937013186624	0.591	0.544	4.14942061026966e-13	c7	HERPUD1
2.4436775924044e-17	0.59762479235289	0.159	0.123	4.8360379553683e-13	c7	C16orf72
2.64705960507326e-17	0.374807579800462	0.369	0.34	5.23853095843998e-13	c7	MRPL20
3.00331771972223e-17	0.596430545997374	0.191	0.156	5.94356576733029e-13	c7	NDEL1
3.44522087542044e-17	0.419439884046342	0.311	0.275	6.81809211245704e-13	c7	HERPUD2
4.97969738285781e-17	0.644645892129669	0.166	0.131	9.8548211206756e-13	c7	RAP2B
5.25840190776035e-17	0.311396611116103	0.421	0.392	1.04063773754577e-12	c7	HNRNPUL1
5.73361941237411e-17	0.374810974802115	0.279	0.238	1.13468328170884e-12	c7	TSEN54
6.46040876541233e-17	0.53261884334356	0.218	0.182	1.2785148946751e-12	c7	TMEM70
6.50330021474621e-17	0.614002079052357	0.173	0.138	1.28700311249828e-12	c7	HAUS3
1.19981515587604e-16	0.315653787605631	0.404	0.373	2.37443419347869e-12	c7	SCAF11
1.3112682758357e-16	1.03104496838891	0.044	0.025	2.59499991787884e-12	c7	MXRA7
1.31135952257903e-16	0.595609498467075	0.167	0.132	2.59518049518391e-12	c7	ZFYVE28
1.99164389694887e-16	0.341670368797765	0.296	0.256	3.9414632720618e-12	c7	ARAP2
1.99677420132079e-16	0.238899052733427	0.485	0.457	3.95161614441385e-12	c7	NCOR1
2.10798086124717e-16	0.30487029363311	0.283	0.243	4.17169412440815e-12	c7	UTRN
4.09494028698386e-16	0.10975328800679	0.669	0.636	8.10388682794106e-12	c7	BRD2
4.65389779558022e-16	0.412356139273362	0.252	0.213	9.21006373745326e-12	c7	CRYBG1
4.66161770561286e-16	1.20522656383544	0.022	0.01	9.22534143940784e-12	c7	TLR3
4.83141398173038e-16	0.161844537467764	0.549	0.517	9.56136826984443e-12	c7	ARL6IP1
5.06982944543076e-16	0.325044379802423	0.365	0.334	1.00331924725075e-11	c7	WNK1
5.87748313216133e-16	0.320902167657548	0.298	0.258	1.16315391185473e-11	c7	EPB41
7.00457979357374e-16	0.616726336603852	0.153	0.12	1.38620634114824e-11	c7	PAGR1
7.08379320105471e-16	0.190158533119981	0.586	0.571	1.40188267448873e-11	c7	EIF3G
7.14511250998725e-16	0.519121652415566	0.082	0.055	1.41401776572648e-11	c7	PILRB
7.33965640672012e-16	0.503466299298283	0.169	0.135	1.45251800288991e-11	c7	HIVEP2
8.47912434142288e-16	1.27601619256277	0.025	0.012	1.67801870716759e-11	c7	ASTL
1.17372704664082e-15	0.544768281426954	0.193	0.159	2.32280582530219e-11	c7	MAZ
1.24681840348601e-15	0.471660012072056	0.194	0.158	2.46745362049882e-11	c7	PRKCB
1.29377414284787e-15	0.804506537363979	0.048	0.029	2.56037902869593e-11	c7	VNN2
1.31138943347583e-15	0.376322573796293	0.316	0.283	2.59523968884867e-11	c7	PITHD1
2.02077218066893e-15	1.68112006622155	0.011	0.004	3.99910814554381e-11	c7	FGF22
2.36950573593247e-15	0.426247423676435	0.29	0.26	4.68925185141037e-11	c7	NR1H2
2.7913656638899e-15	0.2403845651633	0.465	0.441	5.52411264883812e-11	c7	ARF4
2.88618494899172e-15	1.12941494394824	0.042	0.024	5.71176001405462e-11	c7	DUSP8
3.15774575397172e-15	0.152810442665553	0.655	0.642	6.24917884711003e-11	c7	SF1
5.03457905302343e-15	0.38278564086515	0.256	0.22	9.96343194593336e-11	c7	PER1
7.05100325250082e-15	0.159236209621765	0.647	0.619	1.39539354366991e-10	c7	JAK1
8.09418324966253e-15	0.381747092081348	0.303	0.274	1.60183886510821e-10	c7	TMF1
1.17048608445383e-14	0.491981670601339	0.253	0.223	2.31639196113412e-10	c7	PAF1
1.56874521436416e-14	0.951788830580083	0.036	0.02	3.10454677922668e-10	c7	GNAO1
1.61791440610424e-14	0.18344203653948	0.489	0.459	3.20185260968028e-10	c7	GTF2B
1.63033702911464e-14	0.495027589030201	0.205	0.171	3.22643698061787e-10	c7	MRPL10
1.65981111596296e-14	0.248933836606194	0.448	0.424	3.2847661984907e-10	c7	REEP5
1.69157835055082e-14	0.849485597374695	0.06	0.039	3.34763355574008e-10	c7	BRMS1L
2.21331027576691e-14	0.683551194924215	0.094	0.068	4.38014103574272e-10	c7	ZBTB21
3.24109021832917e-14	0.70672328688994	0.057	0.036	6.41411754207343e-10	c7	JAKMIP2
3.3349210912373e-14	0.551702436861715	0.128	0.097	6.59980883955862e-10	c7	ZNF276
3.40357666682885e-14	0.2300864846646	0.508	0.485	6.7356782236543e-10	c7	SLC9A3R1
4.55981116054893e-14	0.434112411204736	0.249	0.218	9.02386628672633e-10	c7	RNF138
4.81422520804862e-14	0.599788937852289	0.132	0.103	9.52735168672821e-10	c7	HGSNAT
5.62296494619597e-14	0.552456243783352	0.16	0.128	1.11278476285218e-09	c7	BET1L
5.78832209310338e-14	0.546076222767692	0.151	0.121	1.14550894222516e-09	c7	MSL2
6.00797648175808e-14	0.253222014320552	0.352	0.312	1.18897854573992e-09	c7	CXCR3
6.09156632263823e-14	0.278923977682475	0.404	0.382	1.20552097525011e-09	c7	UQCRFS1
6.83696340380885e-14	1.09303482402147	0.02	0.01	1.35303505761377e-09	c7	TMEM171
6.89574521300352e-14	0.350944873239594	0.325	0.292	1.3646679776534e-09	c7	HNRNPLL
7.32389255589363e-14	0.943781173944874	0.053	0.034	1.44939833681135e-09	c7	SNN
7.80844854245048e-14	0.243546554028345	0.443	0.417	1.54529196655095e-09	c7	HSPA9
8.84772217452941e-14	0.474677623319489	0.234	0.204	1.75096421833937e-09	c7	UBE2D1
1.11847856910747e-13	0.558287444128524	0.151	0.121	2.21346908826368e-09	c7	RCE1
1.28234985006861e-13	0.400504987723891	0.292	0.265	2.53777035328578e-09	c7	EMC7
1.53150716206475e-13	0.189016253241638	0.605	0.582	3.03085267372614e-09	c7	ATP5F1B
1.57966364415651e-13	0.240083167583745	0.435	0.41	3.12615435178573e-09	c7	SLC3A2
1.75124307242744e-13	0.757577576091991	0.089	0.064	3.46571004033391e-09	c7	FAM83D
1.76135092424244e-13	0.477419988262485	0.217	0.185	3.48571347907578e-09	c7	RARA
1.83765786650143e-13	0.504667920119842	0.213	0.183	3.63672491780634e-09	c7	DCTN6
1.85437338747131e-13	0.490934485589106	0.158	0.126	3.66980493380571e-09	c7	KIF21A
1.99792784514361e-13	0.350890448651317	0.349	0.325	3.95389920553921e-09	c7	MOB4
2.08279437357278e-13	0.865290993003201	0.056	0.036	4.12185006530054e-09	c7	TSHZ1
2.49446902328815e-13	0.631549550390598	0.114	0.087	4.93655419708726e-09	c7	CYP51A1
3.32242507232811e-13	0.162857394353331	0.623	0.604	6.57507921813733e-09	c7	PPP1R2
3.75774590125297e-13	0.282261995819293	0.41	0.391	7.43657913857963e-09	c7	GABARAPL2
4.89842265106886e-13	0.805061904005743	0.067	0.045	9.69397842646528e-09	c7	ENDOG
5.24028280557206e-13	0.505744812753802	0.193	0.164	1.03705196722271e-08	c7	RRP1B
5.58551950096739e-13	0.424433447921572	0.177	0.145	1.10537430924145e-08	c7	PLA2G16
8.49135002185124e-13	0.328551125609295	0.344	0.318	1.68043816932436e-08	c7	SSB
9.90246130283291e-13	0.495126220435535	0.157	0.126	1.95969709183063e-08	c7	PIP4K2A
1.06852011229274e-12	0.936672903137087	0.048	0.03	2.11460130222733e-08	c7	CENPV
1.11979242116021e-12	0.560840386645447	0.108	0.081	2.21606920147606e-08	c7	TMEM71
1.13162550465355e-12	0.441592470511454	0.23	0.2	2.23948687370938e-08	c7	TSPYL1
1.16743570802258e-12	0.260729499508055	0.37	0.342	2.31035526617668e-08	c7	PRKCH
1.21041782631815e-12	0.660774049967731	0.108	0.082	2.39541687828363e-08	c7	PDP1
1.38288435366458e-12	0.922294840827464	0.046	0.029	2.73672813590219e-08	c7	PWWP2B
1.52427238129301e-12	0.143084855434751	0.67	0.627	3.01653504257886e-08	c7	CACYBP
1.62598414112454e-12	0.192248077271099	0.551	0.529	3.21782261528546e-08	c7	PLP2
1.69334683225176e-12	0.141131107235941	0.614	0.592	3.35113338102623e-08	c7	STK4
1.74644547961563e-12	0.920619119486454	0.037	0.022	3.45621560415934e-08	c7	CD8B2
1.97279801841884e-12	0.654320816142262	0.109	0.084	3.90416727845089e-08	c7	KDM7A
2.07700192068551e-12	1.02331914680989	0.032	0.018	4.11038680103661e-08	c7	MYO6
2.34370818922868e-12	0.349329642887377	0.291	0.263	4.63819850648355e-08	c7	CEBPZ
2.39284108022927e-12	0.726943819387841	0.068	0.047	4.73543249777373e-08	c7	DUSP14
2.47360968318464e-12	0.406227995050949	0.239	0.21	4.89527356302239e-08	c7	PNPLA8
3.03739869607567e-12	0.277608296471947	0.41	0.394	6.01101201953376e-08	c7	RSL24D1
3.09043120687491e-12	0.668971661728202	0.06	0.04	6.11596335840545e-08	c7	GSE1
3.3987421189862e-12	0.942848035860426	0.044	0.028	6.72611065347368e-08	c7	PWP2
3.50991901756315e-12	0.43147823550541	0.239	0.212	6.94612973575748e-08	c7	SYPL1
3.60893081754245e-12	0.873631461390909	0.052	0.034	7.1420740879165e-08	c7	NAP1L5
3.71096479893044e-12	0.18216741333809	0.557	0.544	7.34399933708333e-08	c7	SEPT7
4.32071581739456e-12	0.490075481854028	0.19	0.161	8.55069660262384e-08	c7	SNRK
4.34271677876157e-12	0.238609410476621	0.403	0.378	8.59423650516915e-08	c7	SUN2
6.09468103924149e-12	0.371706153874793	0.287	0.263	1.20613737766589e-07	c7	NGDN
7.24761201084817e-12	0.201299216212194	0.371	0.337	1.43430241694685e-07	c7	PDE4D
8.17796245811123e-12	0.604173309179704	0.111	0.085	1.61841877046021e-07	c7	TSEN34
8.69029413393646e-12	0.498182005339216	0.115	0.088	1.71980920910603e-07	c7	CPNE7
8.92262323053911e-12	1.20586006065809	0.018	0.008	1.76578713732369e-07	c7	ZSCAN22
8.92787301708704e-12	0.437862560570339	0.149	0.12	1.76682607008152e-07	c7	ZNF10
9.40189555342862e-12	0.577995540988631	0.131	0.104	1.86063513002352e-07	c7	ELMSAN1
9.54394004948815e-12	0.311012509022977	0.286	0.254	1.88874573579371e-07	c7	CHMP1B
1.5557527879182e-11	0.505713799640183	0.177	0.149	3.07883476729012e-07	c7	UBE2E3
1.61651944348964e-11	0.382092937258134	0.213	0.184	3.199091978666e-07	c7	TRPC4AP
1.6625948624149e-11	0.532966648696989	0.156	0.129	3.29027523271909e-07	c7	NEPRO
1.79143637137645e-11	0.683646961107822	0.079	0.057	3.54525257895399e-07	c7	E2F3
2.23044420598295e-11	0.402217511614995	0.183	0.153	4.41404908364026e-07	c7	TUBB2A
2.26370900055563e-11	0.520079111685975	0.138	0.111	4.4798801120996e-07	c7	SIK3
2.35491829200619e-11	0.904642539786975	0.04	0.025	4.66038329988025e-07	c7	MPP6
2.88454551373207e-11	0.662238332830186	0.101	0.078	5.70851557167576e-07	c7	MDP1
3.71074053054098e-11	0.139256342583238	0.555	0.531	7.34355550994059e-07	c7	ITGB2
3.72982359920288e-11	0.461165704965368	0.24	0.215	7.3813209028225e-07	c7	ZFAND6
4.12727911019365e-11	0.260804995348123	0.348	0.325	8.16788535907323e-07	c7	STAT4
4.50612291566785e-11	0.618597000483287	0.077	0.056	8.91761725010667e-07	c7	USF3
4.58652337043745e-11	0.214017873485191	0.506	0.493	9.0767297500957e-07	c7	UXT
4.79553792278072e-11	0.24336389921655	0.425	0.408	9.49036954918305e-07	c7	PSMB6
5.28877377690249e-11	0.229442010662564	0.43	0.414	1.046648330449e-06	c7	SELENOT
5.61729534731029e-11	0.406968704985023	0.272	0.242	1.11166274923271e-06	c7	MT1E
6.47365959875088e-11	0.490837474079909	0.21	0.185	1.2811372345928e-06	c7	DBF4
6.8398828932969e-11	0.216172823343547	0.293	0.258	1.35361282458346e-06	c7	STOM
6.91330667322314e-11	0.521135802767393	0.146	0.119	1.36814339063086e-06	c7	NCOA2
6.91923880262922e-11	0.160598775904261	0.574	0.559	1.36931735904032e-06	c7	TMEM50A
7.31855931545133e-11	0.214314609787254	0.313	0.282	1.44834288852782e-06	c7	PDE3B
7.97108626778061e-11	0.356958700809195	0.333	0.316	1.57747797239378e-06	c7	POLR2K
8.18635648989341e-11	0.691329289522754	0.087	0.065	1.62007994934991e-06	c7	RIOX1
8.50007632376384e-11	0.193781101296952	0.521	0.513	1.68216510447286e-06	c7	C11orf58
9.75983151051534e-11	0.327015381982867	0.302	0.279	1.93147065593099e-06	c7	CCDC12
1.02265163364529e-10	0.615316589392158	0.111	0.087	2.02382758298403e-06	c7	LRRC47
1.06106840286278e-10	0.336351169693157	0.206	0.176	2.09985436926544e-06	c7	ZBTB20
1.30691265589677e-10	0.590970013183363	0.128	0.104	2.58638014601971e-06	c7	BANP
1.35179892910527e-10	0.572079245509739	0.059	0.04	2.67521008069932e-06	c7	MCTP2
1.61270275202022e-10	0.781033874814515	0.077	0.057	3.19153874624801e-06	c7	CTU2
1.63165485514428e-10	0.595037552474816	0.085	0.064	3.22904495833053e-06	c7	BEX2
1.73570878716873e-10	0.238935675528955	0.305	0.275	3.43496768980691e-06	c7	GPR65
1.83191828210801e-10	0.23509187609903	0.397	0.376	3.62536628029174e-06	c7	MAT2A
1.88115328543959e-10	0.656885517327539	0.12	0.096	3.72280235188496e-06	c7	ASMTL
1.91266642055687e-10	0.239045553027888	0.4	0.382	3.78516684628205e-06	c7	NDUFB10
2.18559983968856e-10	0.20800668252927	0.477	0.467	4.32530208274367e-06	c7	TOMM20
2.27784594260971e-10	0.350547204279733	0.292	0.27	4.50785712042461e-06	c7	RPP21
2.30864585352039e-10	0.308785917462073	0.344	0.327	4.56881014411686e-06	c7	TOMM22
2.84889759974299e-10	0.618082645648087	0.098	0.075	5.63796834989138e-06	c7	SIK2
3.07095340433043e-10	0.719595078394739	0.066	0.047	6.07741678716992e-06	c7	SERTAD3
3.57263313576749e-10	0.537472532359706	0.164	0.139	7.07024097568387e-06	c7	TLE3
3.92153924244647e-10	0.298435751987059	0.246	0.217	7.76072616080157e-06	c7	KDM6B
4.00269660822617e-10	0.556119820545924	0.188	0.165	7.92133658767959e-06	c7	RIC8A
4.04999808923949e-10	0.268625269790491	0.394	0.381	8.01494621860494e-06	c7	SSU72
4.55929966847162e-10	0.405618670391284	0.259	0.237	9.02285404390533e-06	c7	ETF1
4.74134037086237e-10	0.602864450574102	0.08	0.059	9.38311259393663e-06	c7	SHISAL2A
4.75622773551876e-10	0.460509718518675	0.134	0.108	9.41257468859162e-06	c7	FBXO32
4.78175224756894e-10	0.575302070013344	0.134	0.11	9.46308769793893e-06	c7	TRAF4
5.16600012322637e-10	0.19423599476599	0.523	0.511	1.0223514243865e-05	c7	RAP1B
5.29418592068577e-10	0.453199029724803	0.221	0.198	1.04771939370371e-05	c7	MED30
5.57156956854824e-10	0.511779940737966	0.168	0.143	1.1026136176157e-05	c7	THAP11
5.8806525060685e-10	1.1135985570531	0.016	0.008	1.16378113095096e-05	c7	WNT1
5.95215160316684e-10	0.607534887366824	0.122	0.099	1.17793080226672e-05	c7	EXOSC6
6.41385033876167e-10	0.277081266289542	0.368	0.353	1.26930098204093e-05	c7	ATP5MPL
6.77905935657703e-10	0.266840730034071	0.323	0.299	1.3415758466666e-05	c7	DNAJB9
8.72670897166823e-10	1.38596720694879	0.012	0.005	1.72701570549314e-05	c7	FAM222A
8.79545066079315e-10	0.846628635595437	0.017	0.009	1.74061968577096e-05	c7	PDGFD
1.07662752631777e-09	0.652478982398202	0.067	0.049	2.13064587458286e-05	c7	CD200R1
1.07989070215273e-09	0.39060745008502	0.184	0.158	2.13710369956026e-05	c7	JMY
1.25275715834661e-09	0.25208322231057	0.336	0.31	2.47920641636794e-05	c7	TSPYL2
1.2587313479282e-09	0.312837276320121	0.292	0.268	2.49102933754991e-05	c7	STK10
1.27913799811422e-09	0.126855237930312	0.696	0.688	2.53141409826805e-05	c7	OST4
1.29207508589924e-09	0.233718655482603	0.445	0.435	2.5570165949946e-05	c7	RSL1D1
1.45243197591405e-09	0.349328733120176	0.279	0.258	2.8743628803339e-05	c7	SAFB2
1.47188708327701e-09	1.37637465231393	0.01	0.004	2.91286453780521e-05	c7	NRG2
1.48508877613784e-09	0.755881108875001	0.037	0.024	2.93899068797679e-05	c7	POU3F1
1.55061901399008e-09	0.206764504852922	0.334	0.307	3.06867502868636e-05	c7	PIM3
1.81853093043987e-09	0.167351421316661	0.409	0.388	3.59887271134051e-05	c7	JUND
2.1735931869597e-09	1.1412630697403	0.01	0.004	4.30154091699324e-05	c7	LDB2
2.21871702635856e-09	0.372529977946466	0.198	0.172	4.39084099516359e-05	c7	NMRK1
2.41387901682478e-09	0.230926090210289	0.446	0.438	4.77706657429624e-05	c7	SEC62
2.63779566004009e-09	0.35492803394879	0.15	0.125	5.22019761121933e-05	c7	HEXIM1
3.04837786668083e-09	0.37112965324261	0.17	0.145	6.03273979816136e-05	c7	BRAF
3.85777397866005e-09	0.752389601183044	0.104	0.084	7.63453470376825e-05	c7	TEX30
3.92395922034581e-09	0.126324285885157	0.563	0.553	7.76551529706437e-05	c7	EML4
4.15502299148588e-09	0.198917785625778	0.498	0.489	8.22279050015055e-05	c7	ARHGDIA
5.10169994232392e-09	0.574519438466419	0.122	0.1	0.00010096264185859	c7	TRAPPC2B
5.39175417438721e-09	0.680747767004314	0.068	0.05	0.000106702815111123	c7	ZNF134
6.05745759156676e-09	0.506578499371339	0.052	0.036	0.000119877085737106	c7	IGFBP3
6.24339815060379e-09	1.25240137898541	0.013	0.006	0.000123556849400449	c7	NCR3LG1
6.39725025657369e-09	0.11991960118026	0.664	0.652	0.000126601582577593	c7	ALDOA
7.07486202252484e-09	0.240055424255622	0.388	0.376	0.000140011519425767	c7	PAPOLA
8.05972214051269e-09	0.463056959072417	0.078	0.058	0.000159501901160746	c7	ANK3
8.51942371798869e-09	0.362140826274742	0.251	0.23	0.000168599395378996	c7	GORASP2
1.01161244985162e-08	0.368970953841594	0.246	0.226	0.000200198103825636	c7	POLR2F
1.06625361932054e-08	0.764450193557488	0.049	0.034	0.000211011591263535	c7	SLC30A1
1.08896921516307e-08	0.249092688465863	0.298	0.271	0.000215507007680771	c7	LIME1
1.18870324685534e-08	0.305850320390782	0.234	0.21	0.000235244372552673	c7	TNKS2
1.19400694001319e-08	0.604700631532615	0.079	0.06	0.00023629397342861	c7	TRIM39
1.2792513712478e-08	0.436548532472237	0.195	0.173	0.000253163846369939	c7	CASP3
1.31205836588122e-08	1.15079718962572	0.016	0.009	0.000259656350607893	c7	YPEL4
1.4095232613818e-08	0.179677380520876	0.476	0.457	0.000278944653427457	c7	NOP58
1.54346922860578e-08	0.715853746763529	0.026	0.016	0.000305452560341084	c7	COLGALT2
1.57845043146029e-08	0.376967337551996	0.189	0.165	0.000312375340385991	c7	NEK7
1.61775279737203e-08	0.914947318220176	0.027	0.017	0.000320153278599924	c7	METRN
1.76123192592322e-08	0.862149698496266	0.038	0.025	0.000348547798140205	c7	CTH
2.01531316808454e-08	0.624538828003221	0.068	0.051	0.000398830475963931	c7	DHRS1
2.09996817894314e-08	0.419600819699024	0.17	0.148	0.000415583702612848	c7	NANS
2.21220072953044e-08	0.200439379976002	0.432	0.418	0.000437794524374075	c7	CD6
2.34945214258112e-08	1.16256015111203	0.025	0.015	0.000464956579016803	c7	N4BP3
2.55613132034441e-08	0.688040504234969	0.067	0.05	0.000505858388296158	c7	ZNF14
2.72535073650841e-08	0.256833670141247	0.372	0.362	0.000539346910755014	c7	STRAP
2.77248714922985e-08	0.531347039016614	0.095	0.076	0.000548675206832587	c7	ZDHHC7
2.98510731163033e-08	0.130834227824069	0.641	0.625	0.000590752736971642	c7	LIMD2
4.51460248144598e-08	0.453626471732328	0.156	0.135	0.000893439831078159	c7	MACO1
4.51875825427102e-08	1.09912188627666	0.024	0.014	0.000894262258520234	c7	ELOVL4
4.55456796214981e-08	0.43937513622753	0.122	0.1	0.000901348999709447	c7	SMAD7
4.85725821805293e-08	0.177370731875648	0.442	0.425	0.000961251401352674	c7	ADGRE5
4.94009694631535e-08	0.119932501443472	0.58	0.565	0.000977645185675808	c7	HNRNPU
5.45550964548214e-08	0.93873717103422	0.022	0.013	0.00107964535884091	c7	SEMA4C
5.53783891531905e-08	0.291044076948086	0.298	0.283	0.00109593832134164	c7	MLF2
5.87293890486924e-08	0.128892710435395	0.615	0.608	0.00116225460927362	c7	ARF1
6.89731348009373e-08	0.606897908829634	0.098	0.08	0.00136497833771055	c7	PARD6A
7.0645260432068e-08	0.431997900789947	0.163	0.142	0.00139806970395063	c7	KIAA1191
7.26694390467761e-08	0.669187087974435	0.069	0.053	0.0014381281987357	c7	FRAT1
7.65693362093568e-08	0.378070850178563	0.204	0.185	0.00151530716358317	c7	USP14
7.75410235645664e-08	0.126242860268333	0.683	0.668	0.00153453685634277	c7	PGK1
7.77461064399416e-08	0.525845477572043	0.098	0.079	0.00153859544644644	c7	STRBP
8.33431653118767e-08	0.308349130222574	0.331	0.321	0.00164936124152204	c7	CLTB
8.53044308365981e-08	0.988026671557997	0.019	0.011	0.00168817468625628	c7	GRAMD1C
8.96153598048383e-08	1.0063393883656	0.016	0.009	0.00177348797053775	c7	TNFRSF13C
9.02707047780751e-08	0.15914520168108	0.506	0.503	0.00178645724755811	c7	SRRM2
9.44019937854751e-08	0.287588762527051	0.28	0.261	0.00186821545701455	c7	BBX
9.46547747826585e-08	0.730486846506789	0.054	0.039	0.00187321799294881	c7	GKAP1
9.51014473124199e-08	0.645716533790702	0.066	0.05	0.00188205764231279	c7	GZF1
1.07874155930792e-07	0.901529496546218	0.029	0.019	0.00213482954587038	c7	SAV1
1.12120136791643e-07	0.271204631034958	0.199	0.175	0.00221885750710662	c7	BTN3A1
1.13545391656007e-07	0.340703445805299	0.248	0.229	0.00224706330087238	c7	ALKBH7
1.15037162839028e-07	0.97779205230324	0.023	0.014	0.00227658545258437	c7	CHST10
1.15290774762761e-07	1.19866123428861	0.013	0.007	0.00228160443255504	c7	F12
1.21931982864896e-07	0.106288033218358	0.692	0.666	0.00241303394089629	c7	SLC25A3
1.22834587260644e-07	0.459959154112988	0.119	0.099	0.00243089648188815	c7	NDUFAF4
1.2314124416445e-07	0.458358850328374	0.055	0.04	0.00243696522201447	c7	PLCB1
1.54869687216498e-07	0.606474005592049	0.081	0.064	0.0030648711100145	c7	POGLUT1
1.55243408434207e-07	0.737003691597005	0.061	0.046	0.00307226705291296	c7	COQ2
1.59495164730679e-07	0.402554044396261	0.178	0.158	0.00315640931002013	c7	MAD1L1
1.60843128155091e-07	0.320218005963796	0.208	0.187	0.00318308550618924	c7	POM121C
1.63845328823188e-07	0.899121156895535	0.032	0.021	0.00324249905741089	c7	SMAGP
1.70135376477392e-07	0.396324893895896	0.042	0.029	0.00336697910048758	c7	FCRL6
1.7071281235696e-07	0.465451534292947	0.097	0.078	0.00337840655654424	c7	SLC35E1
1.76597690137756e-07	0.298552766547526	0.359	0.351	0.0034948682878262	c7	RAB5IF
2.0572316961701e-07	0.289179914272467	0.341	0.331	0.00407126152672062	c7	MRPL54
2.17502179706398e-07	0.552661186919845	0.106	0.087	0.00430436813638962	c7	TM2D2
2.29764321610516e-07	0.573909298644422	0.087	0.07	0.0045470359246721	c7	PRR7
2.32140424757772e-07	0.330866193142034	0.246	0.23	0.00459405900595632	c7	WBP11
2.43537145904753e-07	0.817478481771712	0.016	0.009	0.00481960011745506	c7	ATP9A
2.73729771914266e-07	0.863323482902624	0.014	0.007	0.00541711218618332	c7	TCF7L2
2.79339602528528e-07	0.760770139864861	0.062	0.048	0.00552813073403957	c7	CTPS1
3.04572800490006e-07	0.142508456032002	0.515	0.508	0.00602749572169722	c7	KHDRBS1
3.11312856158929e-07	0.257409198431277	0.254	0.232	0.0061608814233852	c7	PHF1
3.40738560197377e-07	0.570842005018035	0.052	0.038	0.00674321610630609	c7	TP53I11
3.6932193685193e-07	0.418436703466557	0.183	0.164	0.00730888113029969	c7	SLC25A32
3.83122711572811e-07	0.32514556663123	0.269	0.256	0.00758199846202593	c7	NDUFA5
4.06495743340335e-07	0.176166587760723	0.478	0.471	0.00804455076070524	c7	SEPT9
4.18555080227616e-07	0.202385294575486	0.375	0.365	0.00828320503770452	c7	SERINC1
4.42664871281722e-07	0.522401116919835	0.13	0.111	0.00876033780266527	c7	MXD4
4.55353940473755e-07	0.334730609019312	0.04	0.028	0.00901145448197562	c7	PTGDR
4.72912637273421e-07	0.194185784530438	0.433	0.427	0.00935894109164101	c7	CCT3
4.76758257052224e-07	0.353648088324388	0.25	0.235	0.00943504590706351	c7	RELA
4.76995735282937e-07	0.997448328961267	0.012	0.006	0.00943974560124932	c7	ZNF532
4.87653721138267e-07	0.348696148741474	0.213	0.193	0.0096506671413263	c7	VAMP2
5.26528488107243e-07	0.870904730909908	0.024	0.015	0.0104199987796423	c7	RCAN2
5.94060438507629e-07	0.390470296807887	0.225	0.208	0.011756456078066	c7	DDX27
6.17452231734557e-07	0.185329580634427	0.287	0.266	0.0122193796660269	c7	SMARCA2
6.53604844835305e-07	0.142348151098152	0.511	0.499	0.0129348398792907	c7	ARF6
6.57996683457607e-07	0.403236111294905	0.136	0.116	0.013021754365626	c7	TBX21
7.22638272433675e-07	0.620106225954726	0.097	0.079	0.0143010114114624	c7	BPGM
7.50514304611289e-07	0.212274081508112	0.398	0.391	0.0148526780882574	c7	TCF25
7.62954910360336e-07	0.884437343354897	0.024	0.015	0.0150988776760311	c7	BCORL1
7.82985998163622e-07	0.226597207998939	0.338	0.324	0.0154952929036581	c7	SNRPN
7.90949859590047e-07	0.358573649909444	0.211	0.194	0.015652897721287	c7	CWC15
8.46631015050085e-07	0.765415748618972	0.023	0.014	0.0167548277878412	c7	ZNF814
8.49894424568812e-07	0.525839290965192	0.049	0.035	0.0168194106622168	c7	ST8SIA1
1.00146219476034e-06	0.247986992319839	0.337	0.329	0.0198189368343071	c7	SNRPD1
1.05376863313762e-06	0.262919259218741	0.282	0.267	0.0208540812497935	c7	PPP4R3A
1.17664580196424e-06	0.721543444538905	0.031	0.021	0.0232858204208722	c7	HIC1
1.26477485023762e-06	0.246756672129548	0.352	0.347	0.0250298942862026	c7	PPP2CA
1.33672661345849e-06	0.434363553999568	0.134	0.116	0.0264538196803436	c7	JADE1
1.42209965609054e-06	0.883499549486114	0.02	0.012	0.0281433521940318	c7	RAB3A
1.42687294058804e-06	0.184197184565292	0.458	0.455	0.0282378154942373	c7	CSTB
1.43703020337514e-06	0.348112363758768	0.211	0.194	0.0284388277247941	c7	CTR9
1.61861159074927e-06	0.140740246766241	0.537	0.535	0.0320323233809281	c7	SRSF5
1.62277849226192e-06	0.69260490038796	0.019	0.011	0.0321147863618634	c7	C12orf42
1.62586893359948e-06	0.464884953964413	0.144	0.125	0.0321759461959337	c7	DYNLL2
1.6365460665045e-06	0.499302965822123	0.093	0.076	0.0323872466561241	c7	PIK3CG
1.65107965516488e-06	0.512132064304238	0.073	0.058	0.032674866375713	c7	EPOR
1.73860887697246e-06	0.393350484185718	0.164	0.146	0.0344070696752851	c7	DNPEP
2.21076081222536e-06	0.787001543343051	0.024	0.016	0.0437509564739399	c7	PRKCE
2.30927175898162e-06	0.552531235768934	0.062	0.048	0.0457004881102463	c7	B3GLCT
2.35045246350288e-06	0.205965097359692	0.389	0.387	0.0465154542527221	c7	SF3B6
2.38300994530246e-06	0.355766865562714	0.21	0.193	0.0471597668175357	c7	UBTF
2.41883181178262e-06	0.333856455352424	0.259	0.247	0.047868681555178	c7	BCL7B
