p_val	avg_log2FC	pct.1	pct.2	p_val_adj	cluster	gene
0	2.41105978870816	0.925	0.344	0	c22	GZMK
0	1.53215327702895	0.875	0.425	0	c22	NKG7
0	1.5821024591223	0.886	0.455	0	c22	GZMA
0	1.48474714122615	0.655	0.24	0	c22	CCL4L2
0	0.986426114747382	0.785	0.375	0	c22	CCL4
0	1.46833909238034	0.978	0.583	0	c22	CCL5
0	2.61970521518216	0.444	0.126	0	c22	KLRG1
0	2.35279820018404	0.533	0.223	0	c22	CMC1
0	1.44836164092363	0.922	0.619	0	c22	CST7
0	2.41900647055045	0.369	0.095	0	c22	EOMES
0	2.37541650556362	0.327	0.083	0	c22	CCL3L1
0	1.27820338084711	0.722	0.486	0	c22	HLA-DPA1
0	1.13507611687646	0.83	0.681	0	c22	HCST
0	1.04999594483534	0.964	0.877	0	c22	CD74
0	0.767255296582146	0.927	0.888	0	c22	PTPRCAP
0	0.464149583791187	0.993	0.989	0	c22	RPS15A
2.16786508677259e-300	1.22369100575013	0.702	0.486	4.29020500672295e-296	c22	HLA-DPB1
5.27089185464105e-289	0.586716716155327	0.989	0.987	1.04310949803346e-284	c22	RPS27
5.46772098271842e-279	1.29158071176838	0.632	0.405	1.08206198247997e-274	c22	GIMAP7
6.65488636436206e-273	1.11153715118019	0.73	0.495	1.31700201150725e-268	c22	HLA-DRB1
4.88769104094879e-270	1.45391628902789	0.555	0.333	9.67274057003765e-266	c22	GIMAP4
5.3646310403861e-269	2.16169879878236	0.261	0.086	1.06166048289241e-264	c22	PLEK
6.70427213434718e-265	1.15368538558456	0.68	0.479	1.32677545538731e-260	c22	TXNIP
1.22038293099309e-251	1.00043463202854	0.669	0.383	2.41513782043533e-247	c22	CD8A
4.38302773509055e-247	0.514943175363832	0.97	0.964	8.6740118877442e-243	c22	RPL23A
2.02864428655365e-236	1.91129994209233	0.356	0.161	4.01468704308967e-232	c22	SAMD3
9.49979623032393e-226	0.419634926636307	0.986	0.984	1.88000967398111e-221	c22	RPS15
1.52585353420894e-193	1.39939514797087	0.448	0.248	3.0196641441995e-189	c22	HLA-DRB5
5.79784475061942e-193	0.549855510527304	0.913	0.914	1.14739347614758e-188	c22	CD3E
1.15809439951879e-190	1.24728106164054	0.492	0.28	2.29186881664768e-186	c22	CD8B
1.31676863438631e-190	0.394333599639292	0.981	0.978	2.60588512745051e-186	c22	RPS25
8.17946476142775e-190	0.364300336415867	0.993	0.989	1.61871607628655e-185	c22	RPL30
2.51793484414576e-189	2.10811292428842	0.207	0.071	4.98299305656446e-185	c22	SLAMF7
1.26398882109353e-184	1.72023797580242	0.283	0.12	2.5014338769441e-180	c22	AOAH
1.53965975470323e-182	2.49372749700645	0.121	0.029	3.0469866545577e-178	c22	MS4A1
1.23199280509395e-177	1.4466804444991	0.423	0.227	2.43811376128093e-173	c22	GZMH
8.25885359491977e-177	0.324822004043993	0.995	0.992	1.63442712643462e-172	c22	RPL28
3.64564186586954e-166	1.53203100894841	0.391	0.223	7.21472525255582e-162	c22	GIMAP1
8.70164304414013e-162	2.63254771166114	0.107	0.026	1.72205515843533e-157	c22	PTGDR
9.3636954008474e-162	0.616886375392083	0.886	0.877	1.8530753198277e-157	c22	RPS29
1.57842651293109e-160	0.357730385551105	0.982	0.982	3.12370606909063e-156	c22	RPS7
1.98704164614965e-156	1.1361395365181	0.566	0.426	3.93235541773015e-152	c22	GZMM
1.72778706960247e-152	0.345912800322931	0.981	0.982	3.41929061074328e-148	c22	RPL7A
1.82791407888957e-151	0.323114646005426	0.99	0.991	3.61744196212245e-147	c22	RPS3
4.67072412659317e-147	0.357015677235542	0.98	0.981	9.24336304652788e-143	c22	RPS28
1.21211146418837e-145	0.798331718695867	0.709	0.625	2.39876858762879e-141	c22	RARRES3
1.00462124733394e-136	0.343606211968764	0.977	0.979	1.98814544847386e-132	c22	RPL35A
1.63489207119997e-134	0.333191128163222	0.979	0.979	3.23545140890474e-130	c22	FAU
4.93106763971598e-134	0.452892371050333	0.928	0.931	9.75858285899792e-130	c22	RPL13A
5.75171133507214e-134	1.12997197826439	0.411	0.241	1.13826367321078e-129	c22	HLA-DQA1
4.67857799435666e-133	2.13761258555811	0.154	0.053	9.25890585083183e-129	c22	PILRB
4.39650098740839e-131	0.346104403254509	0.974	0.973	8.7006754540812e-127	c22	RPLP2
1.87787538145564e-127	1.20093591304168	0.441	0.295	3.7163153799007e-123	c22	SH2D1A
9.33074449843416e-125	0.927652643829359	0.611	0.53	1.84655433624012e-120	c22	ITGB2
9.99452785436748e-125	0.305130788153047	0.979	0.981	1.97791706237933e-120	c22	RPL26
1.54664495769235e-124	0.267425588170298	0.994	0.994	3.06081037127316e-120	c22	RPL13
8.49597220191068e-123	1.20095891377509	0.44	0.299	1.68135289875812e-118	c22	TC2N
3.43502979175126e-121	0.291931077073147	0.998	0.991	6.79792395787575e-117	c22	TMSB4X
2.13927128802612e-120	0.274567311433436	0.996	0.995	4.2336178790037e-116	c22	HLA-A
5.81538436425741e-116	1.81353309076685	0.17	0.067	1.15086456568654e-111	c22	DTHD1
1.31833565206264e-112	0.609816678339804	0.769	0.762	2.60898625543196e-108	c22	TMA7
3.29561507007217e-111	0.287442566837172	0.977	0.981	6.52202222367283e-107	c22	RPS24
7.41300435725445e-111	0.293034473032754	0.983	0.981	1.46703356230066e-106	c22	RPL39
9.13641158199985e-111	1.71386288112959	0.218	0.102	1.80809585207777e-106	c22	F2R
6.04871174449242e-106	0.364459387680075	0.951	0.963	1.19704005423505e-101	c22	HLA-E
2.86842714229043e-105	0.260575666499552	0.986	0.987	5.67661731459276e-101	c22	RPS14
3.08583602690616e-104	0.499185029811119	0.872	0.87	6.10686949724728e-100	c22	CYBA
3.44908857254126e-104	0.435274624667282	0.94	0.953	6.82574628505915e-100	c22	MT-ATP8
1.01890662176962e-103	0.355227753512875	0.95	0.959	2.01641620448207e-99	c22	RPL36
1.8338067656985e-103	0.350366243918953	0.991	0.99	3.62910358931733e-99	c22	HLA-C
5.87473673710521e-103	2.66888949748106	0.061	0.013	1.16261040027312e-98	c22	LGR6
5.15718226386444e-100	1.89092758475388	0.145	0.057	1.02060637001877e-95	c22	FCRL3
1.94866709987869e-99	0.185929365013662	1	0.999	3.85641219065992e-95	c22	B2M
6.14507859962243e-98	1.25399778348392	0.349	0.219	1.21611105486528e-93	c22	HLA-DQB1
4.42594688133288e-96	0.295674548687343	0.995	0.997	8.75894887815778e-92	c22	MT-CO1
6.36444552838832e-95	0.796470849155205	0.602	0.517	1.25952377006805e-90	c22	ITM2A
2.13526221539868e-94	0.937079991741656	0.513	0.406	4.22568392427398e-90	c22	CD27
3.53994757155878e-94	0.462112053003953	0.901	0.903	7.00555624411482e-90	c22	MT-ND2
2.90967599003014e-92	1.34515444671608	0.37	0.247	5.75824878426965e-88	c22	ITM2C
1.16892050581925e-91	1.27989282570343	0.35	0.233	2.3132936810163e-87	c22	APMAP
4.06304099858285e-91	1.41709067200768	0.309	0.192	8.04075813619546e-87	c22	PYHIN1
5.06107584090196e-90	0.328181196865204	0.928	0.947	1.0015869089145e-85	c22	RPS21
6.1685978100754e-88	1.23719982393509	0.381	0.274	1.22076550661392e-83	c22	DENND2D
1.25537647176938e-87	0.222788985075025	0.993	0.992	2.48439003763159e-83	c22	RPS12
2.90470352558157e-87	0.547371854493985	0.741	0.706	5.74840827712592e-83	c22	CLIC1
5.72403174617046e-87	0.945948579042551	0.443	0.31	1.13278588256713e-82	c22	HLA-DRA
1.16474155492093e-86	0.442593319061332	0.85	0.855	2.30502353718853e-82	c22	ATP5F1E
4.37318842051771e-85	0.232141032018445	0.982	0.984	8.65453988420455e-81	c22	RPS23
7.76914237130283e-84	0.266645225498616	0.964	0.972	1.53751327528083e-79	c22	RPL6
5.72540910321469e-82	1.07582251079459	0.484	0.406	1.13305846152619e-77	c22	CLDND1
7.32644689127632e-82	0.566556513177561	0.737	0.7	1.44990383978358e-77	c22	CD2
8.34923982120478e-81	0.253076713169381	0.983	0.985	1.65231456061643e-76	c22	RPS18
3.65411829615098e-79	0.456909653552284	0.837	0.846	7.2315001080828e-75	c22	RPL27A
2.34002164557989e-78	1.04502355733162	0.432	0.34	4.63090283660261e-74	c22	TRAF3IP3
7.84545142345693e-75	2.7458507880676	0.041	0.009	1.55261483670213e-70	c22	ATP9A
5.3823009362346e-72	0.366079816100616	0.906	0.925	1.06515735528083e-67	c22	RPL41
7.08043268633058e-72	0.225279292961694	0.977	0.979	1.40121762862482e-67	c22	RPL34
1.49379221686519e-68	0.207413536339328	0.992	0.988	2.95621479717621e-64	c22	RPS27A
6.20843693557255e-68	1.38825904279407	0.225	0.13	1.22864966954981e-63	c22	CD81
2.58889800629281e-65	1.56856446833356	0.113	0.047	5.12342915445348e-61	c22	DKK3
5.49802881034636e-64	0.436693363612091	0.778	0.775	1.08805990156754e-59	c22	CD3D
6.70901691197944e-64	2.05664072777011	0.081	0.029	1.32771444688073e-59	c22	FCRL6
7.39506304352337e-62	0.233366710243956	0.979	0.989	1.46348297631327e-57	c22	MT-CYB
1.80459037545159e-61	1.46771714506756	0.148	0.072	3.5712843530187e-57	c22	PECAM1
2.37340484840113e-61	0.261923404538545	0.942	0.957	4.69696819498584e-57	c22	RPL24
7.34876650366612e-61	0.399927809333389	0.765	0.78	1.45432089107553e-56	c22	HMGB1
1.16117965631316e-59	1.06859655624217	0.374	0.296	2.29797453984374e-55	c22	ARPC5L
7.30817521072259e-59	1.99369280103967	0.08	0.03	1.446287874202e-54	c22	KLRC3
3.44519298517573e-58	1.19790611637666	0.306	0.218	6.81803691766276e-54	c22	SYNE1
3.91393500598741e-57	2.00561076847624	0.076	0.028	7.74567737684908e-53	c22	PLCG2
1.45227817453758e-56	1.92941224418588	0.092	0.037	2.87405850740988e-52	c22	CHI3L2
7.14179419782445e-56	0.658385031637312	0.563	0.534	1.41336107174946e-51	c22	CD48
2.34358790200722e-53	1.31628172706266	0.255	0.172	4.63796045807229e-49	c22	GPR174
4.16368864697594e-53	0.998242669165963	0.13	0.062	8.23993983236539e-49	c22	CCL3
6.22793864578905e-53	2.46168798512267	0.045	0.013	1.23250905800165e-48	c22	FGR
2.35763832528426e-52	1.33516406487988	0.195	0.116	4.66576624573756e-48	c22	SLAMF6
2.7226080952872e-52	0.239150736841705	0.932	0.922	5.38804142057337e-48	c22	ACTG1
4.18784272727406e-52	0.94945409798806	0.397	0.33	8.28774075727536e-48	c22	BTN3A2
2.01541403288458e-51	0.306047386048959	0.884	0.906	3.98850437107859e-47	c22	RPL37A
2.74124770130539e-51	0.753986107631047	0.508	0.479	5.42492920088337e-47	c22	HLA-F
2.33694434894598e-50	0.153975978398927	0.993	0.995	4.6248128665641e-46	c22	RPL10
3.48926219968525e-50	0.198356433261708	0.985	0.991	6.90524989317712e-46	c22	MT-CO3
3.74944311954387e-49	1.94948541215596	0.091	0.04	7.42014793357731e-45	c22	USP28
1.15287641239612e-48	0.325155758562205	0.835	0.855	2.28154242013192e-44	c22	CORO1A
2.04309320783418e-48	0.196925665286151	0.979	0.989	4.04328145830384e-44	c22	MT-ND4L
2.40040846036282e-48	1.23046627294571	0.237	0.158	4.75040834305802e-44	c22	LY9
6.44071919885777e-48	2.1254138095408	0.06	0.021	1.27461832945395e-43	c22	PTPRM
1.16131508121804e-47	1.61225268520311	0.155	0.087	2.29824254573049e-43	c22	CCR5
1.09375699497511e-46	0.715436187691485	0.452	0.38	2.16454509305575e-42	c22	APOBEC3G
6.99004951694337e-46	0.472695949130168	0.709	0.724	1.38333079940309e-41	c22	CD99
1.62794541274765e-45	0.299988713193892	0.83	0.868	3.22170397182759e-41	c22	PFDN5
4.43107376556273e-43	0.15085027605296	0.989	0.986	8.76909498204864e-39	c22	RPL19
5.19185426837185e-43	0.503713976580476	0.631	0.662	1.02746795971079e-38	c22	SNRPD2
1.13804043688088e-42	0.181885540301129	0.963	0.973	2.25218202458726e-38	c22	RPL14
2.37711272868356e-42	0.887907339239365	0.395	0.342	4.70430609006477e-38	c22	PNISR
8.22720365138254e-42	0.137813769688181	0.985	0.987	1.62816360260861e-37	c22	RPS8
1.28859669108933e-41	0.276013428338711	0.917	0.939	2.55013285166578e-37	c22	MT-ND5
1.87751717405303e-41	0.590353396838548	0.561	0.555	3.71560648745096e-37	c22	CD3G
2.84900119774143e-41	1.06280441634674	0.277	0.204	5.6381733703303e-37	c22	THEMIS
3.09473035046033e-41	1.68236060822651	0.087	0.039	6.124471363561e-37	c22	C1orf21
5.88710589797195e-41	0.216597211745159	0.953	0.962	1.16505825720865e-36	c22	RPL17
1.06559198120118e-40	0.191384591066371	0.953	0.97	2.10880653079714e-36	c22	RPL37
1.30285079173178e-40	0.192044877465075	0.955	0.972	2.57834171683719e-36	c22	RPL3
3.24269825275584e-40	2.19133910592883	0.034	0.009	6.4172998422038e-36	c22	TMEM171
3.77628786263266e-40	0.747479314681024	0.471	0.436	7.47327368015004e-36	c22	KIAA1551
3.94080173691154e-40	0.691710256631387	0.192	0.117	7.79884663734794e-36	c22	CRTAM
5.79445822198809e-40	0.545626445573745	0.608	0.612	1.14672328213144e-35	c22	EVL
1.38906660853339e-38	1.35865962122751	0.167	0.103	2.74896281828759e-34	c22	GIMAP5
7.10514118938369e-38	0.902735124994055	0.371	0.319	1.40610744137903e-33	c22	RCSD1
1.21630831958899e-37	1.10272452092774	0.202	0.133	2.4070741644666e-33	c22	MATK
3.88088710982317e-37	0.148322170378486	0.962	0.961	7.68027559034006e-33	c22	PFN1
1.18356753876411e-36	0.671518554295385	0.35	0.274	2.34228015921417e-32	c22	PRF1
6.68393276925371e-36	0.362739562519827	0.738	0.786	1.32275029503531e-31	c22	TOMM7
9.46212908888829e-36	0.201589177059566	0.943	0.971	1.87255534669099e-31	c22	MT-ND1
1.23082032526186e-35	0.223331672466004	0.909	0.935	2.43579342369322e-31	c22	UBA52
8.15795439866628e-35	0.241567534843673	0.872	0.898	1.61445917549606e-30	c22	MT-ND4
9.61659270508052e-33	0.402731881049838	0.675	0.731	1.90312369633543e-28	c22	COMMD6
1.78270308483331e-32	0.283810912470252	0.806	0.828	3.52796940488513e-28	c22	MYL12A
2.52686202616927e-32	0.305134012059625	0.785	0.825	5.00065994978899e-28	c22	RPL38
3.91935116687298e-32	0.880239841735733	0.337	0.285	7.75639595924163e-28	c22	SIT1
6.12732113318058e-32	0.146668658027121	0.968	0.98	1.21259685225644e-27	c22	RPS3A
1.2264937008869e-31	0.231874662303394	0.88	0.918	2.42723103405518e-27	c22	EEF1D
1.51659546153967e-31	0.13218472202363	0.981	0.986	3.00134241838701e-27	c22	RPL11
2.11827330127116e-31	1.16204769869124	0.23	0.17	4.19206286321562e-27	c22	AC116366.3
2.1625515156904e-31	0.127969024764265	0.981	0.986	4.27968944955129e-27	c22	RPL18A
9.54867421435119e-31	0.186939201786296	0.922	0.944	1.8896826270201e-26	c22	RPL10A
1.09563392207986e-30	0.91274993263848	0.304	0.247	2.16825953179605e-26	c22	IKZF3
2.0164536387001e-30	0.390442892583787	0.678	0.696	3.99056175098751e-26	c22	PSMB9
2.14940370815755e-30	1.86082230065744	0.044	0.016	4.25366993844379e-26	c22	S1PR5
5.66256619191593e-30	0.1738373410112	0.944	0.965	1.12062184938016e-25	c22	MT-ND3
1.05958784427515e-29	0.621778795450568	0.497	0.506	2.09692434382052e-25	c22	PTP4A2
1.22429673450419e-29	2.04164501599666	0.042	0.016	2.42288323758378e-25	c22	TTC16
4.10407717718724e-29	2.75198173017457	0.014	0.003	8.12196873365354e-25	c22	IFNL1
4.51363377675383e-29	0.100859953037155	0.995	0.997	8.93248124419583e-25	c22	MT-CO2
3.74849921260348e-28	0.709187623720695	0.434	0.418	7.41827994174228e-24	c22	TAPBP
6.78888695282352e-28	0.945101759034131	0.294	0.246	1.34352072796377e-23	c22	SASH3
1.93445394169562e-27	1.81368853360814	0.062	0.029	3.82828435061563e-23	c22	GAB3
4.71614400297742e-27	1.17081740804148	0.181	0.127	9.33324898189231e-23	c22	GIMAP6
1.03173031867374e-26	0.167597377486641	0.956	0.969	2.04179430065534e-22	c22	RPS16
3.08942384684985e-26	1.23562449244678	0.099	0.056	6.11396979291585e-22	c22	ADRB2
4.31786681192272e-26	1.02048711299151	0.26	0.21	8.54505842079506e-22	c22	PTPN6
4.51645594281159e-26	0.737487482772164	0.431	0.425	8.93806631082413e-22	c22	N4BP2L2
5.44870237296431e-26	1.14243341607525	0.201	0.148	1.07829819960964e-21	c22	MYO1F
8.62259271144325e-26	1.24973451963442	0.154	0.103	1.70641109759462e-21	c22	ANXA2R
1.08197739074764e-25	1.05362274401149	0.192	0.138	2.14123325628959e-21	c22	CD84
1.12609153086196e-25	1.58710663984738	0.214	0.153	2.22853513957583e-21	c22	HBB
1.47763614893328e-25	0.189356412415402	0.916	0.947	2.92424193873895e-21	c22	RPL21
1.75249038824293e-25	1.32426311294731	0.087	0.048	3.46817847833276e-21	c22	CXCR5
3.87413202713374e-25	1.18105640859372	0.093	0.052	7.66690728169767e-21	c22	MSC
4.32458544652413e-25	1.50297499160079	0.101	0.059	8.55835459867125e-21	c22	PATL2
5.22373187786491e-25	0.380405037632382	0.652	0.696	1.03377653862947e-20	c22	C12orf57
1.85653885503767e-24	1.64598469880752	0.052	0.024	3.67409039411956e-20	c22	PDLIM1
1.86187209476309e-24	2.12097339519708	0.026	0.009	3.68464487553615e-20	c22	PDGFD
6.31532689621802e-24	1.54152912674548	0.062	0.03	1.24980319276155e-19	c22	TPRG1
6.77374805494923e-24	1.17395996481295	0.143	0.095	1.34052474007445e-19	c22	TNFRSF1A
8.1010543799456e-24	0.728354180274788	0.357	0.319	1.60319866179123e-19	c22	PARP8
1.3683280389242e-23	0.364667687079682	0.683	0.738	2.707921189031e-19	c22	PSME1
6.48137618658009e-23	0.436842305388547	0.537	0.544	1.2826643473242e-18	c22	CNN2
1.89556005220609e-22	0.730969830443796	0.352	0.313	3.75131334331586e-18	c22	CXCR3
2.59658015312637e-22	1.98724530444705	0.032	0.012	5.13863212303708e-18	c22	HLA-DOA
1.33330646468396e-21	0.721206789878108	0.359	0.331	2.63861349360956e-17	c22	NFATC2
2.96305993163615e-21	0.52124547581121	0.122	0.077	5.86389560470794e-17	c22	XCL2
6.81022262652702e-21	1.27205970550828	0.129	0.086	1.3477430577897e-16	c22	LENG8
7.79148390084681e-21	0.269234694021193	0.765	0.826	1.54193466397758e-16	c22	RPL31
9.50860661796801e-21	1.51304984332246	0.051	0.024	1.88175324969587e-16	c22	HIST4H4
9.63930078366312e-21	0.824158822970544	0.305	0.271	1.90761762508693e-16	c22	LIME1
1.06281968604237e-20	0.57109748439704	0.449	0.452	2.10332015867785e-16	c22	PAXX
1.20849417218597e-20	0.937014657579764	0.224	0.178	2.39160996675603e-16	c22	NUCB2
1.90006226754047e-20	0.105267662997176	0.973	0.98	3.7602232274626e-16	c22	RPL18
2.51722382653499e-20	0.134111797154599	0.925	0.952	4.98158595271274e-16	c22	RPL5
1.40834273993389e-19	0.353615608817174	0.655	0.708	2.78711028232916e-15	c22	PPDPF
1.572859141418e-19	0.517873375870934	0.499	0.532	3.11268824086622e-15	c22	SEPT1
6.23726800214446e-19	1.88650460156665	0.031	0.012	1.23435533762439e-14	c22	HIST1H4B
6.73857643617148e-19	1.87815501228424	0.025	0.009	1.33356427671834e-14	c22	SLC4A4
1.22209157743745e-18	0.156198979024209	0.909	0.937	2.41851923174872e-14	c22	RPL35
1.95771612718042e-18	1.52760574739186	0.053	0.027	3.87432021569005e-14	c22	PLXDC1
2.13400067558363e-18	1.24826005119799	0.125	0.086	4.22318733698001e-14	c22	LPCAT1
4.40321700050249e-18	0.418207771050257	0.562	0.616	8.71396644399443e-14	c22	SSR2
6.29114113623214e-18	1.5676908086206	0.065	0.036	1.24501683086034e-13	c22	CD244
6.64866867007883e-18	2.55969440272914	0.012	0.003	1.3157715298086e-13	c22	EPB41L4A
1.18582045391837e-17	0.905132557060993	0.218	0.176	2.34673867830445e-13	c22	CHST12
1.28642870009749e-17	1.4204662682938	0.062	0.034	2.54584239749293e-13	c22	ZFP14
1.47810262001735e-17	0.991021461798207	0.214	0.175	2.92516508501434e-13	c22	BTN3A1
1.84617283874841e-17	1.37714069442879	0.083	0.051	3.65357604788311e-13	c22	PRR5L
2.11318302289275e-17	1.01713171806288	0.185	0.145	4.18198920230475e-13	c22	PLA2G16
2.84958516224832e-17	1.06992780828166	0.121	0.082	5.63932903608942e-13	c22	FASLG
4.05806359870991e-17	0.834159660077966	0.294	0.268	8.03090786184691e-13	c22	IDH2
4.80277102524088e-17	0.657912711991264	0.429	0.44	9.5046838589517e-13	c22	DDX17
3.21373379840241e-16	0.630759246796601	0.394	0.398	6.35997918703837e-12	c22	TBC1D10C
6.06679803513926e-16	0.10037065775767	0.098	0.164	1.20061933115406e-11	c22	NUP50
7.29331908739935e-16	0.378634663852538	0.472	0.467	1.44334784739633e-11	c22	CTSC
7.37361157116155e-16	1.33816911830526	0.064	0.037	1.45923772993287e-11	c22	JAKMIP2
8.00271399482742e-16	1.62993267717997	0.039	0.019	1.58373709957635e-11	c22	ADHFE1
1.26383800282983e-15	0.19289822871769	0.859	0.898	2.50113540760022e-11	c22	RPL27
1.34563114565706e-15	0.878447672775436	0.306	0.285	2.66300403725533e-11	c22	RBL2
1.54656387318046e-15	0.216088172834418	0.778	0.819	3.06064990502414e-11	c22	RAC2
1.98363578623829e-15	0.115465348541489	0.137	0.216	3.92561522096559e-11	c22	CEP57
2.89269782304308e-15	1.50193357594076	0.05	0.027	5.72464899180226e-11	c22	LPAR5
3.07932289387401e-15	0.589914809433706	0.394	0.395	6.09398000697666e-11	c22	CCND3
3.87506961714966e-15	2.10696899183934	0.019	0.007	7.66876277233917e-11	c22	PACSIN1
3.97846202489496e-15	0.437283886857781	0.59	0.636	7.87337634726712e-11	c22	MT-ND6
4.09175809848185e-15	2.21797169257263	0.013	0.004	8.09758927689558e-11	c22	ENPP5
5.12124659492649e-15	0.465512350363232	0.508	0.554	1.01349470113595e-10	c22	KRTCAP2
5.3546236962751e-15	0.120479588586789	0.132	0.208	1.05968002949284e-10	c22	CYC1
8.88185896613209e-15	0.888804482631117	0.244	0.212	1.75771988939754e-10	c22	ATM
1.21759031545841e-14	0.605456082614925	0.395	0.397	2.4096112342922e-10	c22	MPHOSPH8
1.2708094166372e-14	2.23858454031707	0.016	0.005	2.51493183552502e-10	c22	ADAMTS4
2.39165896623738e-14	0.229956343352071	0.762	0.827	4.73309309418377e-10	c22	RPS11
2.39175467485318e-14	0.105430996196252	0.127	0.199	4.73328250153445e-10	c22	KXD1
4.36562236899811e-14	0.969786358647045	0.188	0.154	8.63956666824726e-10	c22	ARHGAP25
4.85505776509e-14	0.686776657501129	0.318	0.3	9.60815931711312e-10	c22	IL16
5.58798197232757e-14	0.10407000649198	0.099	0.16	1.10586163232363e-09	c22	TAF3
7.86192126125742e-14	1.43400262080629	0.063	0.037	1.55587421760284e-09	c22	GPR68
8.09886555128215e-14	1.44006830635524	0.051	0.029	1.60276549259874e-09	c22	VNN2
1.10121955966644e-13	1.01081514425657	0.163	0.129	2.17931350857988e-09	c22	SLF1
1.18932797192687e-13	0.504024722202352	0.453	0.487	2.35368005644327e-09	c22	ERP29
1.20682927400612e-13	0.313962913209976	0.618	0.69	2.3883151332581e-09	c22	OST4
1.35689167036055e-13	0.119759478269057	0.115	0.181	2.68528861564352e-09	c22	TXN2
1.36940037652133e-13	1.83484907508885	0.03	0.014	2.71004334513571e-09	c22	KLRC4
1.56065765170076e-13	1.24517956558775	0.094	0.064	3.08854149271581e-09	c22	HPS3
1.81104710737962e-13	0.128756370972768	0.189	0.283	3.58406222550426e-09	c22	APH1A
1.83372387436427e-13	1.77661844382641	0.021	0.008	3.62893954736689e-09	c22	PDGFB
1.88530293138859e-13	1.03517395855174	0.13	0.096	3.73101450121802e-09	c22	PPP2R2B
1.96404937854052e-13	0.276731665821837	0.667	0.751	3.88685372013169e-09	c22	CD37
2.15359154220194e-13	0.10528264997566	0.114	0.18	4.26195766201764e-09	c22	AKR1A1
3.17156443560254e-13	0.103575059091007	0.112	0.175	6.27652601805742e-09	c22	PANK2
3.31093964355881e-13	0.683039674789852	0.34	0.326	6.55234955460289e-09	c22	H1FX
3.52145814300756e-13	0.862419302237769	0.244	0.217	6.96896566501195e-09	c22	TMC8
4.47739533082374e-13	0.177614345955762	0.851	0.897	8.86076535970017e-09	c22	SERF2
5.01874613934089e-13	0.137128129414082	0.121	0.188	9.93209860975562e-09	c22	CIAO1
5.82445036678617e-13	0.103770995169613	0.159	0.238	1.15265872758698e-08	c22	TTC3
5.99413859648602e-13	0.10644514361101	0.113	0.177	1.18624002824458e-08	c22	CCDC124
6.49135866108553e-13	1.27909766030563	0.065	0.04	1.28463987902883e-08	c22	MCTP2
6.8063603838509e-13	0.105483158843874	0.138	0.21	1.34697871996409e-08	c22	FLI1
9.46899390815026e-13	0.134502567649807	0.168	0.251	1.87391389442294e-08	c22	NUCB1
1.04777219197042e-12	0.136411460644737	0.188	0.28	2.07354116790947e-08	c22	RER1
1.07948582796713e-12	0.118501771760628	0.916	0.944	2.13630245354696e-08	c22	NACA
1.07992004005589e-12	0.111856100800333	0.161	0.239	2.1371617592706e-08	c22	KDM5A
1.1597677392615e-12	0.100294742206287	0.126	0.192	2.2951803559985e-08	c22	ERGIC2
1.18401887372851e-12	0.113960908909187	0.173	0.254	2.34317335110871e-08	c22	TNRC6B
1.21518723509219e-12	1.07577121140711	0.157	0.125	2.40485553824744e-08	c22	GIMAP2
1.26519738444078e-12	0.613377709283712	0.379	0.387	2.5038256238083e-08	c22	SHISA5
1.30739989762821e-12	0.105817905752184	0.191	0.281	2.58734439740622e-08	c22	ANXA7
1.33790059333184e-12	0.406015532916133	0.511	0.573	2.64770527420372e-08	c22	EIF3G
1.35558999655372e-12	0.193347626954473	0.129	0.196	2.68271260317981e-08	c22	THOC2
1.36240182882271e-12	0.1212264101553	0.15	0.225	2.69619321924014e-08	c22	PDCD6IP
1.36681108376713e-12	0.125844939285782	0.098	0.155	2.70491913477515e-08	c22	PTEN
1.42088807523124e-12	1.28974773285576	0.092	0.063	2.81193750088263e-08	c22	HLA-DMB
1.49129909957005e-12	0.108962197525437	0.108	0.169	2.95128091804914e-08	c22	METTL5
1.51605859580952e-12	0.133005097126362	0.14	0.211	3.00027996110703e-08	c22	SENP6
1.52686768795685e-12	1.2012811053232	0.048	0.027	3.02167115446661e-08	c22	YPEL1
1.62630425866798e-12	0.139444530920768	0.108	0.169	3.21845612790393e-08	c22	ESD
1.66296130329983e-12	0.936669917424256	0.186	0.155	3.29100041923036e-08	c22	ZBTB7A
1.70413202800962e-12	0.103831615840351	0.144	0.217	3.37247728343103e-08	c22	TSPAN14
1.77851958860765e-12	1.20541592432272	0.09	0.062	3.51969026585453e-08	c22	RAB37
1.8169619896834e-12	0.120683703276977	0.181	0.268	3.59576777758344e-08	c22	ZNHIT1
1.88997509955472e-12	0.109433259587234	0.124	0.189	3.74026072201879e-08	c22	SETX
2.09909122778416e-12	0.113175625464542	0.075	0.124	4.15410153978485e-08	c22	SUDS3
2.10302076329073e-12	0.105903173236136	0.194	0.286	4.16187809055236e-08	c22	MRPL51
2.78553184706008e-12	0.101839004314994	0.168	0.248	5.5125675253319e-08	c22	HNRNPH1
2.99728967550659e-12	0.111168827698838	0.081	0.131	5.93163626782755e-08	c22	TSEN15
3.19683185974411e-12	0.118049341596685	0.894	0.938	6.3265302504336e-08	c22	RPL9
3.24163547266110e-12	0.107403198629355	0.072	0.12	6.41519660039633e-08	c22	GTF2H5
3.57033154340628e-12	0.110071337544025	0.111	0.171	7.06568612440103e-08	c22	RNF5
3.69933792539812e-12	0.733607507786712	0.258	0.23	7.32098975436288e-08	c22	TGFBR2
3.73687312433958e-12	0.142322086716691	0.16	0.238	7.39527191306802e-08	c22	TMEM160
4.29471967424686e-12	0.157480504146446	0.109	0.169	8.49925023533453e-08	c22	IER3IP1
4.40580297398835e-12	0.105660347162997	0.196	0.286	8.71908408552295e-08	c22	ILF3
4.43663677597712e-12	0.105685609274458	0.195	0.286	8.78010417965872e-08	c22	DGUOK
4.58761976703716e-12	0.103749765951694	0.09	0.143	9.07889951896655e-08	c22	TRAPPC5
4.59264895401284e-12	0.875335621316698	0.248	0.224	9.08885227999141e-08	c22	ITGAL
4.7813196626613e-12	0.567322675189338	0.38	0.386	9.46223161240671e-08	c22	PPP1R18
5.11235194593728e-12	0.114464825144853	0.198	0.287	1.01173445010099e-07	c22	CCSER2
5.14654909005471e-12	0.148937901165716	0.104	0.162	1.01850206492183e-07	c22	COMMD1
5.27254063169602e-12	0.436785014537031	0.412	0.413	1.04343579101264e-07	c22	GSTP1
5.61774945507402e-12	0.844467945849096	0.228	0.201	1.11175261715915e-07	c22	APOBEC3C
6.10221499113217e-12	0.105842287222104	0.194	0.283	1.20762834674506e-07	c22	MAP2K2
6.18434737344837e-12	1.57781195235243	0.028	0.013	1.22388234520543e-07	c22	NUAK2
6.67693941035592e-12	0.16827786521763	0.109	0.168	1.32136630930944e-07	c22	E2F4
7.4308327136954e-12	0.124362967303078	0.103	0.16	1.47056179404032e-07	c22	MRPL11
7.60481472087769e-12	0.100132171975843	0.066	0.111	1.5049928332617e-07	c22	DCPS
7.69060124283494e-12	0.286630217818325	0.644	0.671	1.52196998595704e-07	c22	COTL1
7.76567859058857e-12	0.117858189801377	0.1	0.157	1.53682779307748e-07	c22	VBP1
8.44882344708764e-12	0.104645046481521	0.082	0.132	1.67202216017864e-07	c22	B4GALT3
8.8890452122013e-12	0.135519123719682	0.169	0.249	1.75914204749464e-07	c22	LMAN1
8.9058813827368e-12	0.117678396275372	0.126	0.19	1.76247392564361e-07	c22	MED28
1.01209883091078e-11	0.103278846584379	0.082	0.131	2.00294358637243e-07	c22	STK25
1.08245243880567e-11	0.107309024912771	0.121	0.183	2.14217337639642e-07	c22	WDR82
1.11976359407613e-11	0.110996488054928	0.249	0.359	2.21601215267666e-07	c22	RAD23A
1.12064219108456e-11	0.102369589967633	0.093	0.146	2.21775089615634e-07	c22	SUZ12
1.21322878739633e-11	0.791199842641934	0.277	0.26	2.40097977025735e-07	c22	LUC7L3
1.21366816244518e-11	0.167253436758219	0.166	0.245	2.40184929347901e-07	c22	ANAPC5
1.3095537107176e-11	0.13004606098311	0.084	0.133	2.59160679351012e-07	c22	RPS6KA3
1.31749244616358e-11	1.28439672683332	0.06	0.037	2.60731755095772e-07	c22	AKAP7
1.39967996213075e-11	0.112215818771993	0.062	0.105	2.76996664505675e-07	c22	SLC52A2
1.46455539232305e-11	1.11756623515025	0.095	0.067	2.89835512140732e-07	c22	DYRK2
1.49373760803971e-11	0.15501787150009	0.126	0.19	2.95610672631058e-07	c22	UHMK1
1.58076366731167e-11	1.77731668580092	0.024	0.011	3.12833129760979e-07	c22	GAS7
1.89339981321807e-11	0.158893334916282	0.118	0.179	3.74703823035855e-07	c22	TMEM43
1.91031692425632e-11	0.131449551427747	0.215	0.31	3.78051719310325e-07	c22	TMEM14B
1.97535718851366e-11	0.132666676747409	0.096	0.15	3.90923187606854e-07	c22	PPM1B
2.02207844447293e-11	0.116788735081974	0.182	0.265	4.00169324161193e-07	c22	MAF1
2.19155469769235e-11	0.1409205414406	0.12	0.182	4.33708674673316e-07	c22	THOC7
2.43489692145543e-11	0.146612857434804	0.171	0.25	4.81866100756029e-07	c22	MESD
2.57883026852954e-11	0.906708259804171	0.207	0.181	5.10350510141996e-07	c22	NT5C
2.70126818439845e-11	0.169305204047465	0.155	0.228	5.34580973692454e-07	c22	GDI1
2.72814156448531e-11	0.112538529344684	0.074	0.12	5.39899215611644e-07	c22	EEF1E1
2.80867879989311e-11	1.35939794473231	0.057	0.035	5.55837534498846e-07	c22	ANKAR
3.0749687683168e-11	0.116356967385336	0.088	0.139	6.08536319249894e-07	c22	VTA1
3.30404825661213e-11	0.112620656743662	0.102	0.156	6.5387114998354e-07	c22	SNAP23
3.35572984074177e-11	0.118205079511289	0.219	0.314	6.64098935482797e-07	c22	ACAP2
3.36104708319933e-11	0.532798476780475	0.454	0.497	6.65151217765147e-07	c22	ACAP1
3.37551268662608e-11	0.118029782901302	0.175	0.255	6.68013960683301e-07	c22	PCMT1
3.78183278537861e-11	0.184322676042476	0.108	0.164	7.48424708226427e-07	c22	YIPF4
3.79774652305183e-11	0.126136987431469	0.062	0.104	7.51574036911957e-07	c22	GFER
3.86734526935168e-11	0.108197968296928	0.085	0.134	7.65347628804697e-07	c22	NPEPPS
3.92418347969289e-11	0.121774297136477	0.282	0.399	7.76595910631223e-07	c22	CDC42SE2
3.9768199594921e-11	0.109471502697423	0.104	0.159	7.87012669983486e-07	c22	MICU2
4.35934445517923e-11	0.128908072022762	0.141	0.209	8.6271426767997e-07	c22	CHMP4A
4.42238240395375e-11	0.108850842398017	0.104	0.158	8.75189477742447e-07	c22	TRIM38
4.42828646596433e-11	0.179875757334237	0.098	0.152	8.76357891614342e-07	c22	RPS6KB2
4.49959977261761e-11	0.145448643660417	0.127	0.189	8.90470795001024e-07	c22	SRP72
4.53288901016957e-11	0.137848156233286	0.095	0.148	8.97058735112558e-07	c22	NUBP2
5.00684984832673e-11	0.115083397661256	0.093	0.144	9.90855584983861e-07	c22	CDK11B
5.02163671326945e-11	0.141178174996436	0.123	0.184	9.93781905556024e-07	c22	BRD7
5.17658385946198e-11	0.347705787537879	0.56	0.624	1.02444594578752e-06	c22	SON
5.53651764224655e-11	0.163473717698193	0.11	0.167	1.09567684140059e-06	c22	CCPG1
5.98706426199159e-11	1.00905838290354	0.077	0.052	1.18484001744814e-06	c22	SPON2
6.02454308996156e-11	0.154126140427059	0.128	0.191	1.19225707750339e-06	c22	DDRGK1
6.9464891324553e-11	0.114217947332022	0.079	0.125	1.3747101993129e-06	c22	C1orf122
7.26662306823902e-11	0.150694053988925	0.075	0.12	1.4380647052045e-06	c22	ZNF511
7.79298859052512e-11	0.165336216171402	0.09	0.139	1.54223244206492e-06	c22	MPLKIP
7.80235256070857e-11	0.118294909509018	0.106	0.16	1.54408557176423e-06	c22	USP4
8.01657240161168e-11	0.14582505028998	0.11	0.166	1.58647967827895e-06	c22	SRPK1
8.56564732450194e-11	0.180817197085485	0.125	0.186	1.69514160551893e-06	c22	RBM33
9.38234524525876e-11	0.175226936542733	0.154	0.226	1.85676612403671e-06	c22	SELENOS
9.42069400077864e-11	0.119861481374678	0.057	0.096	1.86435534275409e-06	c22	NOA1
9.71477724326336e-11	0.116612853690919	0.122	0.181	1.92255441644182e-06	c22	ZC3H13
9.72183950113793e-11	0.817597828952298	0.22	0.195	1.9239520372752e-06	c22	HLA-DMA
9.84864055853142e-11	0.183316722268429	0.156	0.228	1.94904596653337e-06	c22	UFM1
1.11940347926084e-10	2.06870727617021	0.01	0.003	2.2152994854572e-06	c22	AGAP1
1.28857818584018e-10	0.159397032874267	0.093	0.144	2.55009622977771e-06	c22	ZDHHC12
1.3661869898413e-10	0.148991357833011	0.167	0.242	2.70368405289594e-06	c22	NENF
1.36926692699988e-10	0.126461392134812	0.11	0.165	2.70977924853277e-06	c22	LSM10
1.44858040572123e-10	0.518949171260447	0.41	0.434	2.86674062292232e-06	c22	DAD1
1.49902799564109e-10	0.133874252632101	0.091	0.141	2.96657640337371e-06	c22	UVRAG
1.49934753961385e-10	0.78857946838397	0.24	0.219	2.96720878089581e-06	c22	C19orf66
1.53532679987605e-10	0.149432484112997	0.081	0.128	3.0384117369547e-06	c22	CNDP2
1.58765136090697e-10	0.164818431576387	0.122	0.182	3.1419620432349e-06	c22	PIH1D1
1.60590247555336e-10	0.110215231666217	0.096	0.147	3.1780809991201e-06	c22	VPS26A
1.66264747219477e-10	0.164092962258019	0.076	0.12	3.29037934747346e-06	c22	KATNBL1
1.7620703910071e-10	0.164969902886886	0.135	0.2	3.48713730380304e-06	c22	ZNHIT3
1.81783603260357e-10	0.120301935957293	0.107	0.162	3.59749750852246e-06	c22	TUSC2
1.90460539622948e-10	0.111007605884547	0.102	0.154	3.76921407913815e-06	c22	C6orf89
2.00528567079637e-10	0.10176192756289	0.083	0.13	3.96846034250601e-06	c22	POLDIP3
2.11000873810032e-10	0.204373846764521	0.059	0.098	4.17570729270052e-06	c22	DMAP1
2.17115156961997e-10	0.155429023965388	0.121	0.18	4.29670895627792e-06	c22	DENR
2.19459697562841e-10	0.153225091269034	0.088	0.136	4.34310741476863e-06	c22	NUDCD2
2.22223276332625e-10	0.175303980478893	0.119	0.177	4.39779863862265e-06	c22	ERVK3-1
2.36847767211315e-10	0.14031415584726	0.134	0.197	4.68721731311192e-06	c22	EPRS
2.48730825620956e-10	0.205667403205044	0.128	0.189	4.92238303903872e-06	c22	ETNK1
2.53378940203655e-10	2.11289691246962	0.013	0.005	5.01436922663032e-06	c22	GCNT2
2.70754540463797e-10	0.111852212510719	0.167	0.24	5.35823235577854e-06	c22	SFT2D1
2.71212026055358e-10	0.174700770231747	0.142	0.207	5.36728599563553e-06	c22	MPG
2.88997392666861e-10	0.19744852755663	0.087	0.134	5.71925840087717e-06	c22	IDH3B
3.28319235993455e-10	0.106241115532162	0.226	0.319	6.49743768031048e-06	c22	PNRC2
3.37112062601229e-10	0.205806059897358	0.071	0.113	6.67144771887832e-06	c22	CRIPT
3.39265411807642e-10	0.145666582608804	0.118	0.174	6.71406249967324e-06	c22	PJA2
3.39656988283292e-10	0.149712968511529	0.176	0.253	6.72181179812635e-06	c22	TMBIM4
3.40885312512339e-10	0.133294276135109	0.113	0.168	6.74612033461919e-06	c22	AP1M1
3.53944990808977e-10	1.76731322505272	0.018	0.008	7.00457136810965e-06	c22	MMP23B
3.5605901369507e-10	0.945002969371872	0.117	0.089	7.04640788102543e-06	c22	SFMBT2
3.59048228178899e-10	0.106633997627479	0.064	0.103	7.10556443566041e-06	c22	ABHD16A
3.75879669384292e-10	0.133144588725989	0.094	0.144	7.43865865711514e-06	c22	TSTA3
3.78135775042361e-10	0.101999215334337	0.064	0.103	7.48330698808833e-06	c22	HMG20B
3.94046198000737e-10	0.189304124623074	0.195	0.279	7.7981742584346e-06	c22	SRSF4
4.09584885027448e-10	0.123069747886368	0.083	0.129	8.10568487469319e-06	c22	POLR2H
4.27220782200194e-10	0.131971441291355	0.142	0.208	8.45469927974183e-06	c22	NDUFAF8
4.2722739275673e-10	1.80040829985547	0.025	0.012	8.45483010265569e-06	c22	FGFBP2
4.35526179899844e-10	1.69344024257206	0.028	0.015	8.6190631002179e-06	c22	RAB27B
4.36287224086113e-10	0.167375291235674	0.118	0.175	8.63412416466419e-06	c22	SMARCE1
4.47689728761864e-10	0.156268522392878	0.196	0.279	8.8597797321973e-06	c22	SPCS3
4.50092800988475e-10	0.146811509447694	0.102	0.153	8.90733653156193e-06	c22	PCMTD1
4.51762065249676e-10	0.121486891270827	0.068	0.108	8.94037127129108e-06	c22	TAOK1
4.71902694901915e-10	0.141080417105539	0.079	0.123	9.3389543321089e-06	c22	TRPM7
4.81827229977158e-10	1.19773296992182	0.087	0.062	9.53536088124795e-06	c22	AGTPBP1
4.83874835211779e-10	0.183319805572357	0.119	0.177	9.57588298884111e-06	c22	IAH1
4.94537436337844e-10	0.173067976157263	0.076	0.119	9.78689586512592e-06	c22	DTX3L
5.17791921729039e-10	0.159380212712952	0.098	0.148	1.02471021310177e-05	c22	PEX16
5.22559129530924e-10	0.132042193823457	0.097	0.147	1.0341445173417e-05	c22	LONP2
5.26459411315672e-10	1.51346893777856	0.032	0.017	1.04186317499371e-05	c22	SLC14A1
5.5226014245053e-10	0.177427841918622	0.084	0.129	1.0929228219096e-05	c22	ZGPAT
5.54398414806939e-10	0.126147145024621	0.189	0.266	1.09715446290293e-05	c22	PHF3
5.697840091704e-10	0.103285027301731	0.208	0.293	1.12760255414822e-05	c22	TMC6
5.81194448674064e-10	0.116553736567521	0.086	0.132	1.15018381392597e-05	c22	EXOSC3
5.86117540129924e-10	0.105115485400244	0.077	0.119	1.15992661191712e-05	c22	SNX20
5.91058928841857e-10	0.182225755069695	0.069	0.11	1.16970562017803e-05	c22	RFXANK
5.97055551187082e-10	0.147593589025582	0.055	0.092	1.18157293579923e-05	c22	CRCP
6.34891694673429e-10	0.140583236429763	0.061	0.099	1.25645066375872e-05	c22	STX12
6.84394091802535e-10	0.112834961895458	0.099	0.148	1.35441590767722e-05	c22	ZNF430
7.51656497832059e-10	0.181251676607985	0.075	0.118	1.48752820920964e-05	c22	ATPAF1
7.81528102102265e-10	0.196676087685653	0.097	0.146	1.54664411406038e-05	c22	BORCS7
8.03086047919229e-10	0.104252139995022	0.097	0.146	1.58930728883215e-05	c22	GPBP1L1
8.33018461201436e-10	0.180865441641819	0.082	0.126	1.64854353471764e-05	c22	BAG6
8.38207052297209e-10	0.153563828500417	0.082	0.127	1.65881175649618e-05	c22	FASTK
8.38999237968263e-10	0.209776408665429	0.119	0.176	1.66037949193919e-05	c22	ELOVL1
8.46473891720165e-10	0.140538755699501	0.057	0.094	1.67517183171421e-05	c22	HTRA2
8.59352730769397e-10	0.148373516955494	0.133	0.194	1.70065905419264e-05	c22	NDUFC2
8.65889039976676e-10	0.111903955208925	0.107	0.159	1.71359441011384e-05	c22	MTERF4
8.81590341158215e-10	0.229575141498228	0.088	0.135	1.74466728515211e-05	c22	COA6
8.8486862778985e-10	0.694185421506282	0.274	0.259	1.75115501439611e-05	c22	ZBTB38
9.81940586747661e-10	0.203243383734943	0.099	0.148	1.94326042117362e-05	c22	TRIP12
1.01110518928042e-09	0.155589437982983	0.07	0.11	2.00097716958595e-05	c22	CDC27
1.02134907558521e-09	0.188962010406296	0.121	0.177	2.02124982058313e-05	c22	NUDT16L1
1.03422364314516e-09	0.158049298840161	0.123	0.179	2.04672858978427e-05	c22	KMT2C
1.04356767505636e-09	0.141729085258099	0.177	0.254	2.06522042893654e-05	c22	PSMD4
1.0511914421121e-09	0.128478930528569	0.164	0.233	2.08030786393984e-05	c22	NDUFC1
1.06905464959775e-09	0.129445177098807	0.146	0.209	2.11565915155395e-05	c22	ZNF638
1.1107527916676e-09	0.118455333664807	0.073	0.114	2.19817977471018e-05	c22	MFSD11
1.11819839189875e-09	0.189025533434954	0.11	0.163	2.21291461756764e-05	c22	GPS1
1.12084987903076e-09	0.130531252109941	0.068	0.108	2.21816191060187e-05	c22	AGPAT2
1.12527491803648e-09	0.135238010511503	0.148	0.212	2.2269190627942e-05	c22	PPP1R7
1.12973290442249e-09	0.200779373197828	0.11	0.163	2.2357414178521e-05	c22	LARP7
1.13732968859704e-09	0.215086410995904	0.126	0.186	2.25077545373353e-05	c22	NDUFS2
1.21470282310464e-09	0.13266283722679	0.076	0.118	2.40389688692409e-05	c22	TIMMDC1
1.22185252519479e-09	0.182180479413068	0.15	0.215	2.4180461473605e-05	c22	CD46
1.24580224751594e-09	0.210043429210853	0.099	0.148	2.46544264783404e-05	c22	ACTR10
1.33771544582473e-09	0.116130166157434	0.05	0.084	2.64733886728715e-05	c22	MED16
1.40349358554005e-09	0.144320526919272	0.117	0.172	2.77751380578376e-05	c22	SCNM1
1.41420537871905e-09	0.154113458254858	0.149	0.214	2.79871244448499e-05	c22	OGFR
1.45459791112149e-09	1.02894295801539	0.106	0.081	2.87864926610942e-05	c22	ZNF493
1.48089463631095e-09	0.142742025231833	0.112	0.165	2.93069048525937e-05	c22	SEC61A1
1.48483050115681e-09	0.208918583115795	0.096	0.144	2.93847956178932e-05	c22	DPF2
1.59876876540582e-09	0.135924602180395	0.056	0.092	3.16396338673812e-05	c22	MRPL48
1.60238533743691e-09	0.12882255600664	0.108	0.16	3.17112058278764e-05	c22	CENPX
1.64280934109725e-09	0.17547180969603	0.206	0.291	3.25111968603145e-05	c22	NDUFA2
1.67147425978283e-09	0.101873980785962	0.069	0.108	3.30784756011022e-05	c22	FAM136A
1.68440139272931e-09	0.161702770558414	0.172	0.245	3.3334303562113e-05	c22	GOLGA7
1.68500119131315e-09	0.114211547788557	0.056	0.092	3.33461735760872e-05	c22	USB1
1.69000122456686e-09	0.164601983188257	0.182	0.257	3.34451242341783e-05	c22	EIF5B
1.78625121825996e-09	0.155444623272207	0.111	0.163	3.53499116093646e-05	c22	CDS2
1.79697033774695e-09	0.198681254324861	0.076	0.117	3.55620429840122e-05	c22	SNAP29
1.85850786634016e-09	0.13116202860924	0.206	0.288	3.67798706748717e-05	c22	PCM1
1.93686341452934e-09	1.76156460177834	0.023	0.012	3.83305269735356e-05	c22	ZCCHC18
2.02611512436315e-09	0.380389394733181	0.508	0.557	4.00968183111467e-05	c22	GMFG
2.02715322172677e-09	0.161223959880288	0.059	0.095	4.01173622579728e-05	c22	NDUFS1
2.05140797833051e-09	0.156747671915132	0.125	0.182	4.05973638911608e-05	c22	FDPS
2.11011501925809e-09	0.107840380891222	0.057	0.092	4.17591762311175e-05	c22	DOCK11
2.12679591364705e-09	0.22031120499742	0.108	0.16	4.2089291131075e-05	c22	NDUFA9
2.18083700612516e-09	0.206435652517743	0.084	0.129	4.31587643512169e-05	c22	MRPL42
2.20969127659247e-09	0.1235105793289	0.227	0.316	4.3729790363765e-05	c22	RASSF5
2.22901414230193e-09	1.79712938479343	0.026	0.013	4.41121898761552e-05	c22	SLC16A13
2.23088812058824e-09	0.142829894365842	0.078	0.119	4.41492759064412e-05	c22	BRD9
2.23538006589903e-09	0.106486147628919	0.058	0.094	4.42381715041418e-05	c22	AC118549.1
2.23846616963625e-09	0.184156817452727	0.141	0.203	4.42992454971014e-05	c22	CDC26
2.24330130611416e-09	0.122938157136019	0.079	0.121	4.43949328479991e-05	c22	YY1AP1
2.30192056183013e-09	0.177809810443855	0.084	0.128	4.55550079186183e-05	c22	MAD2L2
2.33436331506071e-09	0.137279346931361	0.177	0.249	4.61970500050514e-05	c22	LSM2
2.34587368523113e-09	0.145613439659986	0.077	0.118	4.6424840230724e-05	c22	PTPRJ
2.64641853717801e-09	0.159802406429443	0.071	0.111	5.23726228507529e-05	c22	ZNF524
2.77343616339845e-09	0.161797773828756	0.228	0.318	5.48863016736553e-05	c22	DDX18
2.80948578166212e-09	0.178604851655699	0.076	0.117	5.55997236190934e-05	c22	DUSP23
2.91280837697027e-09	0.142985305033987	0.079	0.121	5.76444777802417e-05	c22	RNF34
3.04063918502764e-09	0.10399782829588	0.062	0.099	6.0174249471697e-05	c22	TP53RK
3.11109837175885e-09	1.04454909944178	0.111	0.085	6.15686367771077e-05	c22	ADA2
3.11818832085815e-09	0.152635090993801	0.051	0.085	6.17089468697828e-05	c22	MRPS9
3.14062295021433e-09	0.117450270201942	0.256	0.351	6.21529281847416e-05	c22	SELPLG
3.19519142476629e-09	0.340662801981632	0.516	0.577	6.3232838296125e-05	c22	COX6B1
3.23598284605586e-09	0.229484578860477	0.087	0.131	6.40401005234455e-05	c22	STX10
3.34934564163954e-09	0.144272403850059	0.134	0.192	6.62835502480465e-05	c22	RNF126
3.42816551630904e-09	0.18865363617501	0.092	0.138	6.78433955677559e-05	c22	NOC2L
3.43602810761783e-09	0.146266951718544	0.136	0.195	6.79989962497569e-05	c22	CPNE1
3.52127560297217e-09	0.147968177917294	0.078	0.119	6.96860441828193e-05	c22	NAA60
3.68557502215887e-09	0.127953173676202	0.193	0.268	7.2937529688524e-05	c22	BPTF
3.7865267818864e-09	0.176417337550708	0.112	0.164	7.49353650135319e-05	c22	AAMP
3.79414943019307e-09	0.122442553220142	0.063	0.1	7.50862172235209e-05	c22	DUSP12
3.99300974923485e-09	0.13252246133133	0.046	0.077	7.90216629373576e-05	c22	MAP4K4
4.25453988150655e-09	0.121357289763737	0.074	0.114	8.41973442550147e-05	c22	NAE1
4.32714714407756e-09	0.119798122003538	0.216	0.301	8.56342419812949e-05	c22	TAF7
4.34197221420339e-09	0.134042891777659	0.058	0.093	8.59276301190851e-05	c22	GLB1
4.38918652550854e-09	0.20890443428752	0.093	0.139	8.68620013398139e-05	c22	ACAA1
4.43294976418309e-09	0.200875426022741	0.143	0.204	8.77280758331834e-05	c22	RALBP1
4.54998335363772e-09	0.140050921178729	0.063	0.1	9.00441705684905e-05	c22	AKT2
4.59703976048088e-09	0.221722879262631	0.114	0.166	9.09754168599165e-05	c22	YIF1A
4.84790111669865e-09	0.230153434956105	0.078	0.119	9.59399630994662e-05	c22	MRPS11
4.95845554582103e-09	0.107893792149628	0.066	0.103	9.81278352517982e-05	c22	ZFAND1
5.05392234190286e-09	0.128476249899481	0.067	0.104	0.000100017123146258	c22	ALG3
5.16567701884149e-09	0.271170158591776	0.118	0.172	0.000102228748202873	c22	DOCK2
5.18202948034556e-09	1.69440940525303	0.022	0.011	0.000102552363416039	c22	DGKQ
5.26670894393806e-09	0.119363921969395	0.12	0.172	0.000104228170000534	c22	INPP5D
5.34078018078306e-09	0.212344730678458	0.167	0.237	0.000105694039777697	c22	CHMP2A
5.34584814187195e-09	0.139953091349977	0.088	0.131	0.000105794334727646	c22	NGLY1
5.37765563990521e-09	0.168711099429961	0.172	0.243	0.000106423805113724	c22	TMED5
5.51673783590093e-09	0.15276144641401	0.061	0.096	0.000109176241772479	c22	ARMC1
5.55833836711082e-09	0.163549330681349	0.083	0.125	0.000109999516285123	c22	PLPBP
5.6401435460578e-09	0.13155606962982	0.051	0.083	0.000111618440776484	c22	ATXN2
5.71355096971766e-09	0.164781965181042	0.103	0.151	0.000113071173690712	c22	RECQL
5.72528478814869e-09	0.144637834842958	0.081	0.122	0.000113303385957463	c22	NPAT
5.86312434319818e-09	0.186862274483087	0.101	0.148	0.000116031230751892	c22	YARS
5.910001540591e-09	0.122112971188557	0.233	0.324	0.000116958930488296	c22	GPI
5.91936122352914e-09	0.115007323235879	0.073	0.112	0.000117144158613642	c22	HGS
6.00850352452813e-09	0.187217822288329	0.097	0.144	0.000118908284750412	c22	CREB1
6.32102810571716e-09	0.784766472920651	0.227	0.211	0.000125093146212143	c22	TMEM109
6.35799214440454e-09	0.105990658073311	0.054	0.088	0.000125824664537766	c22	AP1B1
6.56316817137122e-09	0.128351394346237	0.301	0.418	0.000129885098111436	c22	TBCA
6.68615892720306e-09	0.218633991200098	0.212	0.298	0.000132319085169349	c22	CBX3
6.71060370827745e-09	0.120076247327867	0.268	0.365	0.000132802847386811	c22	FLNA
6.75085495584833e-09	0.748370809031029	0.218	0.199	0.000133599419576238	c22	DGKZ
6.99956474476797e-09	0.19211411426402	0.094	0.139	0.000138521386298958	c22	SREK1IP1
7.10411882601115e-09	0.134737545546689	0.136	0.194	0.000140590511566761	c22	DCTN2
7.17065492480767e-09	1.29406125565936	0.043	0.026	0.000141907260961944	c22	KLRK1
7.19917208760312e-09	0.123656293707418	0.062	0.098	0.000142471615613666	c22	VPS25
7.24325048883134e-09	0.151462951766227	0.068	0.105	0.000143343927173972	c22	CCDC137
7.60412171486774e-09	0.15050548712697	0.249	0.346	0.000150485568737233	c22	CDC42SE1
7.92497009100706e-09	0.148217739268698	0.077	0.117	0.00015683515810103	c22	FPGS
7.96820826718566e-09	0.140390004765986	0.136	0.193	0.000157690841607604	c22	LYSMD2
8.10467463461313e-09	0.115258304827858	0.239	0.332	0.000160391511018994	c22	RPN1
8.14615714709705e-09	0.127005026230065	0.142	0.202	0.000161212449941051	c22	FUNDC2
8.1641526808126e-09	0.14245595328289	0.086	0.128	0.000161568581553281	c22	AZI2
8.40753310976194e-09	0.155058346056862	0.166	0.232	0.000166385080242189	c22	SNRNP200
8.64154624575309e-09	0.158828722945357	0.261	0.359	0.000171016200203454	c22	ATRX
8.79845233567337e-09	0.152998316960636	0.066	0.102	0.000174121371722976	c22	NUMB
9.00075848536165e-09	0.202001707155788	0.063	0.098	0.000178125010425307	c22	DPM2
9.28100491408462e-09	0.109969547098512	0.048	0.08	0.000183671087249735	c22	MDP1
9.32687542954053e-09	0.159328910725729	0.196	0.273	0.000184578864750607	c22	ANP32A
9.39993389092404e-09	0.232711279423925	0.07	0.108	0.000186024691701387	c22	ACADM
9.62998884914025e-09	0.144024700876393	0.09	0.133	0.000190577479324486	c22	GPS2
9.70732270020709e-09	0.158242881120614	0.062	0.097	0.000192107916237098	c22	UBXN2A
9.84242878995505e-09	0.169626773798224	0.076	0.116	0.00019478166575321	c22	NOL8
9.88585913702347e-09	0.119155050029858	0.057	0.091	0.000195641152321694	c22	PCYT1A
9.96787237744177e-09	0.144114157559055	0.248	0.348	0.000197264194349573	c22	NDUFS7
1.03992265944091e-08	0.16706644595465	0.043	0.073	0.000205800694303356	c22	CPSF2
1.04346319213101e-08	0.15870242295544	0.06	0.095	0.000206501365722726	c22	SVBP
1.05314821159083e-08	0.213220283570405	0.063	0.099	0.000208418031073826	c22	DMAC1
1.05364188031721e-08	0.137126485898781	0.06	0.095	0.000208515728114776	c22	NOL12
1.05650677922017e-08	0.146256975243938	0.081	0.121	0.000209082691607671	c22	INTS10
1.05939329137869e-08	0.106155829608244	0.061	0.096	0.000209653932363843	c22	KATNA1
1.07071859227463e-08	0.17799431578947	0.049	0.081	0.00021189520941115	c22	ARMCX6
1.07507692054514e-08	0.193201115920615	0.146	0.206	0.000212757722575883	c22	FRYL
1.08606705757131e-08	0.125986609366034	0.053	0.086	0.000214932670693363	c22	FBXO28
1.08624082463784e-08	0.102251183855648	0.057	0.09	0.000214967059195828	c22	COIL
1.1134831598e-08	0.103022268946413	0.099	0.144	0.000220358317324419	c22	RASA3
1.12213656781195e-08	0.156569143354018	0.073	0.111	0.000222070826769985	c22	AP1G1
1.13148806045439e-08	0.322396081042294	0.549	0.62	0.000223921487163925	c22	UBL5
1.13915700669042e-08	0.134324097797194	0.075	0.114	0.000225439171624034	c22	CACUL1
1.17587348586393e-08	0.299616220727081	0.59	0.672	0.000232705362852472	c22	SSR4
1.18455286041543e-08	1.24982509001907	0.051	0.033	0.000234423011076213	c22	MRI1
1.20792268251043e-08	0.190860475628905	0.128	0.184	0.000239047898868815	c22	SNRPA1
1.20894978446576e-08	0.122860990725079	0.047	0.078	0.000239251162345773	c22	C2orf49
1.22342719247484e-08	0.120458194417785	0.053	0.086	0.000242116241390772	c22	RNFT1
1.22385090698468e-08	1.26931502183643	0.044	0.027	0.000242200094492268	c22	SLC25A42
1.24624288353953e-08	0.200017768403986	0.106	0.154	0.000246631466652472	c22	ECHDC1
1.300812581949e-08	0.154773436038627	0.108	0.156	0.000257430809967707	c22	GSK3B
1.35496502423646e-08	0.788326518173135	0.232	0.216	0.000268147578296395	c22	OGT
1.39258552427503e-08	1.33667627605584	0.037	0.022	0.000275592675254027	c22	TSPOAP1
1.42772468970005e-08	0.115327928085173	0.045	0.075	0.000282546716091641	c22	MUM1
1.43614110928756e-08	0.133296141100575	0.211	0.288	0.000284212325528009	c22	ATP2B4
1.45201795436549e-08	1.26471252488276	0.068	0.048	0.00028735435316893	c22	APOBEC3D
1.45416925893183e-08	0.198371208332882	0.118	0.171	0.00028778009634261	c22	SMIM19
1.47713120007553e-08	0.165907685836165	0.08	0.121	0.000292324264494947	c22	MPV17
1.4806301696297e-08	0.186724224422503	0.196	0.275	0.000293016710569718	c22	RNF181
1.52811108370453e-08	0.124626337251835	0.111	0.16	0.000302413183465126	c22	MAD1L1
1.54344584097824e-08	0.11303001820505	0.047	0.077	0.000305447931929595	c22	AKAP11
1.62230670074805e-08	0.157641363576142	0.195	0.268	0.000321054496078038	c22	SMARCA2
1.64252679746444e-08	0.118370166283299	0.077	0.116	0.000325056053218212	c22	TESC
1.6670668622294e-08	0.115837895658876	0.276	0.378	0.000329912532035198	c22	RHOF
1.67787937307782e-08	0.112850490309513	0.078	0.117	0.000332052327932101	c22	ZNF830
1.68109099874248e-08	0.161316056453908	0.083	0.123	0.000332687908651136	c22	TPGS2
1.71790964152481e-08	1.30001493463445	0.073	0.052	0.00033997431805776	c22	SH2D3C
1.72435772713054e-08	1.37051572676722	0.021	0.01	0.000341250394199133	c22	HBA1
1.74597317326855e-08	0.202842194285118	0.182	0.254	0.000345528090989846	c22	SNRNP70
1.7503747183419e-08	0.165783053511423	0.115	0.165	0.000346399156759862	c22	SIRT7
1.80229935995146e-08	0.149222767237963	0.825	0.884	0.000356675043334395	c22	PTPRC
1.81775082788762e-08	0.170290747581206	0.068	0.105	0.00035973288883896	c22	RMC1
1.85343257775335e-08	0.174828428275083	0.11	0.158	0.000366794307137388	c22	GOPC
1.87252035564256e-08	0.130318232886441	0.068	0.105	0.000370571778381663	c22	ECD
1.90282209254976e-08	0.167388437046831	0.098	0.143	0.000376568492115597	c22	TBC1D1
1.95000769747925e-08	0.103691655186218	0.065	0.1	0.000385906523331144	c22	NDUFAF4
1.950239578561e-08	0.168830460528561	0.135	0.191	0.000385952412597221	c22	NDUFB1
1.96039667652764e-08	0.16027823049656	0.103	0.15	0.00038796250228482	c22	SVIP
1.96966585181454e-08	0.179681896728436	0.113	0.162	0.000389796872074097	c22	TM9SF3
1.99254860170183e-08	0.104203574330333	0.047	0.077	0.000394325368276793	c22	MFSD6
2.03435506237762e-08	0.500772122296543	0.348	0.347	0.000402598866844531	c22	FCMR
2.04812220490732e-08	0.18328270576748	0.108	0.156	0.000405323384351159	c22	ERCC5
2.06697756753396e-08	0.190228650272439	0.119	0.17	0.000409054860614971	c22	RBM6
2.07124938984124e-08	0.206497358763318	0.078	0.118	0.000409900254249581	c22	ZKSCAN1
2.07824068461264e-08	0.225471557354386	0.069	0.105	0.000411283831484842	c22	FAM120A
2.11683371567009e-08	0.127287979075236	0.05	0.081	0.000418921392331111	c22	CANT1
2.17546986473518e-08	0.184799716133301	0.172	0.24	0.000430525486231092	c22	ZNF800
2.19548381269455e-08	0.123438972696789	0.113	0.162	0.000434486246532251	c22	CHMP3
2.24017356160451e-08	0.16271663894886	0.185	0.256	0.000443330347841532	c22	PRPF8
2.25668220789341e-08	0.17236597254479	0.185	0.257	0.000446597408942105	c22	KDELR1
2.2569892696439e-08	0.266086874533686	0.081	0.121	0.000446658176462527	c22	YIF1B
2.31126392147803e-08	0.154219492219129	0.112	0.161	0.000457399130060501	c22	GOLGA8B
2.33241757899186e-08	0.191784445020625	0.043	0.072	0.00046158543888249	c22	ACAT1
2.34584389051987e-08	0.147507658986465	0.059	0.092	0.000464242505933882	c22	CAMK2D
2.346256043542e-08	1.997845731251	0.011	0.004	0.000464324071016962	c22	LDB2
2.36884986296542e-08	0.182965172179871	0.148	0.208	0.000468795387880857	c22	CNPPD1
2.40553908516954e-08	0.110353503712067	0.062	0.096	0.000476056184955053	c22	TBP
2.4377677088086e-08	0.191444885368564	0.091	0.133	0.000482434229573222	c22	NIP7
2.46033117335253e-08	0.1047854565579	0.058	0.091	0.000486899539206466	c22	ATP6V0A2
2.4900134761804e-08	0.211544075606979	0.063	0.098	0.0004927736669361	c22	DCTN5
2.51138006774183e-08	0.207444494658706	0.136	0.192	0.000497002115406107	c22	PDS5A
2.52373884058604e-08	0.194909081020904	0.178	0.249	0.000499447916551977	c22	COPS6
2.55115369630203e-08	0.191481673382573	0.204	0.285	0.000504873316498172	c22	TMCO1
2.55951694666204e-08	0.210248933217209	0.055	0.087	0.000506528403744418	c22	MRPL19
2.6615157324734e-08	0.20202089990798	0.088	0.131	0.000526713963456486	c22	ERG28
2.69871324721134e-08	0.213350100859808	0.129	0.183	0.000534075351623125	c22	ATP6AP1
2.77148107155665e-08	0.232444170134751	0.144	0.203	0.00054847610406106	c22	ARL5A
2.77165769937287e-08	0.144085941384878	0.067	0.102	0.000548511058705891	c22	UBAP2L
2.77353817721474e-08	0.100035520883039	0.041	0.069	0.000548883205270797	c22	CASP7
2.83629782445938e-08	1.48873657566345	0.024	0.013	0.00056130333946051	c22	TUBB4A
2.83768960065609e-08	0.179849135142477	0.055	0.087	0.000561578771969841	c22	IKBKE
2.88079227455062e-08	0.179790706719683	0.231	0.323	0.000570108791133567	c22	NDUFAF3
2.91867241798413e-08	0.208946858597158	0.073	0.11	0.00057760527151906	c22	NDUFB8
2.95459070445984e-08	0.145699436607797	0.13	0.185	0.000584713500412602	c22	TMBIM1
2.98052422261914e-08	0.163176233769939	0.178	0.248	0.000589845743656327	c22	SNX17
3.08160655610368e-08	0.166508836437328	0.08	0.119	0.000609849937452918	c22	TENT2
3.12231889801964e-08	0.149106473358251	0.089	0.13	0.000617906909918086	c22	CDK11A
3.19551296211466e-08	0.596918668452247	0.342	0.359	0.000632392015202491	c22	LAMTOR4
3.2673390487474e-08	0.192083606803925	0.053	0.085	0.000646606397747111	c22	LTV1
3.28943258029257e-08	0.105725682049674	0.074	0.111	0.0006509787076399	c22	SLC30A5
3.39220704251962e-08	0.157956106816795	0.206	0.283	0.000671317773714633	c22	ANKRD11
3.44093579753707e-08	0.117185032248029	0.089	0.13	0.000680961194332586	c22	SIRT2
3.4555550514799e-08	0.23076193770649	0.122	0.174	0.000683854344687873	c22	LYPLA2
3.62623921762904e-08	0.190766026708298	0.081	0.121	0.000717632741168787	c22	MRPS10
3.66292312375536e-08	0.203431102559743	0.11	0.158	0.000724892486191186	c22	RC3H1
3.7521020931501e-08	0.164124500354397	0.103	0.148	0.000742541004234404	c22	PPP6R3
3.77389328133202e-08	1.80862875120015	0.013	0.006	0.000746853480375606	c22	KLRF1
3.77594595734965e-08	0.194775824073432	0.113	0.162	0.000747259704959496	c22	TPP1
3.77876393401113e-08	0.229047750537552	0.115	0.164	0.000747817382540802	c22	SURF1
3.79039133877822e-08	0.520164159416119	0.364	0.379	0.00075011844594421	c22	SUN2
3.85528748468141e-08	0.159655081929117	0.08	0.118	0.000762961393218451	c22	EML2
3.86079259736702e-08	0.193803173397897	0.217	0.304	0.000764050855018934	c22	NDUFS8
3.8608225557495e-08	0.107986950921888	0.052	0.083	0.000764056783782827	c22	ABCB7
4.06734412273753e-08	0.152859700431549	0.048	0.077	0.000804927401889758	c22	TFDP2
4.18873878894965e-08	0.186430947337306	0.152	0.212	0.000828951406333136	c22	SH3BP1
4.36668485190413e-08	0.181265214698162	0.127	0.179	0.000864166932191828	c22	HAGH
4.42814773137346e-08	0.184352851924922	0.059	0.092	0.000876330436038808	c22	UBA6
4.45044894871258e-08	0.147211394712159	0.069	0.105	0.00088074384695022	c22	SLC6A6
4.4615698419834e-08	0.102347487918776	0.034	0.06	0.000882944671728515	c22	UTP14A
4.52371282306233e-08	0.110023942533056	0.254	0.345	0.000895242767684035	c22	RBMS1
4.53160002448527e-08	1.24027946414234	0.061	0.042	0.000896803644845635	c22	EPHA1
4.56880143283622e-08	0.212650718308672	0.11	0.158	0.000904165803558288	c22	CCDC90B
4.71997545918134e-08	0.191199136355787	0.092	0.134	0.000934083143371986	c22	COA3
4.7368201781333e-08	0.143063387895846	0.063	0.096	0.00093741671325258	c22	ERCC3
4.86440808714216e-08	0.220155374655105	0.063	0.097	0.000962666360445433	c22	TRIM21
5.02987495199665e-08	0.239044187924845	0.089	0.13	0.000995412253000138	c22	DCAF8
5.10367314171853e-08	0.137256194716218	0.099	0.142	0.0010100169147461	c22	NCOA3
5.29796737630834e-08	0.239560736581912	0.18	0.252	0.00104846774377142	c22	RBBP4
5.30876849025183e-08	0.161191388571135	0.143	0.199	0.00105060528422084	c22	SSH2
5.38155172991879e-08	0.145159400572535	0.112	0.16	0.00106500908735093	c22	SPOP
5.40620702145965e-08	0.165805937779917	0.039	0.065	0.00106988836954686	c22	NCAPD3
5.7225957059597e-08	0.243436643237269	0.085	0.125	0.00113250169020943	c22	FKBP3
5.95158839263204e-08	0.21741542294851	0.112	0.16	0.00117781934290188	c22	UPF3A
6.01558712796769e-08	0.164294651525997	0.069	0.104	0.00119048469262481	c22	C1orf131
6.02916363287046e-08	0.222748857496594	0.134	0.189	0.00119317148294506	c22	NPC2
6.2325273718269e-08	0.168174181370651	0.172	0.238	0.00123341716688454	c22	GGNBP2
6.26730157581019e-08	0.185547767711545	0.056	0.088	0.00124029898185284	c22	DHRS4
6.32516448532659e-08	0.187271321514569	0.065	0.099	0.00125175005164613	c22	DYNC1LI2
6.46488018442667e-08	0.107789368420398	0.08	0.118	0.00127939978849804	c22	IGF2R
6.79871182115378e-08	0.105461063863652	0.049	0.078	0.00134546506940633	c22	NDUFV3
7.18981308894676e-08	0.214656673245339	0.086	0.126	0.00142286401030256	c22	TMEM170A
7.28765188524933e-08	0.230389240455869	0.127	0.178	0.00144222630809084	c22	ORMDL3
7.31498272666616e-08	0.207950028190424	0.134	0.189	0.00144763508160723	c22	MRPL34
7.31902675657168e-08	0.171360576718662	0.226	0.312	0.00144843539512554	c22	MEAF6
7.39264818831999e-08	0.220653812354067	0.145	0.204	0.00146300507646853	c22	SAP30BP
7.41346825854068e-08	0.137517956939395	0.052	0.082	0.0014671253683652	c22	VAPB
7.745143695804e-08	1.54292528694736	0.028	0.016	0.00153276393739961	c22	CIITA
8.03399956269198e-08	0.165415849751049	0.061	0.094	0.00158992851345674	c22	NIPSNAP1
8.08098582298437e-08	0.213871860244325	0.089	0.13	0.00159922709436861	c22	IL12RB1
8.21736185053576e-08	0.147712503557671	0.062	0.094	0.00162621591022103	c22	C20orf27
8.29586361397726e-08	1.26811782050238	0.052	0.035	0.0016417514092061	c22	GIMAP8
8.34376854324461e-08	0.215344269677133	0.089	0.131	0.00165123179470811	c22	TAF12
8.46834161827091e-08	0.219005183968478	0.103	0.148	0.00167588480625581	c22	ABHD3
8.76501519576661e-08	0.169446549298327	0.1	0.142	0.00173459650724221	c22	TRMO
8.83183842063669e-08	0.143643294332202	0.055	0.086	0.001747820823444	c22	WDR46
8.8709721000282e-08	0.201624591671031	0.056	0.087	0.00175556537859558	c22	IARS2
8.97232586514293e-08	0.158974370009597	0.084	0.123	0.00177562328871179	c22	SRPRB
9.33246703639128e-08	0.21586669329593	0.083	0.121	0.00184689522650183	c22	NCOA2
9.35779766684581e-08	0.179964144408824	0.058	0.09	0.00185190815826879	c22	BRAP
9.37045670681316e-08	0.112833123416574	0.03	0.053	0.00185441338227832	c22	UBE2M
9.41680451607325e-08	0.192153439303109	0.098	0.14	0.0018635856137309	c22	ASCC2
9.46982061387071e-08	0.206165199297795	0.137	0.192	0.00187407749948501	c22	POLR2I
9.50137797904649e-08	0.194939337113875	0.172	0.239	0.0018803227020533	c22	MEA1
9.76324641325688e-08	0.238780238948292	0.071	0.106	0.00193214646518354	c22	GSS
1.007912998077e-07	0.171168437481233	0.076	0.113	0.00199465982319439	c22	BCAP29
1.01489214428816e-07	0.18580360279809	0.084	0.123	0.00200847155354626	c22	CUL5
1.03403559737393e-07	0.195683808834628	0.128	0.178	0.00204635644720301	c22	TCIRG1
1.03638343822517e-07	0.181403894444309	0.077	0.114	0.00205100282424762	c22	FBXW11
1.03726776879968e-07	0.144084477215839	0.065	0.098	0.00205275291445457	c22	FAM208B
1.03932376189737e-07	0.241181623789582	0.069	0.104	0.00205682172479489	c22	ANKRD39
1.03953006367446e-07	1.91052459059789	0.015	0.007	0.00205722999601177	c22	CX3CR1
1.05964238917887e-07	0.10681893871971	0.107	0.151	0.00209703228818499	c22	ABTB1
1.08882075108554e-07	0.144092375174896	0.04	0.066	0.00215477626639829	c22	VPS16
1.09111361335858e-07	0.942514580030264	0.158	0.137	0.00215931384083663	c22	NLRC5
1.0929221720211e-07	0.184654910928359	0.191	0.264	0.00216289297842975	c22	NDUFV1
1.09719861416733e-07	0.124578082820762	0.073	0.108	0.00217135605743714	c22	TMEM106C
1.09776939297663e-07	0.185164550017834	0.079	0.116	0.00217248562870075	c22	MPPE1
1.10521155066441e-07	0.125244317011366	0.073	0.109	0.00218721365876486	c22	SEC22B
1.11332536593416e-07	0.146288587268655	0.097	0.139	0.00220327089918371	c22	AKAP8L
1.12175711073498e-07	0.127281461335726	0.277	0.379	0.00221995732214453	c22	HP1BP3
1.12904036828076e-07	0.19529452351604	0.098	0.14	0.00223437088882762	c22	AKR7A2
1.16136286387162e-07	0.185835255247145	0.089	0.129	0.00229833710760193	c22	SEL1L
1.16503743799331e-07	1.27429038658392	0.034	0.021	0.00230560908978876	c22	CAPN12
1.16559260718542e-07	0.207314325278813	0.136	0.189	0.00230670776961994	c22	PRKCSH
1.19015517955735e-07	0.160243200851424	0.055	0.085	0.002355317100344	c22	IFT20
1.19594364145183e-07	0.141666286597704	0.129	0.18	0.00236677246643316	c22	CDK12
1.21956382109081e-07	0.246470132293011	0.112	0.159	0.00241351680193871	c22	PTRHD1
1.23460664929981e-07	0.171310169543115	0.158	0.217	0.00244328655896432	c22	SYTL1
1.24533013715544e-07	0.217091375102278	0.096	0.138	0.00246450834143061	c22	MAP2K4
1.25123427468263e-07	0.159744242941326	0.061	0.093	0.00247619262959692	c22	RP9
1.28349984631256e-07	0.188375106053628	0.152	0.21	0.00254004619585256	c22	GSDMD
1.30250281244398e-07	0.161024967505519	0.067	0.101	0.00257765306582664	c22	THAP1
1.40897478997937e-07	1.14606875667459	0.056	0.038	0.00278836110936917	c22	TTC38
1.43989702913628e-07	0.250765720710508	0.628	0.716	0.00284955622066069	c22	EIF3K
1.44486812743723e-07	0.181743804905698	0.081	0.119	0.00285939402419827	c22	FBRS
1.44823753841818e-07	0.177776731613415	0.2	0.276	0.00286606208852958	c22	POLR2J
1.44862176989011e-07	0.14105097799516	0.111	0.157	0.00286682248261253	c22	EFCAB14
1.4972925474006e-07	0.258877752463147	0.114	0.162	0.00296314195130578	c22	MGMT
1.51996563685792e-07	0.181223792646385	0.103	0.147	0.00300801199534183	c22	ATP6V1E1
1.55047621037257e-07	0.128301298710141	0.054	0.084	0.00306839242032731	c22	TMEM216
1.58046285320561e-07	0.226573688621673	0.124	0.175	0.0031277359864939	c22	SMARCC2
1.59516247268317e-07	0.158861695883456	0.065	0.098	0.00315682653343999	c22	MRPL2
1.59918481948058e-07	0.140419607505574	0.034	0.058	0.00316478675775207	c22	ARMT1
1.60649928572796e-07	0.194799953343014	0.08	0.117	0.00317926208645563	c22	PRKAG1
1.65734547393741e-07	0.140487692433972	0.059	0.09	0.00327988669292214	c22	OPA1
1.66876296426223e-07	0.200156872754994	0.047	0.075	0.00330248190627496	c22	NDUFA7
1.73012062039684e-07	1.28654079080124	0.071	0.052	0.00342390870776535	c22	SMARCD3
1.7380007496056e-07	0.108622866712557	0.084	0.121	0.00343950348346948	c22	CLSTN1
1.77208684594673e-07	0.123682353159389	0.042	0.068	0.00350695986812858	c22	CEP164
1.77316176915777e-07	0.228695663935581	0.121	0.17	0.00350908714116323	c22	CYB561D2
1.85547282287317e-07	0.197000917653431	0.135	0.188	0.003671980716466	c22	KCNAB2
1.88270509289829e-07	0.132278626899955	0.283	0.385	0.00372587337884572	c22	NSA2
1.94315756304402e-07	0.1167073716591	0.06	0.091	0.00384550881726411	c22	SHC1
1.99362977086403e-07	0.162983435843931	0.053	0.083	0.00394539331653992	c22	ACTL6A
2.00476074900893e-07	0.641548050142285	0.3	0.305	0.00396742152228868	c22	NDUFA3
2.00561055947996e-07	0.110627582483304	0.051	0.079	0.00396910329721084	c22	SMG5
2.04607025493106e-07	1.18490593164486	0.048	0.032	0.00404917303450856	c22	LPAR6
2.12488033106231e-07	0.174438497661089	0.063	0.095	0.00420513817517232	c22	POLG
2.13128215200466e-07	0.178268868017718	0.179	0.243	0.00421780737881723	c22	DNMT1
2.13229799574321e-07	0.229201096395605	0.155	0.216	0.00421981773357582	c22	LSM3
2.13853962480684e-07	0.194939121149256	0.187	0.253	0.00423216991749274	c22	ZNF292
2.17427631472234e-07	0.226709323131562	0.187	0.258	0.00430289282683551	c22	ACP1
2.20066663070551e-07	0.240115438919692	0.093	0.133	0.0043551192621662	c22	TRIP11
2.21348899947274e-07	0.179430465596311	0.161	0.221	0.00438049472995656	c22	TROVE2
2.22064318051974e-07	0.106873841921605	0.044	0.07	0.00439465285424857	c22	TBRG4
2.239372504036e-07	0.26942536566211	0.07	0.104	0.00443171818548724	c22	ADA
2.29409114076684e-07	0.268869623918683	0.074	0.109	0.00454000636757757	c22	DDX42
2.36291479374875e-07	0.103779331072672	0.282	0.38	0.00467620837682878	c22	PSAP
2.43571124351978e-07	0.103252177155114	0.042	0.067	0.00482027255092564	c22	AHCYL1
2.45826633060425e-07	0.216807313108453	0.131	0.182	0.00486490906826581	c22	FGD3
2.46128136928485e-07	0.209448905201675	0.092	0.132	0.00487087582981471	c22	CLPTM1
2.48464891472317e-07	0.124135383936745	0.066	0.099	0.00491712020223715	c22	SGTB
2.5226092667859e-07	0.218200625896609	0.076	0.111	0.0049922437389693	c22	FTSJ1
2.5631455432594e-07	0.19398110597257	0.21	0.288	0.00507246503011034	c22	NDUFB7
2.58595726290684e-07	0.179110901077876	0.077	0.112	0.00511760942329264	c22	EP400
2.63890502693147e-07	0.209009475181069	0.096	0.137	0.00522239304829738	c22	NUDT1
2.68133281804454e-07	0.108517259434184	0.047	0.074	0.00530635764691015	c22	CRTC2
2.68172012779226e-07	0.21955234350204	0.076	0.111	0.00530712413290089	c22	NUPL2
2.75815179811532e-07	0.128515488993887	0.242	0.329	0.00545838240847021	c22	SF3B5
2.7904029295082e-07	0.132994079806627	0.047	0.074	0.00552220739749673	c22	NCBP1
2.85090122333592e-07	0.146963900545575	0.065	0.097	0.00564193352098179	c22	APTX
2.85386438358726e-07	0.23477613570814	0.167	0.229	0.00564779761511918	c22	SSR1
2.86234539633082e-07	0.129768648394244	0.065	0.097	0.0056645815393387	c22	WASHC2A
2.92992167930483e-07	0.199707646705519	0.048	0.076	0.00579831500334426	c22	GON7
2.98940897848585e-07	0.849238838020857	0.146	0.125	0.0059160403684235	c22	KCNA3
3.01137514563209e-07	0.217534916259419	0.216	0.298	0.00595951141320591	c22	RPS19BP1
3.03921025470052e-07	0.217895187291982	0.048	0.076	0.00601459709405233	c22	EIF2B2
3.18771234198904e-07	0.166781356903926	0.053	0.081	0.00630848272479631	c22	DCAF10
3.21995706931032e-07	0.280233571532449	0.141	0.195	0.00637229504016513	c22	NAXE
3.2542394408228e-07	0.174424922180197	0.119	0.166	0.00644013985338833	c22	TMEM50B
3.26990642192505e-07	0.16271510256182	0.26	0.353	0.00647114480898967	c22	MINOS1
3.41226364687533e-07	0.144844896438894	0.262	0.352	0.00675286975716629	c22	ADAR
3.43627748121146e-07	0.146401887971381	0.059	0.089	0.00680039313531747	c22	ECHDC2
3.44853345948389e-07	0.234729902263178	0.095	0.135	0.00682464771631862	c22	PLCG1
3.5088625946168e-07	0.123243845915281	0.063	0.094	0.00694403907474665	c22	SPPL3
3.55666739578243e-07	0.201797039521013	0.158	0.215	0.00703864477625342	c22	BIRC6
3.6333816815466e-07	0.244229573811039	0.057	0.087	0.00719046234778073	c22	LZIC
3.70067203827627e-07	0.151379347251035	0.079	0.114	0.00732362996374874	c22	PREP
3.71998306414736e-07	0.119461721863328	0.032	0.054	0.00736184648394763	c22	TARBP2
3.81083414324631e-07	0.215110568742364	0.06	0.09	0.00754164076948445	c22	ELP6
3.95243534899528e-07	0.169723362218218	0.088	0.126	0.00782186955566167	c22	SEC63
3.99974679105555e-07	0.209296108346258	0.058	0.088	0.00791549889949893	c22	TAF6
4.08388587219862e-07	0.235422240282515	0.118	0.165	0.00808201014108106	c22	AIMP1
4.09811692899002e-07	0.162368938928493	0.059	0.089	0.00811017340247125	c22	ANO6
4.14172333295563e-07	0.171873673699341	0.038	0.062	0.00819647047591919	c22	SLC25A20
4.15074745579663e-07	0.253853787687864	0.156	0.215	0.00821432921502152	c22	SSBP4
4.17619678406851e-07	0.234170407439405	0.112	0.157	0.00826469343567157	c22	TTC1
4.21177008480564e-07	0.192715598308883	0.1	0.141	0.00833509299783036	c22	PIK3CD
4.24338041418326e-07	0.237162481733076	0.136	0.188	0.00839764983966866	c22	DCP2
4.26696506438482e-07	0.119869656089914	0.045	0.071	0.00844432386241756	c22	MNAT1
4.34656905912573e-07	0.101394141953315	0.038	0.062	0.00860186016800981	c22	PGGT1B
4.3662701819981e-07	0.223699326076033	0.127	0.176	0.00864084869017424	c22	ARRDC1
4.3935391998639e-07	0.175714376764388	0.088	0.126	0.00869481407653066	c22	CERS2
4.52275203933523e-07	0.19995030748594	0.147	0.201	0.00895052628584443	c22	PTPRA
4.58539349500077e-07	0.271504261588759	0.105	0.148	0.00907449372660652	c22	DNPEP
4.62015185288717e-07	1.07200750642126	0.079	0.06	0.0091432805168637	c22	WDR37
4.63517675676269e-07	0.145062051150927	0.09	0.127	0.00917301480163336	c22	HELB
4.64085946405297e-07	0.217519013096405	0.082	0.118	0.00918426087936083	c22	ARMC8
4.65598632487159e-07	0.243860352578979	0.062	0.093	0.00921419693692087	c22	MYCBP
4.68655032739208e-07	0.12846208048202	0.038	0.062	0.00927468309790893	c22	DTNB
4.70928978823314e-07	0.104377942050937	0.041	0.066	0.00931968449091339	c22	COG2
4.753409113404e-07	0.210607490930415	0.066	0.097	0.00940699663542651	c22	SOAT1
4.76536003908535e-07	0.204468393388314	0.14	0.192	0.0094306475173499	c22	HSD17B11
4.78616656970666e-07	0.147892077848033	0.045	0.071	0.00947182364144948	c22	EIF4E3
4.80548520747912e-07	0.208863334725898	0.063	0.094	0.00951005522560118	c22	CBWD5
4.88683645809925e-07	0.298644770137119	0.058	0.088	0.00967104935057841	c22	EFTUD2
4.91729701171685e-07	0.149610970627817	0.038	0.062	0.00973133078618764	c22	KIAA0586
5.02677310877541e-07	0.119603891834862	0.041	0.065	0.00994798398226653	c22	BRD8
5.0516042364464e-07	0.119892803079463	0.041	0.065	0.00999712478392742	c22	C16orf91
5.19549980257918e-07	0.229566096618158	0.096	0.136	0.0102818941093042	c22	NDE1
5.23220444060552e-07	0.244234758236916	0.108	0.152	0.0103545325879583	c22	PPIH
5.23248374120817e-07	0.136505761603105	0.048	0.074	0.010355085323851	c22	TLNRD1
5.26275559069257e-07	0.18340508591125	0.068	0.1	0.0104149933139806	c22	DYM
5.26854573734544e-07	0.134868295826183	0.037	0.06	0.0104264520142066	c22	AAAS
5.28256733030037e-07	0.208399419471335	0.108	0.15	0.0104542007466644	c22	USP33
5.32550170591241e-07	0.111929470369903	0.038	0.062	0.0105391678760007	c22	STYXL1
5.40587024719681e-07	0.875503781044315	0.137	0.116	0.0106982172192025	c22	ZNF862
5.44004936454651e-07	0.230172486303771	0.15	0.207	0.0107658576924375	c22	SDF2L1
5.48807309704437e-07	0.145794181519201	0.238	0.323	0.0108608966590508	c22	SRI
5.5788693755542e-07	0.157519080160059	0.264	0.359	0.0110405824942218	c22	SRP9
5.60401674053656e-07	0.179779673520938	0.243	0.332	0.0110903491295218	c22	SF3A2
5.66699837627149e-07	0.135651285056766	0.331	0.448	0.0112149897866413	c22	ARHGEF1
5.68370992233873e-07	0.164129577947277	0.041	0.066	0.0112480619363084	c22	EXOSC4
5.89633150323336e-07	0.226948589954203	0.122	0.169	0.0116688400448988	c22	ADD1
6.02669863260342e-07	0.129407450557938	0.07	0.102	0.0119268365939222	c22	LRCH4
6.04385179531221e-07	0.223363656371408	0.07	0.102	0.0119607827029229	c22	ARID2
6.06565631850499e-07	0.1499848618894	0.046	0.071	0.0120039338543214	c22	USP7
6.0918353418792e-07	0.229184005954897	0.078	0.113	0.0120557421415789	c22	KAT7
6.11436831648716e-07	1.15960217901845	0.055	0.039	0.0121003348983281	c22	ZNF429
6.14122237582097e-07	0.196292788255143	0.103	0.144	0.0121534790817497	c22	DHX29
6.14951921553903e-07	0.20235931360302	0.061	0.091	0.0121698985275517	c22	SPRTN
6.15058745235757e-07	0.22432646959592	0.116	0.161	0.0121720125682156	c22	MBD4
6.42497009190921e-07	0.196922177776387	0.063	0.094	0.0127150158118883	c22	BCKDHA
6.49363350947179e-07	0.194728193140907	0.056	0.085	0.0128509007152447	c22	TIMM22
6.61754695639917e-07	1.14015160501805	0.061	0.044	0.013096125426714	c22	ZNF841
6.68183268358342e-07	0.155484852598072	0.056	0.084	0.0132233468808116	c22	PARN
6.71700662222644e-07	0.187307758077796	0.067	0.099	0.0132929561053861	c22	ACLY
6.74645346536912e-07	0.838689699556914	0.185	0.168	0.0133512314079655	c22	PCSK7
6.76846956331601e-07	0.321473127342204	0.1	0.141	0.0133948012658024	c22	PABPN1
6.8007168551031e-07	0.232470844113722	0.073	0.106	0.013458618656249	c22	EIF2B5
7.09002873373624e-07	0.220723689463097	0.075	0.109	0.014031166864064	c22	FBXO9
7.17870621867507e-07	0.856359224162935	0.147	0.127	0.014206659606758	c22	PIP4K2A
7.19284376378629e-07	0.184482965704846	0.068	0.1	0.0142346378085331	c22	SMYD2
7.22543420091491e-07	0.211607823199841	0.17	0.231	0.0142991342836106	c22	ALKBH7
7.25660647823708e-07	0.201156645578384	0.055	0.083	0.0143608242204312	c22	ZNF580
7.26725478584511e-07	0.195042847107065	0.072	0.105	0.0143818972211875	c22	ELP5
7.37385023678857e-07	0.259600666892169	0.086	0.122	0.0145928496186046	c22	CCNT2
7.37532553716444e-07	0.282791041034791	0.091	0.129	0.0145957692380484	c22	HEXB
7.51231857251858e-07	0.191668161129869	0.24	0.326	0.0148668784550143	c22	SCAMP2
7.54140116686667e-07	0.252526871602157	0.136	0.187	0.0149244329092291	c22	NCKAP1L
7.69016564523615e-07	0.258479857937685	0.109	0.152	0.0152188378119223	c22	MAN1A2
7.71860716250025e-07	0.225242405642315	0.064	0.095	0.015275123574588	c22	PGP
7.83383607777119e-07	0.803043569411078	0.241	0.235	0.0155031615979092	c22	ARHGAP30
7.88104144613313e-07	0.114449096062312	0.044	0.069	0.0155965810218975	c22	HEATR1
7.91693273542871e-07	0.250332382823439	0.118	0.164	0.0156676098834134	c22	DCK
7.92701740517426e-07	0.22852823817101	0.115	0.16	0.0156875674448399	c22	BFAR
7.94580581906879e-07	0.204368178376688	0.087	0.123	0.0157247497159371	c22	TRAF5
8.22014333359203e-07	0.190087332010503	0.049	0.075	0.0162676636571786	c22	FUOM
8.22368082263519e-07	0.24905812676488	0.061	0.091	0.016274664347995	c22	PYROXD1
8.28589278271339e-07	1.70546832047311	0.016	0.008	0.0163977818169898	c22	SLC35G2
8.28687044239687e-07	0.214492947253682	0.175	0.237	0.0163997166055034	c22	HNRNPD
8.38769417366066e-07	0.107610647900803	0.033	0.055	0.0165992467696744	c22	GGA3
8.72587679488713e-07	0.229603833239593	0.163	0.223	0.0172685101770816	c22	COPZ1
8.73918450282012e-07	0.289663390962672	0.079	0.114	0.017294846131081	c22	C12orf10
8.7993180930216e-07	0.209847603675415	0.068	0.099	0.0174138505060898	c22	SART3
8.81088005878758e-07	0.12927394532541	0.042	0.066	0.0174367316363406	c22	AC091959.3
8.90652091154375e-07	0.19065528159526	0.073	0.106	0.0176260048839451	c22	TDP2
8.94641332152413e-07	0.303287393965849	0.102	0.143	0.0177049519632962	c22	TM2D1
8.95770397906624e-07	0.218048842316661	0.078	0.112	0.0177272961745721	c22	MCM3AP
9.10514482636469e-07	0.221734370304942	0.06	0.089	0.0180190816113757	c22	R3HCC1
9.18786197274542e-07	0.15428131449773	0.253	0.343	0.0181827788440632	c22	PHB2
9.21695449125474e-07	0.18717668751745	0.044	0.069	0.0182403529381931	c22	IKZF5
9.2476587945309e-07	0.362554323883386	0.077	0.111	0.0183011167543767	c22	COMMD4
9.26938789820232e-07	0.174981822501693	0.064	0.094	0.0183441186505424	c22	UBQLN2
9.31344281928647e-07	0.123400124392026	0.044	0.068	0.0184313033393679	c22	AMBRA1
9.41604576499899e-07	0.106822351962105	0.288	0.38	0.018634354568933	c22	CKLF
9.50573189692853e-07	0.105601467574372	0.044	0.069	0.0188118434240216	c22	ZNF143
9.69115690354738e-07	0.217855806311984	0.069	0.101	0.0191787995121203	c22	PRPF18
9.77299063436588e-07	0.120726934417558	0.041	0.065	0.0193407484654101	c22	ERCC6L2
1.00232743966622e-06	0.191976413597482	0.064	0.095	0.0198360600309944	c22	FADD
1.00792416815593e-06	0.212483976782909	0.055	0.082	0.0199468192878058	c22	UROD
1.0227670272322e-06	0.162098236920517	0.056	0.084	0.0202405594689252	c22	LARP1
1.0355379826224e-06	0.154740991633374	0.057	0.085	0.0204932966760973	c22	FLAD1
1.08230356049656e-06	0.135697579488517	0.056	0.084	0.0214187874622268	c22	EXOC1
1.11032382174626e-06	0.105365373905688	0.037	0.06	0.0219733084323585	c22	TEN1
1.12911217551844e-06	0.131030844264359	0.098	0.136	0.02234512995351	c22	IPCEF1
1.13069358625021e-06	0.147913759113299	0.036	0.059	0.0223764260718916	c22	DTX3
1.13382129633771e-06	0.173347924752195	0.133	0.181	0.0224383234545234	c22	SMS
1.15458769512413e-06	0.211438056709861	0.109	0.151	0.0228492904865065	c22	RRAGA
1.16157986299182e-06	0.224794131942412	0.052	0.079	0.0229876654886081	c22	EIPR1
1.17805496861676e-06	0.244677266374695	0.079	0.113	0.0233137078289256	c22	C15orf40
1.22658267454542e-06	0.129635595824832	0.053	0.08	0.0242740711292539	c22	COG3
1.23410183518597e-06	0.108227361224194	0.042	0.066	0.0244228753183303	c22	SCAMP4
1.23636156658881e-06	0.209091520107594	0.054	0.081	0.0244675954027925	c22	ZMAT5
1.23740136598734e-06	0.874277524377037	0.13	0.109	0.0244881730328894	c22	CYTH4
1.2411456291031e-06	0.189411747013506	0.062	0.091	0.0245622719999504	c22	PPIL3
1.24221804130297e-06	0.180386270843258	0.041	0.064	0.0245834950373859	c22	C11orf49
1.25694170966991e-06	0.283348098803439	0.124	0.171	0.0248748764343676	c22	RABL6
1.27633820583339e-06	0.281937704209006	0.162	0.221	0.0252587330934427	c22	RAB6A
1.29877648684392e-06	0.165662651928546	0.278	0.37	0.0257027866746412	c22	CD5
1.30796487392933e-06	0.18568685345395	0.055	0.082	0.0258846248550615	c22	RNPEP
1.31000327463031e-06	0.286651520691743	0.107	0.15	0.0259249648049337	c22	PPM1M
1.31590583466251e-06	0.270011313197017	0.115	0.159	0.0260417764679711	c22	GLTP
1.34849976103175e-06	0.305496624127767	0.103	0.143	0.0266868102708183	c22	RABEP1
1.35543090614017e-06	1.55627035849285	0.014	0.006	0.026823977632514	c22	HIST2H3D
1.36703154764e-06	0.255657280184051	0.063	0.093	0.0270535543277956	c22	RAD51C
1.37396878884548e-06	0.251500978887416	0.068	0.1	0.0271908423312521	c22	SCYL1
1.37653163138026e-06	0.197971434547899	0.056	0.084	0.0272415609850154	c22	CALU
1.41639059996045e-06	0.229312779854331	0.221	0.302	0.0280303699732172	c22	POLR2E
1.42175035898708e-06	0.119600853785972	0.051	0.078	0.0281364396043542	c22	PRPF39
1.42214595800109e-06	0.237182027054786	0.06	0.089	0.0281442685088416	c22	DYNC1I2
1.45097978017053e-06	0.152573625293973	0.062	0.091	0.0287148898495749	c22	ZNF688
1.46563609277522e-06	1.01812228215027	0.09	0.071	0.0290049382760215	c22	SIDT1
1.50135221089828e-06	0.196599387884751	0.069	0.1	0.0297117602536769	c22	MARK2
1.52734708792839e-06	0.146272141858125	0.036	0.058	0.0302261988701029	c22	ZNF264
1.53144233286727e-06	0.321555713815118	0.084	0.119	0.0303072437674433	c22	TMEM126B
1.53502718683608e-06	0.332166804061948	0.071	0.103	0.030378188027486	c22	NABP2
1.56590103885706e-06	0.20804862543206	0.057	0.084	0.0309891815589811	c22	EIF4EBP2
1.58435090664908e-06	0.190534427962262	0.03	0.051	0.0313543044425853	c22	METTL2A
1.6007773144304e-06	0.208771024763641	0.176	0.239	0.0316793830525775	c22	CLPP
1.6092456407579e-06	0.282576967629671	0.07	0.102	0.0318469712305988	c22	RPUSD3
1.66426192743927e-06	0.155273398967733	0.059	0.087	0.0329357435440231	c22	MAML1
1.66871271645549e-06	0.145012903902175	0.08	0.114	0.0330238246586542	c22	RFFL
1.71531416162196e-06	0.244791678207076	0.073	0.105	0.0339460672584985	c22	CCDC57
1.73726581325069e-06	0.181926495473552	0.037	0.06	0.0343804904442311	c22	XPOT
1.74271544368397e-06	0.221222508448009	0.09	0.127	0.0344883386305058	c22	CSNK2A1
1.75244622054101e-06	0.25684956803237	0.092	0.129	0.0346809107045065	c22	JAGN1
1.75585089931675e-06	0.22014164002249	0.05	0.075	0.0347482892974785	c22	SLC39A7
1.7604705126713e-06	0.253761993103196	0.099	0.138	0.034839711445765	c22	ATXN1
1.775992512465e-06	0.118895087809259	0.055	0.082	0.0351468918216823	c22	SPTLC2
1.77901454047268e-06	0.262548487991422	0.102	0.141	0.0352066977559544	c22	PCF11
1.78610760171003e-06	0.246821014023491	0.093	0.131	0.0353470694378414	c22	ZMYM5
1.82821623792469e-06	0.111894505516405	0.317	0.427	0.0361803993485296	c22	SEM1
1.86008660814957e-06	0.193622755123759	0.037	0.059	0.0368111139752799	c22	WDR13
1.90477243970148e-06	0.396595827630385	0.479	0.543	0.0376954465816923	c22	GPSM3
1.93328297858501e-06	0.123599122440461	0.041	0.065	0.0382596701461974	c22	MDN1
1.98272227627287e-06	0.167025911557995	0.068	0.098	0.0392380738474402	c22	MKKS
2.06808934629251e-06	0.203331346380642	0.105	0.145	0.0409274881631288	c22	MIA2
2.0976497280138e-06	0.133089343898753	0.068	0.098	0.041512488117393	c22	ZMYND11
2.11985874518081e-06	0.126655923336823	0.028	0.047	0.0419520045671282	c22	POLR3D
2.13828517529701e-06	1.24141114927499	0.016	0.008	0.0423166636191279	c22	TNK1
2.1548738592038e-06	0.247006321181105	0.045	0.069	0.0426449536736431	c22	RPRD1B
2.1934119544381e-06	0.148667860526136	0.043	0.066	0.0434076225783299	c22	RIOX1
2.25817406919148e-06	0.209472876047088	0.059	0.087	0.0446892648292995	c22	CASP8AP2
2.26196529357554e-06	0.250144904727002	0.104	0.144	0.0447642931598599	c22	DNAJC4
2.29099569887934e-06	0.277636348337482	0.115	0.159	0.0453388048808221	c22	ZFAND2B
2.31355494109161e-06	0.272897394091408	0.123	0.169	0.045785252284203	c22	PSENEN
2.34750390359652e-06	0.27479723909026	0.071	0.103	0.0464571022521751	c22	PTPMT1
2.38167076360183e-06	0.178320919379306	0.056	0.083	0.0471332644116803	c22	EMC2
2.40628034448004e-06	0.110816926626067	0.353	0.473	0.0476202880172599	c22	EIF4B
2.44572564324143e-06	0.243652184858282	0.195	0.261	0.0484009104797479	c22	PHIP
2.44594744000474e-06	0.164860240357192	0.045	0.069	0.0484052998376939	c22	SLC35A4
2.49000900648117e-06	0.128217542999584	0.3	0.398	0.0492772782382624	c22	EMB
2.50627342951059e-06	0.927495432199236	0.116	0.097	0.0495991511700146	c22	KLF12
2.51336128504225e-06	0.23623082152263	0.089	0.124	0.0497394198309862	c22	DDB2
2.51975471929375e-06	0.224836682258269	0.059	0.086	0.0498659458948234	c22	NCOR2
