p_val	avg_log2FC	pct.1	pct.2	p_val_adj	cluster	gene
0	3.02255353612292	0.852	0.23	0	c29	MX1
0	4.03173240891618	0.648	0.056	0	c29	RSAD2
0	4.07233125092313	0.643	0.051	0	c29	IFIT1
0	2.91328703982258	0.848	0.266	0	c29	IFI6
0	3.00397854753442	0.837	0.257	0	c29	OASL
0	3.12415097650036	0.753	0.176	0	c29	PLSCR1
0	4.07853770268465	0.608	0.051	0	c29	IFIT3
0	3.04411658169706	0.907	0.356	0	c29	ISG15
0	2.57530482367497	0.773	0.228	0	c29	XAF1
0	3.10511355036622	0.648	0.116	0	c29	OAS1
0	2.51066343039448	0.739	0.25	0	c29	IRF7
0	2.65520575101517	0.673	0.2	0	c29	IFI35
0	3.79276007698386	0.525	0.053	0	c29	CMPK2
0	4.15769887900178	0.518	0.046	0	c29	IFIT2
0	2.93887690644894	0.552	0.091	0	c29	IFI44L
0	2.30845153326524	0.674	0.213	0	c29	LAG3
0	2.72031547606486	0.614	0.162	0	c29	MX2
0	2.34589282956414	0.641	0.193	0	c29	EIF2AK2
0	1.41785871560532	0.872	0.43	0	c29	NKG7
0	2.57248562040392	0.591	0.151	0	c29	SAMD9L
0	1.84224504417469	0.779	0.346	0	c29	STAT1
0	1.9250530445467	0.782	0.374	0	c29	UBE2L6
0	2.43166466522923	0.589	0.183	0	c29	GBP1
0	1.86725248904382	0.68	0.282	0	c29	EPSTI1
0	1.91808472633586	0.75	0.357	0	c29	TRIM22
0	1.78978211441745	0.822	0.436	0	c29	BST2
0	2.57636326794681	0.504	0.12	0	c29	HERC5
0	1.78065136796482	0.731	0.348	0	c29	IFI16
0	1.51518845282275	0.752	0.376	0	c29	APOBEC3G
0	2.70714187445537	0.476	0.103	0	c29	OAS2
0	3.2917128963722	0.432	0.061	0	c29	USP18
0	2.21865217828226	0.526	0.162	0	c29	SAMD9
0	2.25461229961572	0.947	0.584	0	c29	LY6E
0	1.82329306841777	0.668	0.308	0	c29	SP110
0	3.08974150330409	0.427	0.072	0	c29	OAS3
0	3.47126983977334	0.432	0.078	0	c29	CD38
0	2.03725714479338	0.524	0.172	0	c29	CHST12
0	2.58297588893326	0.457	0.108	0	c29	DDX58
0	2.20047353203462	0.532	0.19	0	c29	TNFSF10
0	1.60485692852387	0.835	0.496	0	c29	DRAP1
0	2.15524392083512	0.933	0.595	0	c29	ISG20
0	1.94077226934557	0.888	0.552	0	c29	MT2A
0	2.16943207817121	0.474	0.145	0	c29	PARP9
0	2.461423989304	0.43	0.107	0	c29	ZBP1
0	2.48819055750754	0.413	0.093	0	c29	IFI44
0	1.98088311866135	0.481	0.167	0	c29	AC116366.3
0	2.35537036267062	0.425	0.117	0	c29	LGALS9
0	2.77803533140266	0.378	0.081	0	c29	HSH2D
0	2.54594607354072	0.382	0.091	0	c29	IFIH1
0	2.87562184553831	0.344	0.06	0	c29	IFIT5
0	2.35311549024149	0.355	0.088	0	c29	DDX60
0	2.28145172813479	0.36	0.096	0	c29	DDX60L
0	1.32876724327869	0.88	0.624	0	c29	RARRES3
0	2.60076736308483	0.301	0.063	0	c29	HELZ2
0	1.29184704987987	0.919	0.692	0	c29	PSMB9
0	2.98422688431741	0.27	0.043	0	c29	RTP4
0	3.23853990676702	0.212	0.027	0	c29	LAMP3
0	1.91145217257902	0.995	0.881	0	c29	IFITM1
2.98140119475049e-303	2.17477828244804	0.386	0.114	5.90019296441122e-299	c29	DTX3L
1.0017166734192e-297	1.43699640406239	0.764	0.443	1.98239729669659e-293	c29	SP100
9.40029125761358e-290	1.14285142867571	0.868	0.46	1.86031763988173e-285	c29	GZMA
4.84252881992469e-287	0.962449350996947	0.97	0.587	9.58336453463096e-283	c29	CCL5
8.29085083222684e-284	1.79685343405057	0.584	0.258	1.64075937969769e-279	c29	PPM1K
6.9784096627001e-282	1.87541450897477	0.521	0.211	1.38102727224835e-277	c29	LAP3
4.76443283901886e-278	1.95424467375747	0.501	0.183	9.42881258841832e-274	c29	GZMB
4.96115374251048e-272	2.06597539346382	0.416	0.142	9.81812325642825e-268	c29	NMI
8.16105442704607e-271	1.84202759879564	0.524	0.215	1.61507267111242e-266	c29	C19orf66
6.39838543294008e-269	1.87144559780929	0.462	0.17	1.26624047717884e-264	c29	PARP14
2.2243100668002e-267	1.89212602229769	0.532	0.228	4.4019096221976e-263	c29	NT5C3A
6.85195460425715e-265	1.36274989152352	0.77	0.379	1.35600181618249e-260	c29	CCL4
1.35084013390931e-243	1.43773923562872	0.553	0.227	2.67331262500652e-239	c29	GZMH
4.74351328141427e-242	1.24815042255391	0.786	0.508	9.38741278391885e-238	c29	RNF213
5.27211120088322e-239	2.36507894349339	0.235	0.056	1.04335080665479e-234	c29	HERC6
3.17171376615453e-232	2.02534488789294	0.346	0.111	6.2768215432198e-228	c29	PARP10
3.92186364372955e-229	1.08842275677024	0.722	0.353	7.76136815094078e-225	c29	GZMK
4.2405934838866e-227	1.94803004141641	0.288	0.08	8.39213450461158e-223	c29	FASLG
4.25336011058796e-225	1.42290144839583	0.557	0.245	8.41739965885358e-221	c29	ITM2C
4.23064222734272e-217	0.614270773920756	0.986	0.963	8.37244096791124e-213	c29	HLA-E
1.05108159695882e-211	1.30029206420069	0.693	0.41	2.08009048038151e-207	c29	TAP1
2.26489996096861e-209	2.44342611798681	0.188	0.041	4.48223702275688e-205	c29	FBXO6
9.72301424898445e-209	2.07726777340453	0.275	0.08	1.92418451987402e-204	c29	STAT2
2.77555663624843e-207	0.989044202239353	0.736	0.385	5.49282658313564e-203	c29	CD8A
4.10737822626586e-207	2.0902527702839	0.296	0.091	8.12850150978014e-203	c29	TRAFD1
5.48133123820949e-205	1.34198247105135	0.636	0.346	1.08475545204166e-200	c29	ADAR
3.99349562212078e-200	2.17239545097809	0.255	0.073	7.90312783617703e-196	c29	PNPT1
9.17908435492572e-198	1.54436570683231	0.492	0.224	1.8165407938398e-193	c29	APOL6
2.34561781003445e-192	1.04440296606081	0.897	0.769	4.64197764605818e-188	c29	IFITM2
1.3483504043157e-190	1.87662239632367	0.32	0.109	2.66838545014077e-186	c29	PARP12
1.54169626620328e-189	1.96503600704876	0.357	0.128	3.0510169108163e-185	c29	IFNG
1.68714931907812e-186	1.97847419590125	0.29	0.094	3.33886850245561e-182	c29	TRIM21
5.23137480451668e-185	1.31921098347939	0.573	0.295	1.03528907381385e-180	c29	SLFN5
1.21505985625286e-180	1.20054559917851	0.688	0.412	2.40460345552441e-176	c29	CLEC2B
3.46939013747492e-177	1.40937774154385	0.537	0.276	6.86592308206287e-173	c29	RBCK1
2.25279435584479e-175	2.30844848589894	0.238	0.07	4.45828003021684e-171	c29	IFI27
1.12453459578678e-173	0.852323251490896	0.931	0.826	2.22545396506203e-169	c29	MYL12A
1.48859586557357e-168	5.527120131236	0.021	0.001	2.94593121797009e-164	c29	ERICH3
7.04383452786256e-167	2.44854780645504	0.166	0.039	1.393974853064e-162	c29	AKAP2
3.92190040425464e-165	1.57617028007545	0.425	0.189	7.76144090001994e-161	c29	NUB1
5.55548647141438e-165	1.79751467862099	0.31	0.112	1.09943077269291e-160	c29	TMEM140
3.4284735280113e-161	1.36173114611729	0.463	0.214	6.78494911193436e-157	c29	SLA2
4.77365273045887e-161	1.61280730979933	0.389	0.167	9.4470587535781e-157	c29	GBP4
5.35539814798844e-161	1.39298988561048	0.527	0.272	1.05983329348691e-156	c29	PRF1
6.83151418275285e-157	1.45724680753593	0.443	0.209	1.35195665676679e-152	c29	CHMP5
3.803048183108e-156	1.50260502351709	0.367	0.149	7.52623235437074e-152	c29	SLFN12L
2.56220210068394e-155	0.769467548388362	0.874	0.623	5.07059795725351e-151	c29	CST7
1.56618812799305e-150	1.50824694204682	0.37	0.156	3.09948630529825e-146	c29	N4BP1
3.95898318278422e-147	0.560206925190844	0.99	0.975	7.83482771872996e-143	c29	H3F3B
4.23642323850227e-147	1.51714986159093	0.407	0.19	8.38388158899599e-143	c29	ZNFX1
2.02410000724461e-146	1.23461913336217	0.58	0.335	4.00569391433708e-142	c29	GIMAP4
7.31448101713597e-145	0.487601932187924	0.999	0.991	1.44753579329121e-140	c29	TMSB4X
1.31512991158544e-144	0.291560079643889	0.999	0.999	2.60264209502758e-140	c29	B2M
1.30920798572946e-143	1.36220488332368	0.491	0.257	2.59092260375861e-139	c29	PHF11
2.81094797127937e-142	0.869094741031452	0.828	0.668	5.56286603516188e-138	c29	COTL1
3.54067480216927e-138	1.07765227615495	0.619	0.383	7.00699543349299e-134	c29	SHISA5
3.72414277167628e-138	1.568962735113	0.331	0.136	7.37007854514737e-134	c29	TRANK1
3.91197485472561e-138	0.613886686397809	0.957	0.888	7.74179823750198e-134	c29	PTPRCAP
4.63690271677191e-136	1.37217978789705	0.447	0.224	9.17643047649161e-132	c29	SP140
5.00726368047914e-134	0.952655832500962	0.701	0.478	9.90937482366822e-130	c29	PSMB8
1.51738967482382e-133	1.60045989918109	0.309	0.123	3.00291416647634e-129	c29	HELB
3.09322118337424e-133	1.82180972356919	0.263	0.094	6.12148472189762e-129	c29	TNFSF9
1.53537839604696e-130	1.33554612911993	0.371	0.163	3.03851384577694e-126	c29	SAMD3
3.00428478673341e-126	1.36311931991955	0.374	0.169	5.94547959294542e-122	c29	PTMS
1.97493398893316e-125	0.800011220769834	0.765	0.558	3.90839436409873e-121	c29	PSME2
1.98617679875948e-125	0.321613162023736	1	0.995	3.930643884745e-121	c29	HLA-A
3.75237035290366e-125	0.896977445767782	0.544	0.281	7.42594092839635e-121	c29	CD8B
1.1517301770921e-124	0.67160459047617	0.874	0.735	2.27927402046526e-120	c29	PSME1
7.57789924716544e-119	0.863208421217581	0.722	0.489	1.49966626101404e-114	c29	HLA-DPA1
1.34200406756852e-118	0.998166344628295	0.787	0.608	2.65582604971811e-114	c29	SAT1
1.28491671541398e-117	0.362316898673181	0.998	0.99	2.54285017980427e-113	c29	HLA-C
2.94912586440303e-116	1.70946182552322	0.202	0.067	5.8363200856536e-112	c29	GBP3
4.67333731657291e-116	0.922892026331332	0.719	0.532	9.24853454949778e-112	c29	CD48
9.38626598173995e-116	1.45297937555829	0.34	0.154	1.85754203778634e-111	c29	TRIM38
8.02590853432132e-115	0.789763775026032	0.793	0.609	1.58832729894219e-110	c29	EVL
1.28404760105435e-113	1.19328370636035	0.408	0.202	2.54113020248656e-109	c29	ABI3
1.79348892019165e-113	2.19667351263636	0.127	0.032	3.54931457305928e-109	c29	DHX58
3.04296084583029e-112	0.771034864932544	0.725	0.488	6.02201951389813e-108	c29	HLA-DPB1
1.09744125673067e-108	1.26289640340831	0.404	0.208	2.17183624706999e-104	c29	XRN1
5.39330958256956e-108	0.893871253049988	0.479	0.25	1.06733596639052e-103	c29	CTSW
1.71010924952416e-107	1.9821675188655	0.169	0.053	3.38430620480831e-103	c29	SLC38A5
7.09686983362586e-107	0.948616501321992	0.773	0.612	1.40447054007456e-102	c29	IRF1
5.76993273990904e-105	0.485737148931205	0.988	0.964	1.141869689228e-100	c29	TMSB10
1.42338674220249e-102	0.772676669519674	0.471	0.247	2.81688236281872e-98	c29	CCL4L2
8.56972180836354e-102	1.55664809921814	0.258	0.106	1.69594794587514e-97	c29	APOBEC3H
2.36225704563952e-101	0.634636428170799	0.906	0.841	4.67490669332061e-97	c29	DNAJB1
3.38275099838271e-101	1.36917257116453	0.322	0.15	6.69446422579938e-97	c29	SPATS2L
3.58478952824769e-100	1.38367492998074	0.232	0.088	7.09429847640217e-96	c29	PLEK
6.12636661230227e-99	1.5268954908443	0.285	0.126	1.21240795257462e-94	c29	PML
9.98224856158573e-98	1.20898436554094	0.42	0.229	1.97548699033782e-93	c29	CASP1
1.11561758960755e-97	0.499380887044993	0.958	0.878	2.20780720983333e-93	c29	CD74
1.31204736493604e-96	0.903959095538884	0.719	0.536	2.59654173520843e-92	c29	CD69
8.13820508836992e-96	1.71228625624669	0.221	0.086	1.61055078698841e-91	c29	CNP
1.04661476353341e-94	0.622091883748698	0.812	0.624	2.07125061703263e-90	c29	HSPA1B
2.03428089443948e-94	2.16869642505907	0.101	0.024	4.02584189009573e-90	c29	CCR1
3.47883614765775e-94	1.02677458129853	0.556	0.349	6.88461673621469e-90	c29	GBP5
7.0590809987519e-93	0.648680493205759	0.841	0.714	1.396992129653e-88	c29	SUB1
2.34989888940949e-92	2.03933767222176	0.131	0.038	4.65044990214137e-88	c29	TRIM5
7.98258359757432e-92	1.7153284859084	0.173	0.059	1.57975329395996e-87	c29	TRIM25
5.14787272109179e-91	0.555520446181867	0.94	0.893	1.01876401150406e-86	c29	UBB
1.8514585793554e-88	1.1542333224225	0.388	0.21	3.66403652854434e-84	c29	OGFR
3.23027299393061e-88	0.346628005038255	0.997	0.992	6.39271025498869e-84	c29	HLA-B
6.67843404050035e-88	1.78473808023389	0.174	0.062	1.32166209661502e-83	c29	PI4K2B
1.19248446274642e-87	1.04102555817059	0.455	0.266	2.35992675177516e-83	c29	IDH2
4.89103774034449e-87	1.64974009619756	0.159	0.053	9.67936368814174e-83	c29	IL9R
4.46479756819153e-85	1.49161019211082	0.268	0.123	8.83583438745104e-81	c29	GIMAP2
6.54648622664653e-85	1.98064774320674	0.125	0.037	1.29554962425335e-80	c29	CHI3L2
1.32825842563747e-84	1.31109978960568	0.291	0.137	2.62862342433656e-80	c29	PRKD2
8.29296110131129e-84	0.779489552859954	0.451	0.25	1.64117700194951e-79	c29	HLA-DRB5
9.15621155950923e-84	0.988698806746117	0.444	0.256	1.81201426762688e-79	c29	STOM
1.84487178997936e-83	2.09658143246793	0.105	0.028	3.65100127236915e-79	c29	NXPH4
3.44686701191255e-83	1.46894979663561	0.175	0.063	6.82134981657493e-79	c29	MCOLN2
3.44813276095764e-83	0.840800704602724	0.607	0.433	6.82385473393517e-79	c29	PSMB10
5.34704405481557e-82	3.25401033543804	0.035	0.004	1.058180018448e-77	c29	NEXN
5.80253943584727e-82	1.40978845528468	0.214	0.087	1.14832255435418e-77	c29	CCR5
1.19885217745151e-79	0.759361025686935	0.656	0.477	2.37252845917654e-75	c29	GNG5
9.32066431504367e-79	1.17152922544246	0.262	0.118	1.84455946794714e-74	c29	CLIC3
6.02422135670129e-78	3.89199696858127	0.021	0.002	1.19219340649119e-73	c29	SPAG6
1.61731263220133e-77	1.13348507217414	0.236	0.1	3.20066169912644e-73	c29	EOMES
1.78689739102533e-77	1.31992006904824	0.253	0.115	3.53626993683913e-73	c29	TBX21
3.06528761710241e-77	1.08575122973065	0.37	0.203	6.06620419424567e-73	c29	TYMP
1.45765893343976e-75	0.877122366595571	0.561	0.386	2.88470702927729e-71	c29	CCDC85B
3.79006477340572e-75	0.877650812591252	0.529	0.36	7.50053818656992e-71	c29	NAPA
7.18632295498028e-74	1.40731544174442	0.238	0.109	1.4221733127906e-69	c29	ODF3B
1.31133703216559e-73	0.554964900254235	0.553	0.349	2.5951359866557e-69	c29	CARD16
7.04247863236718e-73	1.60313975838155	0.159	0.059	1.39370652134547e-68	c29	ENDOD1
4.56008297922246e-71	0.446384567330936	0.974	0.945	9.02440421588125e-67	c29	HSP90AA1
5.12765089103754e-71	0.536708347971627	0.82	0.683	1.01476211133633e-66	c29	HSPA1A
1.12532869163274e-70	1.08128249091866	0.358	0.199	2.22702548074118e-66	c29	APOBEC3C
1.72308535505995e-70	1.15214367887422	0.34	0.19	3.40998591766364e-66	c29	LYSMD2
4.27955295079853e-68	2.25710656734252	0.08	0.021	8.4692352896303e-64	c29	SMAGP
5.05655654882567e-67	1.04302273623325	0.366	0.212	1.0006925410126e-62	c29	GLIPR2
1.44349496705614e-66	0.879842764967801	0.474	0.303	2.85667653980411e-62	c29	RUNX3
2.78376050603326e-66	0.808768883629039	0.577	0.409	5.50906204143982e-62	c29	GIMAP7
8.6934606201333e-65	1.48802925390427	0.14	0.051	1.72043585672438e-60	c29	SMARCD3
1.60337295662102e-64	1.53146135917133	0.174	0.071	3.173075081153e-60	c29	ZNF683
1.73612062111286e-64	0.762388017647088	0.719	0.583	3.43578270918235e-60	c29	RGS1
5.15191878202707e-64	1.04009239668313	0.369	0.219	1.01956472696316e-59	c29	IRF2
6.86938868116245e-64	1.38537083560587	0.256	0.129	1.35945202000205e-59	c29	PPP1R14B
3.98389212084382e-63	1.62071221367163	0.148	0.057	7.88412250714993e-59	c29	PARP11
5.88800928256001e-63	0.984240264273948	0.36	0.209	1.16523703701863e-58	c29	GYG1
9.48288025956229e-63	1.50229519729916	0.199	0.088	1.87666200336738e-58	c29	CISH
2.42882265471533e-62	0.854341815708897	0.558	0.406	4.80664003368163e-58	c29	CLDND1
2.32813704100282e-61	0.809909657066793	0.53	0.373	4.60738320414457e-57	c29	PSMA5
2.57018520718251e-61	0.771694777622368	0.492	0.329	5.08639652501418e-57	c29	BTN3A2
2.81018459201706e-61	1.25733997487249	0.254	0.13	5.56135530760177e-57	c29	MYD88
3.31079683700083e-61	0.591502636115832	0.748	0.615	6.55206694042464e-57	c29	ELF1
1.48930186813402e-60	1.73281900130357	0.118	0.041	2.94732839703723e-56	c29	FANCA
1.58062236149431e-60	1.1070982459922	0.269	0.14	3.12805165339725e-56	c29	TBC1D1
7.01196076501936e-60	1.160597744033	0.176	0.073	1.38766703539733e-55	c29	SLAMF7
3.55782452506216e-59	0.484732598676916	0.866	0.791	7.04093473509802e-55	c29	SRSF7
1.37762555449835e-58	1.39063952791537	0.292	0.162	2.72632097235223e-54	c29	IFITM3
1.61934367224617e-57	1.69392934701127	0.126	0.046	3.20468112737516e-53	c29	ZCCHC2
1.76828375464747e-57	0.462553295651281	0.85	0.759	3.49943355044735e-53	c29	MYL12B
2.26127287748217e-55	0.726070017694932	0.476	0.311	4.47505902453722e-51	c29	HLA-DRA
7.05680310314394e-55	1.00212676180225	0.314	0.18	1.39654133411219e-50	c29	GRAP2
1.97184445206726e-54	0.48403000407188	0.685	0.498	3.90228017064111e-50	c29	HLA-DRB1
9.80037443960767e-54	0.757091267669431	0.566	0.417	1.93949410159836e-49	c29	RGS2
3.26709090949609e-53	1.01109168015641	0.27	0.144	6.46557290989276e-49	c29	PLA2G16
4.0971664157704e-53	0.490338831033771	0.851	0.776	8.10829233680962e-49	c29	HSPE1
8.39583521270122e-53	0.786886428505774	0.521	0.383	1.66153578859357e-48	c29	CD164
2.73112018367296e-52	0.586034241781656	0.649	0.512	5.40488684348878e-48	c29	WIPF1
7.47319976162773e-52	1.33888113297557	0.11	0.039	1.47894623282613e-47	c29	VCAM1
1.26943088041056e-51	1.54159746926557	0.131	0.052	2.51220371233249e-47	c29	APOL2
1.3713507333095e-51	0.774203937330392	0.479	0.329	2.7139031012195e-47	c29	NFATC2
1.40437971455514e-51	0.766390910652597	0.317	0.178	2.77926745510462e-47	c29	ZEB2
1.62550654355112e-51	0.451909035683621	0.834	0.73	3.21687744968766e-47	c29	LDHA
1.73281508799796e-51	0.402962792495635	0.892	0.817	3.42924105914797e-47	c29	RAC2
2.12685937267217e-51	1.45867888809005	0.202	0.099	4.20905469851823e-47	c29	PRR5
8.85029727138651e-51	0.903058326271309	0.43	0.296	1.75147383000739e-46	c29	DYNLT1
2.58876806049428e-50	0.538630866445864	0.585	0.423	5.12317199171819e-46	c29	ADGRE5
4.39054047073751e-50	1.50237286090063	0.109	0.039	8.68887959158954e-46	c29	C1orf21
6.62671254575785e-50	0.768077957806631	0.438	0.296	1.31142641280548e-45	c29	ARPC5L
1.37128291574689e-48	1.11140218417249	0.236	0.125	2.7137688902631e-44	c29	AZI2
2.36787217410441e-48	0.793543942307942	0.423	0.287	4.68601903255264e-44	c29	CASP4
6.45659911206464e-48	2.11920003103553	0.049	0.012	1.27776096427759e-43	c29	RASGRP3
8.67115420446421e-48	0.903805502339936	0.335	0.207	1.71602141706347e-43	c29	GSDMD
1.74390160596058e-47	0.780229957416953	0.456	0.312	3.45118127819598e-43	c29	CXCR3
7.0956157918382e-47	1.74379001107425	0.081	0.026	1.40422236520478e-42	c29	TDRD7
1.71980856892479e-45	0.850863561495431	0.358	0.226	3.40350115790215e-41	c29	GIMAP1
1.7877058658478e-45	0.876261616027124	0.217	0.111	3.5378699085128e-41	c29	ITGA1
6.30753860940868e-45	0.891327815008061	0.401	0.274	1.24826189080198e-40	c29	DENND2D
1.13692959008444e-44	1.47889261363337	0.129	0.054	2.24998365877712e-40	c29	MOV10
1.85265556009664e-44	1.04111975364532	0.244	0.135	3.66640535343125e-40	c29	NLRC5
1.93938739378588e-44	1.16834880971421	0.131	0.055	3.83804765230225e-40	c29	PILRB
1.27138573045138e-43	0.481891450139189	0.806	0.739	2.51607236056328e-39	c29	DUSP2
1.54296051902998e-43	0.665693249893344	0.448	0.31	3.05351886716033e-39	c29	TANK
2.3157556734941e-43	0.875713672940108	0.291	0.172	4.58288047784483e-39	c29	GPR174
4.5012945547776e-43	1.00304626663434	0.291	0.177	8.90806192390488e-39	c29	ARHGEF3
1.27354041402292e-42	1.78513049743486	0.074	0.024	2.52033647935137e-38	c29	APOL1
1.51059064728607e-42	1.13340374214465	0.194	0.1	2.98945889097913e-38	c29	EIF4EBP1
2.35609602410762e-42	0.467324611016611	0.612	0.465	4.66271403170898e-38	c29	CTSC
2.41756240063636e-42	0.270808866378999	0.958	0.924	4.78435599085936e-38	c29	CFL1
1.09105929783144e-41	0.79836504638916	0.594	0.493	2.15920635040842e-37	c29	ALOX5AP
1.09886708361866e-41	0.541322772604747	0.552	0.416	2.17465795848132e-37	c29	TAPBP
4.11088250938211e-41	0.920100967283618	0.323	0.208	8.13543648606719e-37	c29	BAG1
6.01795938809316e-41	1.40528017048621	0.133	0.059	1.19095416290364e-36	c29	PATL2
9.68803884984051e-41	0.583424523069275	0.595	0.475	1.91726288838344e-36	c29	SMCHD1
1.38322471631394e-40	0.757932433148329	0.314	0.193	2.73740171358529e-36	c29	PYHIN1
2.05188517103982e-40	1.19818420611834	0.185	0.096	4.0606807534878e-36	c29	EHD4
2.31516154624334e-40	0.701369818033505	0.436	0.307	4.58170470001556e-36	c29	JMJD6
2.55717175339014e-40	0.81913110100619	0.354	0.234	5.06064289995909e-36	c29	LPIN2
6.82271986450815e-39	0.361992515233727	0.786	0.683	1.35021626118616e-34	c29	HCST
1.00212112178507e-38	0.691118433036204	0.435	0.308	1.98319770001265e-34	c29	GBP2
1.97265091436228e-38	0.993829992757706	0.228	0.13	3.90387615952296e-34	c29	TRIM69
2.30732650364267e-38	1.03666042412125	0.236	0.136	4.56619915070885e-34	c29	TRIM26
3.2469259026354e-38	0.245839960281651	0.971	0.95	6.42566636131545e-34	c29	UBC
4.50940528312503e-38	1.29917820180095	0.104	0.042	8.92411305530444e-34	c29	EPHA1
9.27185834879738e-38	1.18589941203543	0.151	0.073	1.834900767227e-33	c29	IRF9
9.73057804255676e-38	0.882295990244245	0.236	0.133	1.92568139462198e-33	c29	KLRG1
1.30047674738363e-37	1.78886244062242	0.061	0.019	2.5736434830722e-33	c29	CD68
1.61198114891972e-37	0.836806245218495	0.339	0.227	3.19011069371212e-33	c29	VAMP5
1.63580175982717e-37	1.20786440362346	0.176	0.091	3.23725168269796e-33	c29	ECE1
1.75044966218606e-37	0.660603338394464	0.488	0.368	3.46413988146621e-33	c29	RBX1
1.97713788634401e-37	0.987727888863084	0.239	0.14	3.91275587707479e-33	c29	GCH1
2.5403731354652e-37	0.447957781429837	0.704	0.605	5.02739843508563e-33	c29	STK17A
2.67522633578099e-37	0.874986654858429	0.258	0.153	5.29427291851057e-33	c29	GGA2
2.8346559123201e-37	1.27370673874985	0.128	0.058	5.60978405048147e-33	c29	CMTR1
3.43510518983988e-37	0.786788622053341	0.34	0.224	6.79807317069313e-33	c29	GALM
3.5036667096016e-37	1.51107953380859	0.08	0.029	6.93375641830156e-33	c29	TARBP1
5.07474196838968e-37	0.722848177341208	0.4	0.282	1.00429143554432e-32	c29	BIN1
5.89196060626639e-37	0.971583424448085	0.212	0.117	1.16601900398012e-32	c29	TBCD
8.93799958067606e-37	0.829920083706643	0.294	0.185	1.76883011701579e-32	c29	B3GNT2
9.79851925217219e-37	1.12183456830292	0.171	0.087	1.93912696000488e-32	c29	ST3GAL5
2.14312304578415e-36	0.253821841133059	0.982	0.957	4.24124050760684e-32	c29	HSPA8
6.2147235286341e-36	0.72558816056743	0.215	0.117	1.22989378631669e-31	c29	CRTAM
6.60978991222755e-36	0.298073145556159	0.908	0.854	1.30807742362983e-31	c29	CORO1A
1.01825884727829e-35	0.65936547301564	0.376	0.256	2.01513425876373e-31	c29	ARAP2
1.04715853289763e-35	0.331575775653016	0.665	0.501	2.0723267366044e-31	c29	DUSP4
1.09271785630148e-35	0.321071839863023	0.79	0.68	2.16248863762063e-31	c29	JUN
1.28868308577076e-35	2.17128085765144	0.043	0.011	2.55030382674033e-31	c29	SBK1
1.39653571439078e-35	0.258908692790275	0.961	0.932	2.76374417877935e-31	c29	SH3BGRL3
1.48635752988319e-35	0.470938782984921	0.68	0.579	2.94150155163883e-31	c29	EIF4A2
2.05581106371658e-35	1.00839402419972	0.205	0.115	4.0684500950951e-31	c29	BAK1
2.57117864450275e-35	0.822601996918181	0.304	0.196	5.08836253747095e-31	c29	CTSS
2.63334448267381e-35	0.712193461117789	0.408	0.291	5.21138873121147e-31	c29	KPNB1
3.19014861852758e-35	0.689239599792681	0.429	0.313	6.31330411606608e-31	c29	PPP1CC
3.62981715335557e-35	0.505622387503918	0.78	0.699	7.18340814649066e-31	c29	CD2
9.50867897181254e-35	0.478400504978287	0.716	0.625	1.8817675685217e-30	c29	LIMD2
1.10432216209085e-34	0.676769394715418	0.222	0.123	2.18545355877779e-30	c29	AOAH
1.2265178823892e-34	0.661246073184779	0.464	0.346	2.42727888924822e-30	c29	SELPLG
2.24846130113965e-34	1.37881659467656	0.103	0.044	4.44970491495536e-30	c29	APOBEC3F
4.33044450890004e-34	0.60186889858209	0.361	0.243	8.56994968311319e-30	c29	UTRN
4.86961034742674e-34	0.376636021597916	0.739	0.636	9.63695887755753e-30	c29	MCL1
2.53950929099819e-33	0.182244383226841	0.999	0.995	5.02568888688542e-29	c29	ACTB
4.4967108949259e-33	0.839814711123754	0.276	0.174	8.89899086105836e-29	c29	BTN3A1
5.88738819171849e-33	0.912931454141065	0.212	0.121	1.16511412314109e-28	c29	HSPA6
7.36338397877129e-33	1.02708045658706	0.154	0.079	1.45721368939884e-28	c29	TTC39B
9.96191871646662e-33	0.617634561162627	0.468	0.359	1.97146371398874e-28	c29	SNX6
1.47469381877782e-32	0.303444284759061	0.89	0.798	2.9184190673613e-28	c29	DNAJA1
1.49011301241567e-32	1.37908532510326	0.108	0.048	2.94893365157062e-28	c29	IL15RA
1.62657098971094e-32	1.19958482682862	0.184	0.101	3.21898398863796e-28	c29	GNLY
2.95053103242669e-32	0.606433083485996	0.599	0.499	5.83910091317241e-28	c29	SOCS1
3.98317949994737e-32	0.960284012362941	0.214	0.125	7.88271223039584e-28	c29	RHOB
4.87367213610515e-32	1.20503213502635	0.131	0.063	9.6449971573521e-28	c29	CCL3
8.55253914376245e-32	0.587207621453068	0.516	0.41	1.69254749655059e-27	c29	CLEC2D
1.97335807430388e-31	0.350420592629479	0.748	0.642	3.90527562904738e-27	c29	LCP1
2.24200669381569e-31	0.504139150238867	0.534	0.423	4.43693124706126e-27	c29	REEP5
2.37671457410799e-31	0.623766370770509	0.443	0.332	4.7035181421597e-27	c29	MOB1A
2.78533545753564e-31	0.656232381171546	0.394	0.285	5.51217887046302e-27	c29	CMC2
3.13309293674224e-31	0.389464324956405	0.716	0.614	6.2003909218129e-27	c29	SRSF2
7.23852866564449e-31	1.44486258731398	0.113	0.053	1.43250482293104e-26	c29	TENT5A
9.68932614595588e-31	1.1829344592641	0.111	0.051	1.91751764428467e-26	c29	PRR5L
9.71438304125645e-31	0.76528224114842	0.316	0.216	1.92247640386465e-26	c29	PSMA4
1.09684957104405e-30	0.237345833979886	0.801	0.704	2.17066530109617e-26	c29	KLF6
1.75414574291638e-30	0.795485276607575	0.312	0.212	3.47145442523151e-26	c29	TMX1
2.42012579188659e-30	0.970493322840718	0.17	0.093	4.78942894214357e-26	c29	TRIM56
4.04321058259922e-30	0.202260766108958	0.951	0.886	8.00151374296386e-26	c29	RPS26
8.21459397240048e-30	0.605739455467148	0.519	0.425	1.62566814713805e-25	c29	C4orf3
1.7297572200464e-29	0.971389284760903	0.181	0.103	3.42318953847182e-25	c29	SLC6A6
1.99476935550688e-29	0.817184189629737	0.257	0.163	3.94764855454811e-25	c29	PTK2B
3.46336270892335e-29	1.05083515985551	0.177	0.1	6.85399480095931e-25	c29	EXOSC9
3.84942914035581e-29	0.4382492424358	0.441	0.318	7.61802026876414e-25	c29	PARP8
8.83337809165253e-29	1.54783697014853	0.053	0.018	1.74812552433804e-24	c29	CCDC146
9.78880668391626e-29	0.555561068383508	0.356	0.247	1.93720484274703e-24	c29	IKZF3
1.38615311041909e-28	0.675850506256363	0.338	0.236	2.74319700551938e-24	c29	CALCOCO2
1.90851449390796e-28	1.23701667628247	0.078	0.032	3.77695018344386e-24	c29	PIK3AP1
3.03572034567766e-28	0.946817506452667	0.144	0.075	6.00769056409608e-24	c29	METRNL
6.13114008101318e-28	1.33447712308254	0.089	0.039	1.21335262203251e-23	c29	AC073111.5
6.62361818324609e-28	0.417171911864098	0.547	0.428	1.3108140384644e-23	c29	GZMM
8.22261848713247e-28	0.545204346207656	0.504	0.404	1.62725619860352e-23	c29	CHURC1
1.2502269091628e-27	2.47499095600488	0.022	0.005	2.47419905323318e-23	c29	TGM1
1.57439048077875e-27	0.916771590180421	0.209	0.127	3.11571876146115e-23	c29	BTN3A3
2.25084764459977e-27	0.808544718544615	0.263	0.172	4.45442748866295e-23	c29	CASP3
2.29336897890147e-27	0.661416972122302	0.335	0.232	4.538577209246e-23	c29	SCML4
3.31790269606314e-27	0.629138115906695	0.19	0.108	6.56612943550896e-23	c29	KLRD1
4.96408458835776e-27	0.877488545448176	0.235	0.15	9.82392340036e-23	c29	LMNB1
6.23108986530811e-27	2.16279251866085	0.036	0.01	1.23313268434448e-22	c29	TREX1
6.5644641772331e-27	0.409246010496227	0.75	0.683	1.29910746067443e-22	c29	HSPH1
8.7377199639274e-27	2.25614712495099	0.024	0.005	1.72919478086123e-22	c29	MNDA
1.20900468084342e-26	1.20177631134215	0.105	0.05	2.39262026338914e-22	c29	SCARB2
2.54015230091624e-26	0.324360876190521	0.899	0.854	5.02696140351324e-22	c29	CXCR4
3.37063301600914e-26	1.19406000182106	0.143	0.077	6.67048273868209e-22	c29	XCL2
4.29257743397418e-26	1.32352992356323	0.081	0.035	8.4950107418349e-22	c29	TNK2
4.92060224871139e-26	0.829054870033904	0.136	0.071	9.73787185019983e-22	c29	ENC1
6.00109914810492e-26	1.29850845596702	0.129	0.068	1.18761752140996e-21	c29	HAVCR2
6.07593466827441e-26	0.793500757990404	0.234	0.149	1.20242747085151e-21	c29	PDE4DIP
7.82257289879145e-26	1.82621310480131	0.036	0.01	1.54808717667083e-21	c29	TLR3
8.08333259595208e-26	0.284684809985593	0.928	0.9	1.59969152073892e-21	c29	HSP90AB1
8.75342738464596e-26	0.83872796772903	0.224	0.142	1.73230327942144e-21	c29	C1GALT1
8.83935526295248e-26	0.607451022577963	0.412	0.316	1.7493084065383e-21	c29	HM13
1.21289947887974e-25	1.21253874082379	0.164	0.095	2.400328068703e-21	c29	GALNT2
3.8169554619229e-25	0.41198505954278	0.518	0.412	7.55375485914542e-21	c29	CD96
4.70343061913063e-25	0.886345715414522	0.143	0.078	9.30808919525952e-21	c29	TNIP3
9.29586442763602e-25	0.660253273998123	0.322	0.227	1.83965157022917e-20	c29	LYST
1.00354782289947e-24	0.436151234901646	0.676	0.596	1.98602114151805e-20	c29	TUBA4A
1.3436843592987e-24	1.04421995733909	0.128	0.068	2.65915134705213e-20	c29	CSF1
1.50701634025476e-24	0.332185661283915	0.826	0.774	2.98238533736417e-20	c29	CD52
1.70592923862041e-24	1.0996004260492	0.076	0.032	3.3760339632298e-20	c29	KIAA1671
2.38416859192878e-24	0.571065423193496	0.39	0.295	4.71826964342705e-20	c29	PSTPIP1
2.83002516645912e-24	2.8745333490324	0.014	0.002	5.6006198044226e-20	c29	CCL8
2.97321496156692e-24	0.649889680575814	0.267	0.176	5.88399240894094e-20	c29	ATF3
3.07944567451404e-24	0.733957845581459	0.252	0.165	6.09422298986329e-20	c29	RASGEF1B
3.29355518032733e-24	0.546303273670954	0.326	0.229	6.51794570186779e-20	c29	CMC1
3.43321776973647e-24	0.498578724566628	0.371	0.266	6.79433796630848e-20	c29	FABP5
4.79768138423555e-24	0.77939216329022	0.281	0.194	9.49461145940215e-20	c29	MAP3K8
5.59038688173815e-24	0.849540134799361	0.165	0.096	1.10633756389598e-19	c29	GTPBP1
6.65641407339842e-24	0.27979547275113	0.794	0.706	1.31730434512555e-19	c29	CLIC1
8.53390437926402e-24	0.392228796931688	0.536	0.436	1.68885967665635e-19	c29	KIAA1551
1.13446600931744e-23	0.581841992414964	0.369	0.275	2.24510823243921e-19	c29	HERPUD2
1.29160317383784e-23	0.458708981846014	0.52	0.425	2.55608268102509e-19	c29	CHORDC1
1.57242711229913e-23	0.680018790372522	0.178	0.104	3.11183325523998e-19	c29	F2R
2.0505627256376e-23	0.738324304604047	0.209	0.132	4.0580636340368e-19	c29	ZFYVE28
2.43366298548878e-23	1.07099232767666	0.087	0.04	4.81621904828229e-19	c29	USP28
2.47952928765947e-23	1.00551072373573	0.151	0.087	4.9069884602781e-19	c29	TRIM14
3.52438539846367e-23	0.752583568165341	0.262	0.179	6.9747587035596e-19	c29	PCGF5
4.83397975572675e-23	1.82323415550572	0.05	0.019	9.56644593658323e-19	c29	BUB1
6.39231527638038e-23	1.31894518899695	0.084	0.039	1.26503919319568e-18	c29	ATRIP
7.18773365895182e-23	1.68892189342788	0.065	0.027	1.42245249110657e-18	c29	STAG3
8.63491097383081e-23	0.254830253844902	0.808	0.722	1.70884888172112e-18	c29	CD99
2.68780974705534e-22	0.891217288424965	0.153	0.088	5.31917548942253e-18	c29	CPNE7
3.00968075350317e-22	2.05397866397859	0.02	0.004	5.95615821118278e-18	c29	MYO5B
3.92358258999159e-22	1.05767744157483	0.123	0.067	7.76476994559336e-18	c29	CASP7
4.04733649130768e-22	0.489607220132072	0.435	0.332	8.0096789162979e-18	c29	SERTAD1
4.35671536876207e-22	0.75637451076553	0.269	0.189	8.62193971478014e-18	c29	MKRN1
6.13582416615943e-22	0.921844710807747	0.153	0.09	1.21427960248295e-17	c29	USPL1
6.62386379345902e-22	1.29837632926302	0.077	0.035	1.31086264472554e-17	c29	TAP2
6.93118661963974e-22	0.612821619751111	0.521	0.449	1.3716818320267e-17	c29	COX5A
8.64940736567053e-22	0.328660043466119	0.581	0.483	1.7117177176662e-17	c29	TXNIP
8.94769201649479e-22	0.404707739322927	0.608	0.518	1.77074825006432e-17	c29	TAGAP
1.45655067235425e-21	1.04157264144641	0.129	0.073	2.88251378058907e-17	c29	TRAF2
1.52559239848878e-21	2.33815685839533	0.027	0.008	3.0191473566093e-17	c29	BCL2L14
1.68571175828664e-21	0.344970060095754	0.448	0.35	3.33602356964926e-17	c29	GADD45B
1.69073537746569e-21	0.134414847273012	0.999	0.992	3.3459653120046e-17	c29	RPL28
1.97912746285904e-21	0.998454659525273	0.115	0.061	3.91669324899805e-17	c29	FCHSD2
2.03558732970322e-21	0.518879125519131	0.48	0.386	4.02842732548267e-17	c29	SLA
2.04435435640836e-21	0.391952008435123	0.562	0.473	4.04577727133215e-17	c29	RNF149
2.75528842471549e-21	0.4871884858769	0.489	0.407	5.45271579251195e-17	c29	ZYX
3.73120153493379e-21	1.72906431262625	0.032	0.01	7.38404783763398e-17	c29	TMEM171
3.81160116234584e-21	0.415727999048392	0.536	0.446	7.54315870028242e-17	c29	AHSA1
4.09370779886864e-21	1.14856697980155	0.137	0.079	8.10144773396105e-17	c29	BPGM
4.3886967096608e-21	0.693592409136815	0.297	0.217	8.68523078841872e-17	c29	HMGA1
4.7633597964891e-21	2.03340930035021	0.025	0.006	9.42668903725193e-17	c29	GNB4
5.19335393050912e-21	0.884970553019258	0.148	0.087	1.02776474284775e-16	c29	RAB24
6.71756170106228e-21	1.07803926429283	0.091	0.045	1.32940546064022e-16	c29	TMEM62
7.22315187344031e-21	0.80484553584712	0.167	0.102	1.42946175575384e-16	c29	ZRSR2
7.38463517386586e-21	0.698058962228913	0.261	0.183	1.46141930090805e-16	c29	TINF2
7.46288074315108e-21	0.624713804022349	0.316	0.233	1.4769040990696e-16	c29	RAB8A
8.12840675140061e-21	0.62433519455404	0.251	0.172	1.60861169610218e-16	c29	MRPL10
8.40730926684827e-21	0.737702972687544	0.126	0.069	1.66380650390927e-16	c29	DTHD1
8.64750837139246e-21	0.416095348670681	0.506	0.42	1.71134190669857e-16	c29	TAF1D
8.77250675608251e-21	1.46727144950564	0.042	0.015	1.73607908702873e-16	c29	TTC24
1.10495411346211e-20	1.14627428915944	0.086	0.042	2.18670419054152e-16	c29	L3MBTL3
1.93279202750425e-20	0.410144682100285	0.34	0.244	3.82499542243091e-16	c29	HLA-DQA1
2.50790925559379e-20	0.744739537777197	0.27	0.194	4.96315241682011e-16	c29	SQOR
3.47634092698716e-20	0.86287081007206	0.146	0.086	6.8796786945076e-16	c29	ARRDC3
4.18294649928669e-20	0.6738002805039	0.253	0.176	8.27805112208836e-16	c29	MT1F
6.61943751447455e-20	0.876772261611796	0.138	0.08	1.30998668411451e-15	c29	MAFF
6.8529141028052e-20	0.587334504314359	0.259	0.181	1.35619170094515e-15	c29	PRKX
9.03020957301329e-20	0.423050491022606	0.519	0.434	1.78707847449933e-15	c29	GPBP1
9.11232628720243e-20	1.42747043870519	0.065	0.029	1.80332937223736e-15	c29	CHRNB1
1.08571952709085e-19	0.336709488887392	0.656	0.579	2.1486389441128e-15	c29	HNRNPF
1.10102395430426e-19	0.414707616133925	0.468	0.382	2.17892640556814e-15	c29	PSMA6
1.26986775710053e-19	0.432506531021956	0.516	0.434	2.51306829130195e-15	c29	POMP
1.41470958714437e-19	0.792572865540633	0.168	0.103	2.7997102729587e-15	c29	ANXA2R
1.65801353614709e-19	1.01970368962261	0.108	0.058	3.28120878803508e-15	c29	GPR155
1.69242506978443e-19	0.611554163179786	0.361	0.273	3.34930921310339e-15	c29	PMAIP1
1.88425007763369e-19	0.400252722909577	0.484	0.396	3.72893090363707e-15	c29	TBC1D10C
2.01251662892672e-19	1.27618650424609	0.039	0.014	3.98277040864598e-15	c29	KLRC4
2.09774383479421e-19	0.46898101709046	0.408	0.321	4.15143504905774e-15	c29	LDLRAD4
2.23070988449699e-19	1.49740609139363	0.049	0.019	4.41457486141954e-15	c29	TNFSF4
2.41332012239783e-19	0.561718373989392	0.213	0.139	4.77596052222531e-15	c29	AUTS2
2.6018629701733e-19	0.328642463083392	0.636	0.558	5.14908681797297e-15	c29	TMEM50A
2.69987955438899e-19	0.425441661611709	0.445	0.358	5.34306163813581e-15	c29	USP15
2.99864651763356e-19	1.05200600409116	0.083	0.041	5.93432145839681e-15	c29	SNTB1
3.90780366832069e-19	0.718502739269722	0.177	0.112	7.73354345960664e-15	c29	IRF4
4.79445757752081e-19	1.0351082162892	0.094	0.049	9.48823154591368e-15	c29	CD200R1
5.05469913162623e-19	0.253171362123255	0.789	0.72	1.00032495814883e-14	c29	ARPC3
5.57128381344857e-19	0.544289320618723	0.334	0.248	1.10255706668147e-14	c29	PDCD1
6.29155317498832e-19	0.697742278185227	0.217	0.146	1.24509837333019e-14	c29	DNPEP
6.51377249070717e-19	0.634047982890008	0.245	0.17	1.28907557591095e-14	c29	PARVG
6.7595921152967e-19	0.941997778563793	0.134	0.079	1.33772327961722e-14	c29	SCLT1
7.8416772999088e-19	0.386849461776378	0.445	0.352	1.55186793765195e-14	c29	LGALS1
8.76673156975609e-19	0.996582818571589	0.115	0.064	1.73493617765473e-14	c29	ANKFY1
1.02931849388344e-18	0.889234823271221	0.125	0.071	2.03702129939532e-14	c29	GPR18
1.03322349642894e-18	1.16387866857517	0.077	0.038	2.04474929943287e-14	c29	PVRIG
1.22254956282444e-18	0.452698784245202	0.485	0.4	2.41942558482958e-14	c29	DOK2
1.3901127002003e-18	0.371013091223897	0.594	0.516	2.7510330336964e-14	c29	GNG2
1.41400005889202e-18	0.557938218329144	0.377	0.301	2.79830611654731e-14	c29	PSMA3
2.12596844847256e-18	0.861882044043756	0.113	0.063	4.20729155952719e-14	c29	HLA-DMB
2.30411087809736e-18	0.469703365367508	0.412	0.329	4.55983542775467e-14	c29	LSM8
2.66156630666186e-18	0.412383340930218	0.494	0.412	5.26723972088382e-14	c29	VAMP8
3.06461921546102e-18	1.10382426075178	0.067	0.031	6.06488142739737e-14	c29	SEMA4A
3.29942684786304e-18	0.34656746985151	0.577	0.489	6.52956573192095e-14	c29	CD247
3.30912826397987e-18	0.375791802947537	0.51	0.423	6.54876483441617e-14	c29	SEM1
4.14573942511241e-18	2.39987498699498	0.014	0.003	8.20441832229745e-14	c29	TIMD4
4.39042245928064e-18	0.701431600970997	0.175	0.111	8.68864604691638e-14	c29	LMO4
4.53083729009291e-18	0.475071152105134	0.357	0.27	8.96652699709387e-14	c29	NAA50
6.0258705410629e-18	1.67969582565436	0.033	0.011	1.19251978007635e-13	c29	WIPF3
6.10119951624567e-18	0.741688328321171	0.222	0.154	1.20742738426502e-13	c29	STX11
6.54519744677092e-18	0.796971022509655	0.137	0.082	1.29529457471597e-13	c29	EMC2
7.70231047105585e-18	0.882490198614372	0.131	0.077	1.52428724222195e-13	c29	DGLUCY
9.08072008578584e-18	0.719222342752635	0.253	0.183	1.79707450497702e-13	c29	MLLT3
1.04189231341841e-17	1.02447839508453	0.063	0.029	2.06190488825503e-13	c29	VNN2
1.10964601033801e-17	0.983803166744658	0.145	0.09	2.19598945445893e-13	c29	ETV7
1.43386274099518e-17	1.05979752632223	0.091	0.048	2.83761436442945e-13	c29	APOBEC3D
1.4607353840537e-17	0.592796798283152	0.272	0.199	2.89079532504226e-13	c29	PYCARD
2.00526173940809e-17	1.35845330479662	0.078	0.039	3.9684129822886e-13	c29	JCHAIN
2.43452707871118e-17	0.412565013067995	0.467	0.385	4.81792908876942e-13	c29	PPP1R18
2.89176203850569e-17	0.405735468553109	0.518	0.444	5.72279707420276e-13	c29	ARHGEF1
3.65911668275868e-17	2.68440762507797	0.013	0.002	7.24139191517942e-13	c29	SLC52A1
3.73181192744751e-17	0.640669477280032	0.242	0.172	7.38525580441863e-13	c29	NMRK1
3.89940079007781e-17	0.325759274848006	0.619	0.543	7.71691416356399e-13	c29	SEPT7
4.49323616180062e-17	1.10859405407525	0.179	0.119	8.89211436420342e-13	c29	TNF
5.08246878915516e-17	0.496361766589728	0.388	0.31	1.00582057337381e-12	c29	SERPINB1
5.34134185527824e-17	0.588572991404117	0.268	0.196	1.05705155315956e-12	c29	MGAT1
6.71846815687727e-17	0.662223886075495	0.228	0.16	1.32958484824601e-12	c29	LARP7
7.1833824355861e-17	0.439904847771673	0.388	0.307	1.42159138400249e-12	c29	ATF4
7.84564744011169e-17	2.04400182923218	0.029	0.009	1.5526536283981e-12	c29	CD86
7.90491004039183e-17	0.50229858009795	0.323	0.246	1.56438169699354e-12	c29	SASH3
9.23504128996088e-17	0.447921238708429	0.474	0.399	1.82761467128326e-12	c29	ANXA5
1.09370745327375e-16	1.45974148032098	0.032	0.011	2.16444705002875e-12	c29	C1orf61
1.11430020385335e-16	0.426041459457453	0.463	0.382	2.20520010342579e-12	c29	OPTN
1.11748014684321e-16	0.681062414580316	0.233	0.166	2.21149321060272e-12	c29	CISD3
1.13924034515987e-16	0.708391908238654	0.19	0.127	2.25455664307138e-12	c29	GIMAP6
1.17139104452891e-16	0.537455315778449	0.194	0.128	2.31818287712272e-12	c29	SLF1
1.27646595644233e-16	0.634822059703084	0.28	0.21	2.52612612779937e-12	c29	PTPN6
1.42949207718406e-16	0.965447809871683	0.094	0.051	2.82896482074726e-12	c29	MLKL
1.64915690294307e-16	0.304070702377313	0.725	0.675	3.26368151092433e-12	c29	PSMA7
1.75908344442268e-16	0.493514505939953	0.407	0.331	3.48122613651248e-12	c29	FKBP4
1.92669326400354e-16	0.20173316431578	0.839	0.791	3.81292596946301e-12	c29	ARPC2
2.11443184099418e-16	0.557081792767032	0.294	0.22	4.18446061332749e-12	c29	RAB27A
2.32053419721308e-16	1.50179190148253	0.049	0.021	4.59233717628468e-12	c29	TMEM187
2.38828217585707e-16	1.33534030952027	0.052	0.023	4.72641042602113e-12	c29	TMEM229B
2.41153419806877e-16	0.725538741600798	0.213	0.149	4.7724261779781e-12	c29	SMIM29
3.08530333246382e-16	0.896411883085947	0.089	0.048	6.10581529494591e-12	c29	DKK3
3.28546823140405e-16	0.409588761562739	0.386	0.304	6.50194162994862e-12	c29	ZFAND2A
3.38332764222881e-16	0.342135664786469	0.604	0.529	6.69560540397082e-12	c29	PLP2
3.7880251679419e-16	1.26630877087206	0.046	0.019	7.49650180735702e-12	c29	SLC18B1
3.86807312952782e-16	0.582327378423294	0.255	0.186	7.65491672333556e-12	c29	ETNK1
4.68995007664923e-16	0.632728809128897	0.139	0.085	9.28141120168883e-12	c29	ADA2
5.35700455181859e-16	0.933392676933774	0.104	0.059	1.0601512008049e-11	c29	YEATS2
6.01413850970762e-16	0.405365309084185	0.476	0.404	1.19019801107114e-11	c29	NEDD8
6.94974572227438e-16	0.402995855989221	0.437	0.355	1.3753546784381e-11	c29	ANXA2
7.14525936263389e-16	0.360168543498232	0.303	0.221	1.41404682786525e-11	c29	HLA-DQB1
7.52253072345576e-16	0.681566018517348	0.191	0.13	1.4887088301719e-11	c29	RAB29
8.70137742605347e-16	0.572680844755482	0.28	0.21	1.72200259261598e-11	c29	TMEM109
8.86937535560107e-16	1.38262718604945	0.036	0.014	1.75524938287345e-11	c29	FCGR3A
9.53776018715143e-16	1.16490740016028	0.059	0.027	1.88752274103727e-11	c29	PLXDC1
1.52972029724148e-15	0.339877216292392	0.688	0.629	3.02731646824088e-11	c29	NR4A2
1.60141345740203e-15	0.287504672816874	0.676	0.609	3.16919723219861e-11	c29	GUK1
1.76680629757245e-15	0.287395808799616	0.623	0.554	3.49650966289588e-11	c29	CD3G
1.85012976105219e-15	0.447682048733126	0.374	0.299	3.66140679712227e-11	c29	NRBP1
2.48624549563185e-15	0.959043022820086	0.083	0.044	4.92027983585543e-11	c29	YES1
2.4963500763616e-15	0.508776095278001	0.249	0.18	4.9402768011196e-11	c29	USP11
2.51232690097242e-15	0.684990820441589	0.185	0.125	4.97189493702442e-11	c29	CNDP2
2.8626467234232e-15	0.229744940402653	0.628	0.56	5.66517786565451e-11	c29	HMGN2
2.98165763755107e-15	0.243504496716525	0.769	0.708	5.90070046471357e-11	c29	CD44
3.19658896081958e-15	1.10850309803676	0.075	0.039	6.32604955346195e-11	c29	UNC93B1
3.39743135087636e-15	0.519959622326247	0.315	0.243	6.72351664338432e-11	c29	TSC22D4
3.63049425791812e-15	1.01136916171644	0.114	0.069	7.18474813641995e-11	c29	UBA7
4.42381104885568e-15	0.575539386523018	0.253	0.186	8.75472206568539e-11	c29	SETX
5.02332716872466e-15	0.513517238793206	0.153	0.096	9.9411644669061e-11	c29	PPP2R2B
5.79319679940901e-15	0.648884318903955	0.202	0.14	1.14647364660304e-10	c29	TRMO
6.45876692403798e-15	0.319342277635996	0.515	0.434	1.27818997426712e-10	c29	EWSR1
6.73142446281656e-15	0.414591243589564	0.433	0.359	1.3321489011914e-10	c29	PRDX6
6.93940029997491e-15	0.415653890820242	0.427	0.358	1.37330731936503e-10	c29	CD47
8.80396296629223e-15	0.484419753124746	0.29	0.219	1.74230427102923e-10	c29	SYNE1
1.04904820105636e-14	0.591794915757856	0.217	0.154	2.07606638989053e-10	c29	ARHGAP25
1.0629644196034e-14	0.688284414542213	0.175	0.118	2.10360658639512e-10	c29	STX17
1.18171559322411e-14	0.973788930575096	0.096	0.055	2.33861515899052e-10	c29	TDRD3
1.27489358489223e-14	0.793701092216591	0.122	0.075	2.52301440450172e-10	c29	SUPT3H
1.30037757155928e-14	0.5982935355485	0.195	0.134	2.57344721411581e-10	c29	IPCEF1
1.36788757962361e-14	0.356911383196266	0.389	0.31	2.70704952007512e-10	c29	RASAL3
3.23564512074155e-14	0.589356080293979	0.181	0.124	6.40334169394753e-10	c29	PCBD1
3.49442519790617e-14	0.212963275210574	0.775	0.7	6.91546746665632e-10	c29	UBE2D3
3.66844544144646e-14	0.479454011015984	0.326	0.253	7.25985352862255e-10	c29	DDIT3
4.66736950327322e-14	0.404440517796578	0.427	0.355	9.2367242469777e-10	c29	SRP9
4.78302410130635e-14	0.889201185676237	0.069	0.035	9.46560469648527e-10	c29	CD300A
5.47889540474106e-14	0.591148018875154	0.153	0.1	1.08427340059826e-09	c29	PARP15
5.92327439719478e-14	1.49274514686379	0.031	0.012	1.17221600320485e-09	c29	FAM84B
6.86344065137453e-14	0.692245360982432	0.116	0.071	1.35827490490702e-09	c29	SIDT1
7.29308000429214e-14	0.564242768546756	0.204	0.143	1.44330053284941e-09	c29	PTPN4
9.79995781762801e-14	0.907091777686747	0.097	0.057	1.93941165210858e-09	c29	SRGAP2
1.29742442644394e-13	0.523039650714894	0.264	0.2	2.56760293993256e-09	c29	PPID
1.32124324697284e-13	0.719664976855101	0.127	0.08	2.61474038575925e-09	c29	SPTLC2
1.35575228958905e-13	0.46194005635572	0.262	0.195	2.68303378109674e-09	c29	HLA-DMA
1.40163172306449e-13	0.553966712194003	0.311	0.242	2.77382917994462e-09	c29	MT1E
1.46371732087073e-13	0.602218972652953	0.258	0.197	2.89669657800317e-09	c29	SUSD3
1.48868628475791e-13	0.677407200605293	0.179	0.125	2.9461101575359e-09	c29	ME2
1.54089838860288e-13	0.222155897704866	0.815	0.762	3.04943791104509e-09	c29	TMA7
1.92395931291079e-13	1.30148074305633	0.044	0.02	3.80751548025045e-09	c29	TRIM34
2.13815563658768e-13	0.512238202947423	0.23	0.166	4.23141000480702e-09	c29	FKBP11
2.20066797602806e-13	0.294393708964074	0.668	0.617	4.35512192455953e-09	c29	DNAJB6
2.52974855091804e-13	0.791910399535486	0.1	0.06	5.00637238226679e-09	c29	RHBDF2
2.74083483713404e-13	0.613142425920757	0.119	0.073	5.42411214268827e-09	c29	PECAM1
2.76220413423756e-13	0.516694760416743	0.217	0.156	5.46640198165613e-09	c29	GPR171
2.76501538073415e-13	0.309226606741675	0.417	0.338	5.47196543847289e-09	c29	CFLAR
2.7770877870819e-13	0.41171574420654	0.395	0.326	5.49585673063508e-09	c29	TNFRSF14
2.83978456824145e-13	0.540925007814013	0.273	0.21	5.61993366054982e-09	c29	AP3S1
3.3072586485811e-13	1.06965437145911	0.058	0.029	6.54506486554199e-09	c29	B4GALT5
4.16414600486856e-13	0.256348407247406	0.746	0.697	8.24084494363489e-09	c29	HSPD1
4.17730193287082e-13	0.545718276772543	0.164	0.111	8.26688052515136e-09	c29	PTPRE
4.28853855252118e-13	0.920979271720335	0.106	0.065	8.48701779543941e-09	c29	RAD9A
4.54528116804185e-13	0.401829443122403	0.422	0.352	8.99511143155483e-09	c29	ATP5MPL
5.42673943639505e-13	0.35186317203602	0.474	0.406	1.07395173446258e-08	c29	ARPC5
5.51187488516763e-13	0.642287720930538	0.178	0.124	1.09080003977467e-08	c29	TMEM170A
5.60816489929713e-13	1.33105236713863	0.037	0.016	1.1098558335709e-08	c29	PRKCE
6.03759802598404e-13	0.898744826613722	0.047	0.022	1.19484064934224e-08	c29	SYNGR1
6.10286003601635e-13	1.69607497512632	0.024	0.008	1.20775600112764e-08	c29	CCL2
6.42817417041655e-13	1.02176443029831	0.064	0.034	1.27213566832543e-08	c29	KIAA0513
7.5870779561177e-13	0.320858637954019	0.312	0.238	1.50148272751569e-08	c29	TSEN54
7.77114913896713e-13	1.51601961678854	0.037	0.016	1.53791041460159e-08	c29	HLA-G
8.63195835667086e-13	0.5973530204632	0.19	0.135	1.70826455878516e-08	c29	SPATA13
9.426550607052e-13	0.481223729717433	0.284	0.221	1.86551436513559e-08	c29	ODF2L
9.4398331125446e-13	0.916848359771984	0.081	0.046	1.86814297297258e-08	c29	MICB
1.21591719353448e-12	1.22506940896376	0.025	0.009	2.40630012600473e-08	c29	SCUBE1
1.23799143521686e-12	0.780561657608371	0.126	0.081	2.44998505029416e-08	c29	WDFY1
1.47952620647186e-12	1.86859296503213	0.016	0.005	2.92798236260781e-08	c29	GMPR
1.62286176405837e-12	0.434816671146429	0.352	0.286	3.21164343107152e-08	c29	CAPN2
1.88384465297508e-12	0.769946044024392	0.108	0.066	3.72812856823769e-08	c29	MBD5
1.98022397281872e-12	0.750743717991551	0.074	0.041	3.91886324220826e-08	c29	GFOD1
2.33811221204809e-12	0.508149848331045	0.253	0.192	4.62712406764318e-08	c29	DNAJB4
3.25880886795995e-12	0.574246013234674	0.154	0.104	6.44918274969275e-08	c29	GIMAP5
3.29915389813842e-12	0.571146840154394	0.224	0.167	6.52902556441594e-08	c29	C6orf62
3.30685867752186e-12	1.0740112874167	0.037	0.016	6.54427332281576e-08	c29	TTC16
3.3145189913188e-12	0.387112397204839	0.392	0.33	6.55943308381991e-08	c29	UBE2L3
3.45527677860414e-12	0.62770702966463	0.208	0.153	6.83799274485759e-08	c29	DUSP10
3.73876268102857e-12	0.440748793285399	0.3	0.236	7.39901134575554e-08	c29	SRRT
3.83602408831475e-12	0.250593299390874	0.669	0.617	7.5914916707749e-08	c29	UBL5
4.07321379297166e-12	0.543191835117815	0.257	0.198	8.06089009629091e-08	c29	IRF3
4.28810528204375e-12	0.278353551084942	0.658	0.605	8.48616035316458e-08	c29	TRMT112
4.78938006500317e-12	0.467020265246452	0.318	0.259	9.47818314864127e-08	c29	TMEM179B
6.22759218048396e-12	0.326773400244478	0.437	0.372	1.23244049251778e-07	c29	ARHGAP9
6.366001173984e-12	1.25620111022672	0.04	0.018	1.25983163233143e-07	c29	IL15
7.33171370138418e-12	0.468418474237719	0.331	0.272	1.45094614150393e-07	c29	RNF181
7.45956504497051e-12	0.845363062412402	0.056	0.029	1.47624792239966e-07	c29	PLCG2
7.66231768142153e-12	0.954364647391134	0.104	0.065	1.51637266915332e-07	c29	FAM83D
8.51407015693588e-12	0.441957598823895	0.267	0.205	1.68493448405761e-07	c29	THEMIS
8.77564487277147e-12	0.290359699069488	0.54	0.478	1.73670012032147e-07	c29	HLA-F
9.06521121183111e-12	0.59266470079242	0.206	0.152	1.79400529882138e-07	c29	PAIP1
9.8014207597783e-12	0.570864844040842	0.162	0.112	1.93970116836013e-07	c29	OTULINL
9.91559787056083e-12	0.470129855011076	0.275	0.214	1.96229681858399e-07	c29	PCED1B
1.06096739897348e-11	0.65830139080774	0.166	0.117	2.09965448256852e-07	c29	XPO1
1.1235843840179e-11	0.384519185132344	0.369	0.308	2.22357349597143e-07	c29	PYURF
1.21023593915297e-11	0.251642783918973	0.73	0.679	2.39505692358373e-07	c29	PCBP1
1.3262881500726e-11	1.20098868867833	0.043	0.021	2.62472424899368e-07	c29	MMAA
1.3427205445871e-11	0.906562633504238	0.081	0.047	2.65724395773786e-07	c29	JAK2
1.42557551829728e-11	0.325351163971478	0.392	0.323	2.82121395071031e-07	c29	RALGAPA1
1.42704042690833e-11	0.870743358266028	0.094	0.058	2.82411300485158e-07	c29	ANKIB1
1.48172570315485e-11	0.295145856111099	0.453	0.384	2.93233516654345e-07	c29	MAT2B
1.50386538470637e-11	0.243579234928715	0.387	0.314	2.97614959633391e-07	c29	SLC7A5
1.89861962728536e-11	0.548185419702772	0.193	0.14	3.75736824239772e-07	c29	C21orf91
1.94075898006577e-11	0.144537055408538	0.941	0.922	3.84076202155015e-07	c29	ACTG1
2.00300653473321e-11	0.884199887025606	0.059	0.031	3.96394993223703e-07	c29	MS4A1
2.1255201877661e-11	0.530056504965541	0.232	0.176	4.20640445158911e-07	c29	ORMDL3
2.63087421259456e-11	0.517646440337733	0.233	0.179	5.20650006672464e-07	c29	PPP2R2A
2.76858220126867e-11	0.369975038255128	0.323	0.258	5.47902417631069e-07	c29	SERPINB9
2.83656021197633e-11	0.309487970752477	0.481	0.414	5.61355265950116e-07	c29	PIK3R1
2.87338788704707e-11	0.651473343112035	0.161	0.113	5.68643462846616e-07	c29	GTPBP8
3.15732562194469e-11	0.47724410011654	0.25	0.193	6.24834740582855e-07	c29	ARL6IP6
4.52029989061111e-11	0.557048522606069	0.2	0.147	8.94567348351938e-07	c29	FAM53C
5.37824936870651e-11	0.697170179803382	0.148	0.104	1.06435555006702e-06	c29	TOR3A
5.40668302322471e-11	0.829384113536979	0.056	0.029	1.06998257029617e-06	c29	FCRL6
5.41841211767003e-11	1.08106436424903	0.052	0.027	1.0723037580869e-06	c29	PARP3
5.79603409732709e-11	0.268263642723132	0.562	0.506	1.14703514786103e-06	c29	LITAF
5.84405481477413e-11	0.686268336239011	0.12	0.079	1.1565384478438e-06	c29	RABGGTA
6.37891270591986e-11	0.749213773564581	0.101	0.064	1.26238682450154e-06	c29	FBXO44
6.51741004154506e-11	0.363171711894162	0.406	0.346	1.28979544722177e-06	c29	BANF1
7.1220449856439e-11	0.367314621401385	0.416	0.36	1.40945270265893e-06	c29	TNFAIP8
7.31155345003147e-11	0.583730698492518	0.139	0.095	1.44695642776123e-06	c29	USP25
7.31678233298035e-11	1.09803708225208	0.041	0.019	1.44799122369681e-06	c29	CASZ1
7.67613340453928e-11	0.479432790525544	0.223	0.168	1.51910680075832e-06	c29	ITGB7
8.10064704570511e-11	1.18711638494014	0.038	0.018	1.60311805034504e-06	c29	L3HYPDH
8.22334120578863e-11	0.497121846458028	0.267	0.21	1.62739922462557e-06	c29	ASF1A
8.41771785784214e-11	0.876311061370182	0.083	0.05	1.66586636406696e-06	c29	KLHDC7B
9.57951774291922e-11	0.480433260369744	0.283	0.224	1.89578656132371e-06	c29	BHLHE40
1.03171907198815e-10	0.611946186311171	0.155	0.11	2.04177204346455e-06	c29	CGAS
1.06933054285095e-10	0.505808956801279	0.248	0.194	2.11620514430202e-06	c29	C1D
1.07980792880665e-10	0.297670746254692	0.526	0.464	2.13693989110837e-06	c29	TMEM258
1.10532371335361e-10	0.535279163911722	0.241	0.188	2.18743562872679e-06	c29	SRM
1.14593943590395e-10	0.363597340157029	0.433	0.375	2.26781414365392e-06	c29	RHOF
1.15245466206739e-10	0.920159603606581	0.057	0.031	2.28070777623136e-06	c29	TPRG1
1.23906434441356e-10	0.538658735801948	0.173	0.125	2.45210833759443e-06	c29	KCNA3
1.28322583161475e-10	0.263805660061258	0.605	0.552	2.53950392076559e-06	c29	KRTCAP2
1.40702765168747e-10	0.406359669885742	0.305	0.247	2.7845077226895e-06	c29	LSM2
1.41997582208163e-10	1.04365720070912	0.053	0.028	2.81013215189955e-06	c29	NOD1
1.5622360093857e-10	0.535274272907988	0.298	0.244	3.0916650625743e-06	c29	RALA
1.57595271469686e-10	0.840807978526187	0.06	0.033	3.11881042238508e-06	c29	PLCXD2
1.57916095534362e-10	0.425070600356094	0.254	0.198	3.12515953062502e-06	c29	CIR1
1.59606788125024e-10	0.247928125661539	0.635	0.584	3.15861833699422e-06	c29	CIB1
1.71857489477478e-10	0.117912488232022	0.748	0.716	3.40105971675928e-06	c29	DUSP1
1.99507854690273e-10	0.888715086198075	0.058	0.031	3.9482604443205e-06	c29	CD101
2.19392865612232e-10	0.413434151352243	0.24	0.184	4.34178481046607e-06	c29	TRPC4AP
2.25040430614014e-10	0.685268970988207	0.121	0.081	4.45355012185134e-06	c29	RDH14
2.31709035267046e-10	1.15729065635532	0.037	0.017	4.58552180793484e-06	c29	CDKL1
2.37117802518902e-10	0.35915354230272	0.458	0.402	4.69256131184906e-06	c29	SEC61G
2.42332599783392e-10	0.425323240691203	0.263	0.208	4.79576214971332e-06	c29	RNASEH2B
2.51666986085112e-10	0.172178146113146	0.77	0.718	4.98048965462437e-06	c29	FYB1
2.77375640716098e-10	0.304149339444892	0.43	0.37	5.48926392977158e-06	c29	TOP1
2.87978288858549e-10	0.326559592084952	0.475	0.418	5.69909033651068e-06	c29	PSMB3
2.94679572907892e-10	0.641919794911499	0.135	0.093	5.83170874784719e-06	c29	APOL3
2.97962148623464e-10	0.604149361751435	0.106	0.069	5.89667092125836e-06	c29	ITPRIP
3.24787571258683e-10	0.892656815744129	0.036	0.017	6.42754603520934e-06	c29	S1PR5
3.26008727579734e-10	1.03082205072066	0.066	0.038	6.45171271880293e-06	c29	GPR180
3.28210690866808e-10	0.358321958133609	0.321	0.26	6.49528957225413e-06	c29	C12orf75
3.31167133636903e-10	0.284280390972249	0.529	0.472	6.55379757467431e-06	c29	RABAC1
3.38185011513361e-10	0.425643047870142	0.23	0.176	6.69268137784941e-06	c29	MIDN
3.51440012517532e-10	0.282873740079383	0.512	0.452	6.95499784772195e-06	c29	ZC3HAV1
3.58453355194069e-10	1.14633490755805	0.041	0.02	7.09379189929062e-06	c29	ASAH2B
3.65657515868864e-10	0.390395371906822	0.342	0.282	7.23636223904481e-06	c29	CDC42EP3
4.08258969264514e-10	0.441636827288504	0.257	0.203	8.07944500174473e-06	c29	C11orf98
4.11960420932196e-10	0.74458149923267	0.079	0.048	8.15269673024816e-06	c29	SERTAD3
4.36779100909895e-10	1.15153127294945	0.069	0.04	8.64385840700683e-06	c29	U2AF1L5
5.08845270814015e-10	1.05696236060449	0.059	0.033	1.00700479094094e-05	c29	TSC22D1
5.34403046424698e-10	0.482559035370237	0.166	0.12	1.05758362887448e-05	c29	LAX1
5.9281604641988e-10	0.268305975380523	0.363	0.298	1.17318295586494e-05	c29	SH2D1A
6.00566088783908e-10	0.56297651053212	0.185	0.138	1.18852028970335e-05	c29	CKAP2
6.11665708364096e-10	0.27856032949823	0.527	0.469	1.21048643685255e-05	c29	SH2D2A
6.44051942917275e-10	0.333445043265261	0.428	0.371	1.27457879503329e-05	c29	DYNLRB1
7.00226281116789e-10	0.444875299630884	0.275	0.219	1.38574781033012e-05	c29	CAPG
7.35158014105455e-10	0.581097102824758	0.173	0.128	1.4548777099147e-05	c29	C3orf38
7.73314683451861e-10	0.454937489239303	0.272	0.218	1.53038975855123e-05	c29	MVP
9.01896653557567e-10	0.314204765351328	0.413	0.356	1.78485347739042e-05	c29	MRFAP1
9.35700411473786e-10	0.271999762318448	0.529	0.47	1.85175111430662e-05	c29	LCP2
9.97604551840216e-10	0.238447660331303	0.568	0.512	1.97425940809179e-05	c29	C11orf58
1.02645817221799e-09	0.612888669408287	0.122	0.083	2.0313607228194e-05	c29	DNAJA4
1.0315599105085e-09	0.691036873014207	0.16	0.118	2.04145706289632e-05	c29	GTF2H5
1.05585395808721e-09	0.479514320396308	0.187	0.139	2.08953498305458e-05	c29	UVRAG
1.14624231386164e-09	0.297257787256494	0.396	0.338	2.26841353913219e-05	c29	PRPF40A
1.15092054553383e-09	0.73720799315488	0.049	0.026	2.27767175961145e-05	c29	KLRK1
1.24328737652462e-09	0.253388944041384	0.555	0.499	2.46046571814221e-05	c29	ARF6
1.24773546757980e-09	0.331243068908812	0.376	0.323	2.46926849034041e-05	c29	SCAMP2
1.28242012964537e-09	0.419289996858104	0.265	0.212	2.53790943656819e-05	c29	ITGAE
1.55343161913331e-09	0.436372931624918	0.275	0.222	3.07424117426483e-05	c29	LSM6
1.64055285162314e-09	1.08478716278902	0.055	0.031	3.24665409336219e-05	c29	CCRL2
1.72183264563646e-09	0.463441381108243	0.241	0.189	3.40750680571455e-05	c29	MAGED2
1.7470910628277e-09	0.48020760350494	0.227	0.177	3.45749321333602e-05	c29	DEGS1
1.87195682507795e-09	0.813877327703838	0.062	0.036	3.70460255682927e-05	c29	TYROBP
2.07969127481019e-09	0.282038422041864	0.435	0.374	4.11570903284937e-05	c29	PPP2R5C
2.33385744521529e-09	1.73103193268411	0.018	0.007	4.61870388408105e-05	c29	TMEM244
2.35511813030115e-09	0.443997450475477	0.276	0.225	4.66077877986598e-05	c29	HSPB11
2.44654743326943e-09	1.17609119653234	0.039	0.019	4.8417173704402e-05	c29	HVCN1
2.46867031885535e-09	0.63954179959388	0.132	0.093	4.88549856101473e-05	c29	USP42
2.49655651344972e-09	0.25365336575475	0.589	0.539	4.940685340117e-05	c29	PRR13
2.51094736557945e-09	0.292691265213114	0.515	0.465	4.96916483648174e-05	c29	SNRPG
2.55270015656059e-09	0.2872219231092	0.469	0.416	5.0517936098334e-05	c29	ATP5MD
2.61007365234205e-09	0.332504075600219	0.428	0.376	5.16533575798491e-05	c29	SCAND1
2.71516694649964e-09	0.649228728661558	0.069	0.041	5.37331538712278e-05	c29	MCTP2
2.74459066713241e-09	0.599445075623459	0.094	0.061	5.43154493025504e-05	c29	BCAS4
2.79429471011216e-09	0.942707255474756	0.032	0.015	5.52990923131196e-05	c29	RCAN2
2.90933160201572e-09	0.293770496767861	0.33	0.274	5.75756724038912e-05	c29	SAMHD1
3.06240927105304e-09	0.469154581012217	0.18	0.134	6.06050794741397e-05	c29	C16orf54
3.14231597118907e-09	0.357217702962589	0.341	0.287	6.21864330698316e-05	c29	RAB1B
3.28118812330878e-09	0.262817761294211	0.401	0.339	6.49347129602808e-05	c29	VPS37B
3.35448361788156e-09	0.40522216756179	0.336	0.283	6.63852307978761e-05	c29	RAB11A
3.64282148347001e-09	0.830528232531958	0.064	0.037	7.20914371578716e-05	c29	GNGT2
3.7150318265273e-09	0.10854509868012	0.925	0.898	7.35204798469753e-05	c29	OAZ1
3.71892118460833e-09	0.646972278027373	0.147	0.106	7.35974502433988e-05	c29	CD2AP
4.04106012328153e-09	0.262578074149882	0.53	0.474	7.99725798397414e-05	c29	WDR83OS
4.45197972991393e-09	0.671297621498281	0.111	0.075	8.81046788549966e-05	c29	KLHDC4
5.08295380685136e-09	0.565503429644025	0.167	0.124	0.000100591655837588	c29	SNRNP27
5.91906120476273e-09	0.560078820098938	0.215	0.169	0.000117138221242254	c29	GCHFR
6.04649324994768e-09	0.257388638691627	0.496	0.44	0.000119660101416465	c29	ANXA6
6.27462074157483e-09	0.692538046469562	0.106	0.071	0.000124174744475766	c29	LRMP
6.4956928313902e-09	0.261118985313708	0.47	0.408	0.000128549761133212	c29	CD27
7.06528145907276e-09	0.537719057231874	0.247	0.2	0.00013982192007505	c29	UPP1
7.11383232528574e-09	0.375434617219975	0.299	0.246	0.000140782741717405	c29	RTF1
7.16853209362992e-09	0.318784915193261	0.406	0.354	0.000141865250132936	c29	DEF6
7.25793437702586e-09	0.582753084269161	0.106	0.071	0.000143634521321342	c29	TBC1D2B
7.76647743399273e-09	0.360715589255361	0.315	0.263	0.000153698588418716	c29	RNF166
8.53655999983744e-09	0.824490095432617	0.06	0.035	0.000168938522396783	c29	GIMAP8
8.73347419574697e-09	0.241895769457844	0.556	0.506	0.000172835454333833	c29	MSN
9.30257602850773e-09	0.340006933793787	0.361	0.308	0.000184097979604168	c29	AIP
9.37507889058932e-09	1.27328430891287	0.027	0.012	0.000185532811244763	c29	GSDMB
9.62412850613654e-09	0.3072893405041	0.386	0.328	0.000190461503136442	c29	PTPN7
9.71317129708534e-09	0.286167447173519	0.449	0.394	0.000192223659969319	c29	CCND3
1.01367072588131e-08	0.866881617309051	0.074	0.046	0.000200605436651911	c29	REC8
1.02092114976434e-08	0.583476829186241	0.182	0.138	0.000202040295538362	c29	MLLT6
1.08130964169421e-08	1.03252086234913	0.034	0.017	0.000213991178091285	c29	ATP8B4
1.11723477514264e-08	0.288301152102688	0.409	0.355	0.000221100762000728	c29	BUD31
1.31191496736762e-08	0.376552334643838	0.268	0.217	0.000259627972042052	c29	DR1
1.36271243980981e-08	0.236569571760753	0.402	0.337	0.000269680791838361	c29	IL2RB
1.48183925728467e-08	0.498809942714663	0.184	0.14	0.000293255989016635	c29	HACD4
1.54015689342823e-08	0.669603453398141	0.083	0.053	0.000304797049209447	c29	BICD1
1.60072658553062e-08	0.182857840184492	0.402	0.34	0.000316783791276509	c29	ID2
1.60215353343491e-08	0.485924799232524	0.191	0.147	0.000317066184266769	c29	SLC20A1
1.63540749798736e-08	0.226275354873953	0.54	0.485	0.000323647143851698	c29	CCNL1
1.68754567307239e-08	0.140684067854316	0.813	0.775	0.000333965288701027	c29	CD3D
1.75804081443999e-08	0.930322118900498	0.033	0.016	0.000347916277177674	c29	CIITA
1.86773574680688e-08	0.112560287455372	0.485	0.412	0.000369624904293081	c29	GSTP1
1.9275290841934e-08	0.751175057100126	0.076	0.048	0.000381458005761875	c29	RGS3
2.0509086192217e-08	0.3061075359132	0.393	0.34	0.000405874815743975	c29	CCND2
2.12677016413557e-08	0.460129464552688	0.231	0.186	0.000420887815482429	c29	SMIM7
2.20713709305923e-08	0.417068722075529	0.281	0.233	0.000436792430716422	c29	SPN
2.56153224054026e-08	1.2757336223709	0.026	0.012	0.000506927230402918	c29	IFI30
2.57156019223668e-08	0.213894113326014	0.742	0.7	0.000508911762043638	c29	PTGES3
2.58628290574605e-08	0.66931956008001	0.095	0.063	0.000511825387047143	c29	ETS2
2.60829788652255e-08	0.232076078965341	0.56	0.511	0.000516182151742812	c29	RAP1B
2.61746957180416e-08	0.114652055430443	0.905	0.87	0.000517997228260043	c29	CYBA
2.70513685079093e-08	0.615090083185981	0.145	0.107	0.000535346582771526	c29	MRPL17
2.76588225560887e-08	1.38624082324155	0.012	0.004	0.000547368098384995	c29	FGD2
2.78594720693795e-08	0.832909791677599	0.043	0.023	0.000551338952253019	c29	ADAMTS6
2.82623770949951e-08	0.428352786459367	0.174	0.131	0.000559312442709953	c29	PLEKHF1
2.90664443352883e-08	0.269361963958297	0.407	0.351	0.000575224933395356	c29	RAB5IF
3.31218925719361e-08	0.325942049198148	0.348	0.297	0.000655482253998616	c29	CGGBP1
3.47311742853995e-08	0.185379870424651	0.64	0.593	0.000687329939108055	c29	COX7A2
3.71845412713769e-08	0.246840549310657	0.449	0.393	0.000735882071760548	c29	MT1X
3.82534454812606e-08	0.872685770964688	0.047	0.026	0.000757035686074147	c29	SLFN12
3.90941889054473e-08	1.43765867207522	0.015	0.006	0.000773673998438802	c29	BEND4
4.05912590308962e-08	0.699980815032033	0.063	0.038	0.000803301016221435	c29	TTC38
4.15480401902046e-08	0.333443692349831	0.329	0.279	0.000822235715364149	c29	CCDC12
4.25782571496399e-08	0.275969713041533	0.354	0.3	0.000842623708991375	c29	SYNRG
4.33134675745458e-08	0.654069483351718	0.099	0.068	0.000857173523300262	c29	TRIM13
4.37230778189058e-08	0.55034010372889	0.167	0.127	0.000865279710036145	c29	PPP6R1
4.81369925582345e-08	0.244419844542033	0.512	0.459	0.000952631082727461	c29	GNB2
4.89350742081573e-08	0.183182799744009	0.668	0.625	0.000968425118579433	c29	NDUFS5
4.91933818634304e-08	0.349997313571524	0.363	0.316	0.000973537027077288	c29	PNRC2
5.35406179409928e-08	0.304637383864444	0.324	0.274	0.00105956882905225	c29	SH3GLB1
5.41118548288846e-08	0.59483607786684	0.139	0.102	0.00107087360706363	c29	ADA
5.59222395128225e-08	0.655510533968338	0.128	0.093	0.00110670111995876	c29	EXOC2
5.71513196077047e-08	0.570525163032179	0.138	0.101	0.00113102461503648	c29	RIPK1
5.93618039228272e-08	0.475369233708351	0.146	0.108	0.00117477009963275	c29	XIAP
6.15667381206181e-08	0.244798440435832	0.405	0.351	0.00121840574740703	c29	AKNA
6.20155640247343e-08	0.29561459239616	0.426	0.376	0.00122728801204949	c29	SKIL
6.42118688708746e-08	0.676226067901963	0.094	0.063	0.00127075288495461	c29	ITPK1
6.77430225338662e-08	0.442235348466524	0.158	0.117	0.00134063441594521	c29	SLAMF6
7.28011938667798e-08	0.466008515935104	0.188	0.146	0.00144073562662357	c29	YARS
7.28362034069158e-08	0.761704675662448	0.051	0.029	0.00144142846542286	c29	GAB3
7.45461281469032e-08	0.395271819699452	0.179	0.136	0.00147526787602721	c29	WHAMM
7.5220296514809e-08	0.999857640321792	0.026	0.012	0.00148860966802807	c29	KLRC2
7.58109545899088e-08	0.584428087223947	0.138	0.101	0.00150029879133429	c29	TM9SF1
7.69516769169889e-08	0.15113749882914	0.428	0.366	0.00152287368618721	c29	RNF19A
7.82379024126444e-08	0.269361773759364	0.353	0.3	0.00154832808874623	c29	IL16
8.20687364890824e-08	0.398434701077285	0.192	0.148	0.00162414029511894	c29	LENG1
8.49087587154171e-08	0.793794134923676	0.062	0.038	0.00168034433497811	c29	AIF1
8.59610021229665e-08	0.377324985810373	0.282	0.235	0.00170116823201351	c29	ATG12
8.746794959117e-08	0.325240874762085	0.321	0.27	0.00173099072240925	c29	CYBC1
8.78519470912437e-08	0.934401712460747	0.049	0.028	0.00173859003293571	c29	WWC3
8.83193599117093e-08	0.30773529040318	0.382	0.337	0.00174784013265273	c29	MRPL41
9.00932999734472e-08	0.298341812918898	0.298	0.249	0.00178294640647452	c29	LNPEP
1.0408910727984e-07	0.23335038106581	0.504	0.451	0.00205992343306803	c29	PAXX
1.10247586355625e-07	1.58823053715343	0.01	0.003	0.00218179973397782	c29	TMEM155
1.17203897889677e-07	0.222298466761715	0.442	0.391	0.00231946513923671	c29	RSRC2
1.19210819339655e-07	0.149562235755857	0.86	0.846	0.00235918211473177	c29	ITM2B
1.21919006402948e-07	0.326998399637682	0.356	0.307	0.00241277713671435	c29	POLD4
1.31291256297787e-07	0.301751034921693	0.44	0.397	0.00259825396213321	c29	COX7B
1.35840304931535e-07	0.568123088924712	0.118	0.084	0.00268827963459507	c29	CSNK1G2
1.3612947752561e-07	0.409219624252649	0.224	0.179	0.00269400236023182	c29	TOX
1.44830452406749e-07	0.562152822687703	0.122	0.088	0.00286619465312956	c29	CXorf38
1.47020754192716e-07	0.469866746684868	0.184	0.143	0.00290954072547385	c29	LINS1
1.6632337422251e-07	0.466445008504954	0.222	0.181	0.00329153957586348	c29	NRBF2
1.71137844400015e-07	0.544241278676221	0.13	0.095	0.0033868179406763	c29	ZNF107
1.76427038573615e-07	0.783342588244888	0.042	0.023	0.00349149109337184	c29	KIR2DL4
1.8079884237664e-07	0.288263854201065	0.394	0.347	0.0035780090906337	c29	PPP4C
1.8233836901609e-07	0.254601796813895	0.513	0.468	0.00360847632282842	c29	UQCR10
1.97293890526082e-07	1.38989555549405	0.01	0.003	0.00390444609351116	c29	WDR63
1.99042458385833e-07	1.52960107525238	0.019	0.008	0.00393905025145564	c29	IL10
2.05795228783764e-07	0.580315206665122	0.134	0.099	0.00407268757763069	c29	BID
2.12742361351554e-07	0.318633007961864	0.24	0.194	0.00421017133114725	c29	PDLIM2
2.17746432445106e-07	0.719274102711249	0.065	0.041	0.00430920189808865	c29	GSE1
2.22203808071131e-07	0.589117877490174	0.181	0.143	0.00439741336172768	c29	TMEM14A
2.27006169324358e-07	1.05774039818115	0.034	0.018	0.00449245209092904	c29	C1QB
2.28723938202421e-07	0.353445427300266	0.332	0.288	0.00452644673702591	c29	MIER1
2.35578102721975e-07	1.04336327987116	0.03	0.015	0.00466209065286788	c29	SLC25A28
2.42289062214912e-07	0.468614374766555	0.184	0.144	0.00479490054123311	c29	SPAG7
2.49825602455369e-07	0.52964467760059	0.118	0.085	0.00494404867259174	c29	LIPA
2.57029052437123e-07	0.488400266387866	0.06	0.037	0.00508660494773066	c29	CD244
2.73466171157036e-07	0.833816545798656	0.078	0.052	0.00541189552719773	c29	PIK3CB
2.78208586998139e-07	0.327225666571809	0.306	0.261	0.00550574793669318	c29	BBX
2.79145720658963e-07	0.734554577476447	0.073	0.047	0.00552429381184088	c29	ASAP1
3.1101519367664e-07	0.453965095844108	0.209	0.168	0.00615499068286071	c29	C7orf50
3.1306400044774e-07	0.443871645175522	0.133	0.098	0.00619553656886077	c29	ZNF276
3.36019759361842e-07	0.319230243491907	0.282	0.237	0.00664983103777086	c29	TRABD
3.36680108526134e-07	1.1472265290928	0.03	0.015	0.00666289934773219	c29	N4BP3
3.39926152920223e-07	0.352353309948548	0.313	0.269	0.00672713856629122	c29	CNOT2
3.42351520590653e-07	0.307509977490407	0.336	0.289	0.00677513659248902	c29	DEDD2
3.44114866700181e-07	0.6460581384587	0.104	0.073	0.00681003321199658	c29	TENT4B
3.58217411173567e-07	1.10721395356023	0.03	0.015	0.00708912256712489	c29	F8
3.67149731333936e-07	0.154837694131169	0.126	0.089	0.0072658931830986	c29	CCL3L1
3.78835168598945e-07	0.264076921413292	0.385	0.34	0.00749714798657312	c29	UBE2A
3.81494166660881e-07	0.461199451287806	0.199	0.16	0.00754976955821883	c29	PLEKHJ1
4.1323656590362e-07	0.438932186260325	0.235	0.193	0.00817795163923264	c29	HMGN4
4.15601462634004e-07	0.18418158603954	0.735	0.692	0.00822475294552693	c29	COX6A1
4.32410940649319e-07	0.500290283900885	0.157	0.121	0.00855741251545002	c29	CARS
4.52180610660384e-07	0.336858080800327	0.167	0.127	0.008948654284969	c29	KIF21A
4.60123807924719e-07	0.310054212448702	0.295	0.249	0.0091058501588302	c29	RSBN1L
4.85698968245494e-07	1.0141500990759	0.041	0.023	0.00961198258157833	c29	LRRN3
5.18733974743495e-07	0.639223867742864	0.084	0.057	0.0102657453601738	c29	TTC9C
5.69579612327474e-07	1.2613661666521	0.019	0.008	0.0112719805279607	c29	SCD5
5.74201311263529e-07	0.627736601664905	0.088	0.061	0.0113634439499052	c29	ARHGAP27
5.9438099960705e-07	0.592455181217627	0.129	0.096	0.0117627999822235	c29	STAMBPL1
5.95958265371819e-07	0.363128016355719	0.211	0.168	0.0117940140717083	c29	NIN
6.08340688776541e-07	0.323991646717114	0.282	0.239	0.0120390622308877	c29	PDCD10
6.26670263950077e-07	0.399663608721916	0.18	0.142	0.012401804523572	c29	NCBP3
6.6600844288564e-07	1.09106794882768	0.025	0.012	0.0131803070847068	c29	TMEM106A
6.94410650552112e-07	0.292469111288978	0.353	0.308	0.0137423867744263	c29	SS18L2
7.13897304382323e-07	0.207224089939163	0.629	0.582	0.0141280276537262	c29	COX5B
7.14096806413237e-07	0.556536709435062	0.164	0.129	0.014131975798918	c29	MCTS1
7.18825121981874e-07	0.797577580280696	0.042	0.024	0.0142255491640213	c29	PDLIM1
7.89088490903001e-07	0.688667107229415	0.087	0.06	0.0156160612349704	c29	TRAPPC2
7.90209675333864e-07	0.694187516696458	0.026	0.013	0.0156382494748572	c29	FGFBP2
9.06445105617257e-07	1.18940179635641	0.013	0.005	0.0179385486401655	c29	UGT8
9.5208986816963e-07	1.15803924202318	0.019	0.008	0.018841858491077	c29	CRYBG2
1.00418099157152e-06	0.214950139787089	0.41	0.363	0.0198727418232003	c29	PTPN22
1.01399954013676e-06	0.831357300075529	0.07	0.046	0.0200670508993065	c29	ZBTB32
1.03468861724218e-06	0.525061755388434	0.203	0.167	0.0204764877352228	c29	RABGGTB
1.03876631392557e-06	0.517826403764999	0.153	0.118	0.0205571853525871	c29	TMEM126B
1.05252337602944e-06	0.79341048636846	0.072	0.048	0.0208294376116227	c29	NFKBIE
1.11199786827306e-06	0.298268769655891	0.391	0.35	0.0220064378131238	c29	ATP6V1F
1.15122044404638e-06	1.56932419803586	0.011	0.004	0.0227826525876778	c29	GLDC
1.15977717510445e-06	0.297055948801632	0.326	0.281	0.0229519902953171	c29	TRAT1
1.17916309398162e-06	0.57473187743154	0.047	0.028	0.0233356376298963	c29	GALNT3
1.20958049131831e-06	0.463493757636269	0.146	0.111	0.0239375979231893	c29	STARD3NL
1.2455500268203e-06	0.162886509509574	0.676	0.637	0.0246494350307738	c29	HNRNPDL
1.26478559812293e-06	0.494443108294257	0.07	0.046	0.0250301069868528	c29	MZB1
1.29559951226173e-06	0.35980670385431	0.156	0.119	0.0256399143476596	c29	JAKMIP1
1.29952134735166e-06	0.300690633158055	0.361	0.315	0.0257175274640893	c29	IFRD1
1.31127375452381e-06	0.448139286583347	0.135	0.101	0.0259501076020262	c29	SMAD7
1.34462870942425e-06	0.210071468336991	0.51	0.47	0.0266102021595059	c29	COPE
1.46062310328548e-06	1.47047472639706	0.015	0.006	0.0289057312140197	c29	HS3ST1
1.46418136492075e-06	0.526992010352186	0.111	0.081	0.0289761492117817	c29	CD70
1.48209970950463e-06	0.38803839841991	0.221	0.182	0.0293307532510967	c29	FIBP
1.52448564175886e-06	0.417344842254587	0.25	0.21	0.0301695708504078	c29	ZNF644
1.57163680581379e-06	0.284958429967087	0.372	0.329	0.031102692387055	c29	SF3A2
1.66773100663612e-06	0.374480203352908	0.149	0.113	0.0330043966213289	c29	KIAA0040
1.76353529169309e-06	0.694976091870575	0.078	0.053	0.0349003634226062	c29	TXNL4B
1.8043750910886e-06	0.551621691676467	0.105	0.076	0.0357085830526435	c29	PIK3CG
1.81471582532478e-06	0.154680711188762	0.711	0.669	0.0359132261831774	c29	TPM3
1.97269498238818e-06	0.290626306127283	0.328	0.284	0.0390396337014621	c29	CCSER2
2.06972175922323e-06	0.451884317275498	0.164	0.129	0.0409597936150277	c29	SIRT2
2.12831265063577e-06	0.331836341618991	0.204	0.165	0.0421193073560819	c29	MIA3
2.16300235523051e-06	0.294969254404733	0.279	0.234	0.0428058166100117	c29	ARHGAP30
2.22392638446803e-06	0.552603730853623	0.128	0.097	0.0440115031486224	c29	JKAMP
2.36992010420998e-06	0.499465400936484	0.161	0.126	0.0469007188623155	c29	NBN
