p_val	avg_log2FC	pct.1	pct.2	p_val_adj	cluster	gene
0	0.562469003932216	0.971	0.575	0	c4	CCL5
0	0.576803282751176	0.813	0.419	0	c4	NKG7
0	0.848584715629326	0.738	0.374	0	c4	CD8A
0	0.80073850420612	0.915	0.573	0	c4	ANXA1
0	1.32017853740702	0.574	0.238	0	c4	CTSW
0	1.79474069038012	0.452	0.14	0	c4	HOPX
0	1.27468321482965	0.479	0.175	0	c4	GZMB
0	1.09289719955124	0.57	0.303	0	c4	SLC7A5
0	0.707423430157735	0.851	0.609	0	c4	IL7R
0	0.853111363528611	0.674	0.433	0	c4	LMNA
0	0.99643373160183	0.578	0.343	0	c4	FOSL2
0	1.06630028152993	0.498	0.265	0	c4	PRF1
0	1.51271185526066	0.361	0.13	0	c4	AUTS2
0	0.885167434639451	0.744	0.527	0	c4	TGFB1
0	1.34874167694252	0.338	0.125	0	c4	MATK
0	1.93522126433054	0.306	0.093	0	c4	GNLY
0	0.788011985420174	0.892	0.714	0	c4	S100A10
0	0.75481378042858	0.943	0.789	0	c4	ZFP36
0	1.40941397919197	0.212	0.066	0	c4	ZNF683
0	1.93746340126033	0.166	0.036	0	c4	KLRC1
0	0.734994656593096	0.981	0.886	0	c4	ZFP36L2
0	3.04406055654276	0.101	0.015	0	c4	GFPT2
0	0.812700349747963	0.971	0.892	0	c4	VIM
0	3.4538084573221	0.047	0.004	0	c4	FEZ1
0	0.742156393642695	0.999	0.974	0	c4	FTH1
2.43146039942316e-306	0.632927975442388	0.89	0.725	4.81186013045844e-302	c4	LDHA
9.51824427885687e-306	0.754299956830684	0.724	0.497	1.88366054278578e-301	c4	FAM177A1
1.7957809849133e-302	0.676622742171332	0.936	0.836	3.55385056914343e-298	c4	CRIP1
8.7345681110321e-299	1.6321191860477	0.294	0.124	1.72857102917325e-294	c4	CEBPD
2.26463833658291e-295	0.802569425360794	0.71	0.497	4.48171926809758e-291	c4	LITAF
1.03032096426512e-293	0.811930692698963	0.581	0.345	2.03900518828067e-289	c4	CD55
6.78093184095969e-292	1.08264623870761	0.478	0.266	1.34194641132592e-287	c4	GPR65
4.68407315376762e-289	2.21918162663231	0.126	0.032	9.26978077130611e-285	c4	GPR35
1.90361366570575e-284	0.423150021808405	0.978	0.849	3.76725144443168e-280	c4	CXCR4
3.01463142727021e-277	0.759920145411328	0.684	0.458	5.96595559456774e-273	c4	MYADM
3.04363443247706e-275	0.653824667783733	0.872	0.709	6.02335254187209e-271	c4	RGCC
5.00016711352221e-269	0.776927165211879	0.509	0.275	9.89533071766045e-265	c4	CD8B
5.83849548847092e-266	1.84378104656307	0.12	0.031	1.15543825716839e-261	c4	FXYD2
2.42104408401247e-262	0.533695709851278	0.926	0.786	4.79124624226067e-258	c4	S100A6
4.92265661010022e-248	1.13753352437909	0.29	0.129	9.74193743138833e-244	c4	SYTL2
2.74243947909732e-226	1.24271678359483	0.263	0.117	5.4272877291336e-222	c4	YBX3
2.62347756396365e-215	2.07147806195081	0.083	0.019	5.19186209908407e-211	c4	SYNGR1
4.10913539076037e-215	0.564505923766931	0.872	0.721	8.13197893831476e-211	c4	TAGLN2
1.30470273042097e-205	2.77610700130815	0.046	0.007	2.58200670350309e-201	c4	SLC4A10
2.17198091836059e-196	0.675715690638246	0.636	0.45	4.29835023743561e-192	c4	REL
3.49773052918006e-196	1.22133478942155	0.249	0.114	6.92200871724734e-192	c4	CLIC3
1.46098965990502e-194	0.788318592741225	0.239	0.104	2.89129853695204e-190	c4	KLRD1
1.29694864559795e-192	0.651846189240323	0.734	0.59	2.56666136963835e-188	c4	TUBA4A
1.2096258405955e-186	1.03955193499557	0.331	0.18	2.3938495385385e-182	c4	RARA
2.49484478374012e-183	0.825721378061116	0.412	0.244	4.93729782702169e-179	c4	NR4A3
2.00413653186864e-181	0.494460243927514	0.809	0.637	3.96618619656804e-177	c4	S100A11
8.88053928335827e-179	1.01590287182965	0.351	0.201	1.7574587241766e-174	c4	NXT1
2.05203807328958e-178	0.547469396146437	0.792	0.662	4.06098334704009e-174	c4	PGK1
3.34776499871192e-177	0.451308498713673	0.887	0.766	6.62522693245089e-173	c4	IFITM2
4.54698335382439e-173	0.713916486978526	0.473	0.301	8.99848005721847e-169	c4	JMJD6
1.6652983875987e-172	1.00465674024404	0.309	0.166	3.29562550905783e-168	c4	PERP
3.25926432651889e-172	0.735128453394804	0.5	0.331	6.45008410218087e-168	c4	PDE4D
3.4651755825792e-172	0.311526079569648	0.995	0.973	6.85758247792424e-168	c4	BTG1
4.86434499551154e-172	0.541300417121091	0.77	0.619	9.62653874611733e-168	c4	NDUFS5
5.28430746509025e-171	1.37990218180637	0.181	0.076	1.04576444734136e-166	c4	MAFF
5.71098288073313e-171	0.700418613943698	0.569	0.398	1.13020351209709e-166	c4	SYTL3
1.84371065741551e-167	0.948162625973009	0.362	0.212	3.64870339102529e-163	c4	KDM6B
1.45077850713866e-165	0.449096371267275	0.816	0.655	2.8710906656274e-161	c4	SELENOK
2.82952523138307e-164	1.02829630832783	0.312	0.171	5.59963043290709e-160	c4	IFNGR1
1.19220171745494e-159	0.477578595607992	0.839	0.694	2.35936719884333e-155	c4	EZR
2.44266896738872e-158	1.28049877405474	0.195	0.089	4.83404188646228e-154	c4	NBL1
2.93763466223345e-158	0.379043818504461	0.822	0.65	5.81357899656e-154	c4	YPEL5
1.14981901269498e-156	0.305172658985325	0.911	0.754	2.27549182612336e-152	c4	S100A4
1.68424277197319e-156	0.788775793385271	0.424	0.269	3.33311644573494e-152	c4	GABARAPL1
1.91246165780632e-155	1.13434895998758	0.176	0.075	3.78476162079871e-151	c4	XCL1
8.24219449671236e-155	0.19489543384141	0.999	0.988	1.63113029089938e-150	c4	RPS27A
1.54595465754022e-152	0.419454774997691	0.804	0.648	3.0594442672721e-148	c4	CD7
1.81260591564938e-151	0.193197899099687	0.998	0.986	3.58714710707012e-147	c4	RPS14
2.76155547179758e-149	0.229851759797974	0.838	0.617	5.4651182786874e-145	c4	CST7
4.334923170811e-146	1.88678814095778	0.092	0.029	8.57881295503496e-142	c4	THBS1
7.94432418894782e-146	0.201678364705231	0.999	0.99	1.57218175699277e-141	c4	RPS3
7.68771277587326e-143	0.881066018958695	0.291	0.161	1.52139835834532e-138	c4	FKBP11
2.64175440431709e-140	1.34794419643492	0.107	0.037	5.22803196614351e-136	c4	PLCB1
1.15109212374215e-139	0.699484134885194	0.452	0.299	2.27801131288571e-135	c4	RUNX3
1.67732854539022e-138	2.45676048223245	0.04	0.007	3.31943319132725e-134	c4	TMCC3
2.63896016559657e-138	0.186350453565079	0.999	0.989	5.22250216771561e-134	c4	TPT1
8.05835526525877e-138	0.121795197000178	1	0.997	1.59474850699471e-133	c4	MT-CO2
9.54040701471186e-138	0.836036009835446	0.372	0.232	1.88804654821148e-133	c4	ARL4A
2.10020101737587e-136	0.180988208798784	1	0.996	4.15629781338684e-132	c4	RPLP1
1.33830756646397e-133	0.944180817873686	0.27	0.148	2.64851067403219e-129	c4	TUBB2A
5.09065805176593e-133	0.540303065603273	0.642	0.49	1.00744122844448e-128	c4	G3BP2
1.15982855099225e-132	1.62083654178902	0.098	0.034	2.29530070241367e-128	c4	IGFBP3
2.83642407586727e-132	0.144882375473662	0.999	0.991	5.61328324614132e-128	c4	MT-CO3
5.72500792026619e-132	1.00823454623383	0.264	0.146	1.13297906742068e-127	c4	TNFSF14
1.46941663591136e-131	0.202616615915348	0.907	0.732	2.90797552246858e-127	c4	DUSP2
2.13449434055628e-130	0.894878046269627	0.215	0.107	4.22416429996088e-126	c4	ITGA1
9.18326839627665e-130	0.456157379231838	0.681	0.527	1.81736881562315e-125	c4	AHNAK
1.0428740121019e-128	1.09670595749039	0.162	0.072	2.06384766994966e-124	c4	PTGER2
4.11249961030233e-127	0.558266161057503	0.568	0.419	8.13863672878832e-123	c4	ADGRE5
1.58632935404457e-126	0.622895002444048	0.496	0.346	3.1393457916542e-122	c4	RNF125
6.88521600032331e-126	0.576480533860474	0.52	0.37	1.36258424646398e-121	c4	SKIL
1.4704222180807e-125	1.76860147753998	0.068	0.019	2.90996556958171e-121	c4	DBN1
9.76005792155279e-124	0.716112012137126	0.353	0.219	1.9315154626753e-119	c4	BHLHE40
2.73833427087998e-123	0.747520791507223	0.347	0.213	5.41916352207149e-119	c4	CAPG
2.37579792071664e-122	0.314853877189872	0.66	0.52	4.70170408509824e-118	c4	HIST1H4C
6.3966121360315e-121	0.378022750534622	0.741	0.598	1.26588954172063e-116	c4	HSPA5
1.07023662877099e-119	0.262153585270344	0.978	0.93	2.11799828833779e-115	c4	SH3BGRL3
5.09050938714064e-119	0.160300169608796	1	0.991	1.00741180771513e-114	c4	RPS12
1.81762350607269e-118	0.998621417599217	0.266	0.154	3.59707691851786e-114	c4	SLC16A3
7.76707209292114e-118	0.844459679652211	0.318	0.196	1.53710356718909e-113	c4	PLEKHA2
1.86031907623819e-117	1.72371513991218	0.057	0.015	3.68157145187539e-113	c4	S1PR5
4.34793320688111e-116	0.823818371131896	0.328	0.207	8.60455981641772e-112	c4	DSTN
1.13583773221038e-115	0.605322119325856	0.506	0.366	2.24782287204434e-111	c4	XBP1
1.21882033184204e-114	0.863629422146447	0.37	0.245	2.4120454367154e-110	c4	NFKB1
1.35051274680761e-114	0.610781980081998	0.457	0.32	2.67266472593226e-110	c4	STAT4
2.19635808436536e-114	2.31688755214129	0.037	0.007	4.34659264895905e-110	c4	S100B
4.82297258091384e-114	1.22228366352978	0.119	0.049	9.54466273762849e-110	c4	MYBL1
1.15135938632025e-112	0.129648234868732	0.998	0.989	2.27854022552778e-108	c4	MT-ND4L
1.01703561219035e-111	1.4294433984646	0.109	0.044	2.0127134765247e-107	c4	CXCL16
2.23069370515878e-111	1.55311206220123	0.116	0.048	4.41454284250922e-107	c4	NCR3
4.08949823113531e-111	0.470859276683348	0.68	0.545	8.09311699941677e-107	c4	PDCD4
5.27151730015561e-111	0.487224393862515	0.743	0.633	1.0432332737008e-106	c4	MCL1
3.18470189750768e-110	0.30231867609921	0.915	0.84	6.3025250551677e-106	c4	RPL36AL
5.52390615701267e-109	0.456019926462283	0.505	0.352	1.09318102847281e-104	c4	CDKN1A
7.97000201824289e-109	0.958260943195016	0.363	0.245	1.57726339941027e-104	c4	KLRB1
1.23419650769399e-108	0.117939677546653	0.68	0.456	2.44247488872641e-104	c4	GZMA
1.70681644637148e-107	0.322407685827032	0.392	0.243	3.37778974736915e-103	c4	ITM2C
2.12813367647878e-107	1.41688008005161	0.095	0.036	4.21157654575151e-103	c4	NSG1
2.92331140784069e-107	0.777029060986587	0.29	0.174	5.78523327611673e-103	c4	LYAR
7.3333149139755e-107	1.20083104924442	0.099	0.038	1.45126302147575e-102	c4	ABCB1
7.9296176585761e-107	0.264908762027633	0.881	0.731	1.56927133463221e-102	c4	TNFAIP3
1.16184752536012e-104	0.589381939762092	0.512	0.381	2.29929625268767e-100	c4	ARL4C
1.52217113741417e-103	0.757859573620334	0.331	0.213	3.01237668094265e-99	c4	SLA2
1.59766995958945e-102	0.767967948115907	0.333	0.216	3.16178885002752e-98	c4	PER1
1.41687239384011e-101	0.150839687427218	0.988	0.969	2.80399046740957e-97	c4	MT-ND1
1.74439380494062e-100	1.10240711167396	0.15	0.072	3.45215533997749e-96	c4	METRNL
4.1203944789007e-98	1.57544209338077	0.077	0.027	8.15426067374448e-94	c4	PWWP2B
1.33172961285714e-97	0.506728143180122	0.43	0.297	2.63549290384427e-93	c4	PTGER4
3.86774757191877e-96	0.122470641116418	0.999	0.988	7.65427244482724e-92	c4	MT-CYB
5.92390025814015e-96	1.48225229553198	0.099	0.041	1.17233986108594e-91	c4	SMIM3
1.24243691101074e-95	0.384089336038751	0.487	0.347	2.45878264689026e-91	c4	LGALS1
4.12003858046425e-95	0.324645151920684	0.815	0.692	8.15355635073874e-91	c4	LEPROTL1
7.7338782966175e-94	0.550897125786866	0.41	0.284	1.5305345149006e-89	c4	CD63
4.84482350895027e-93	0.820311555430927	0.294	0.188	9.58790572421258e-89	c4	ZC3H12A
9.78126699650681e-93	0.31380220852511	0.647	0.487	1.9357127386087e-88	c4	ALOX5AP
2.19027544130006e-92	0.367736502224919	0.758	0.653	4.33455509833282e-88	c4	SERP1
2.40971173387758e-92	0.531242887968576	0.462	0.334	4.76881952134374e-88	c4	VPS37B
3.64873883094685e-92	0.639182140705853	0.375	0.255	7.22085414644382e-88	c4	C12orf75
7.94927168417646e-92	0.336192504017991	0.635	0.468	1.57316086629852e-87	c4	RPS4Y1
2.81237893148907e-91	0.162413406009616	0.787	0.623	5.56569790541688e-87	c4	NR4A2
1.45828598282277e-90	0.948269040281062	0.204	0.115	2.88594796000625e-86	c4	UAP1
5.76840897400952e-90	2.01602907568046	0.029	0.006	1.14156813595648e-85	c4	ME1
7.64654814805406e-90	0.497899007888271	0.524	0.404	1.5132518784999e-85	c4	MAGOH
1.88748233899863e-87	0.346674754171654	0.727	0.61	3.73532754887828e-83	c4	SRSF2
2.50496138458843e-86	0.625906338455274	0.364	0.251	4.9573185801005e-82	c4	TIPARP
3.38152892429447e-85	0.155405558830671	0.992	0.977	6.69204574117875e-81	c4	MT-ATP6
6.1951602460062e-85	0.154470248640118	0.994	0.972	1.22602221268463e-80	c4	RPLP2
9.53303267989927e-85	0.34169828565243	0.563	0.423	1.88658716735206e-80	c4	GZMM
1.22039879495467e-83	0.186388801444429	0.88	0.706	2.4151692152153e-79	c4	CREM
2.07808246827539e-83	0.480991391841808	0.567	0.455	4.112525204717e-79	c4	BZW1
1.57342804325109e-82	1.07826501672449	0.123	0.058	3.11381409759391e-78	c4	SNAI3
2.98071315519367e-81	1.23353413931928	0.123	0.06	5.89883133412827e-77	c4	BIK
7.40340731498759e-80	0.927717690878456	0.151	0.079	1.46513430763604e-75	c4	TMEM71
7.76123108568734e-80	0.266087657882311	0.831	0.718	1.53594763185753e-75	c4	CD99
8.159588154807e-79	2.21116758114749	0.031	0.007	1.61478249583631e-74	c4	LATS2
3.64461951506871e-78	0.539158900536414	0.476	0.364	7.21270202032098e-74	c4	PDCL3
5.00600652708206e-78	0.665812110583375	0.277	0.179	9.9068869170954e-74	c4	ELL2
6.54165510960488e-78	0.184884555026505	0.974	0.935	1.29459354619081e-73	c4	CALM1
6.91555028956338e-78	0.473216536198861	0.473	0.357	1.36858740230459e-73	c4	FLNA
1.37456010781622e-77	0.226562344712679	0.792	0.679	2.7202544533683e-73	c4	HCST
9.73478468913446e-77	0.574834655877236	0.341	0.234	1.92651388997971e-72	c4	TSEN54
1.24090593456607e-76	0.551823206385912	0.417	0.31	2.45575284450626e-72	c4	PTP4A1
8.75362013259531e-76	0.12142834030635	1	0.995	1.73234142424061e-71	c4	RPL10
1.09476768996057e-75	0.477858131745953	0.433	0.315	2.16654525843198e-71	c4	PARP8
1.92959070104175e-75	0.992672306838275	0.144	0.076	3.81865999736162e-71	c4	SLC25A4
2.91658658849715e-75	0.179517074205495	0.998	0.992	5.77192485863586e-71	c4	HLA-B
3.68948448899316e-75	0.78021068185809	0.288	0.195	7.30148980371746e-71	c4	NINJ1
9.21634506852325e-75	0.819503622604257	0.204	0.121	1.82391468906075e-70	c4	PMEPA1
1.07580879823637e-74	0.156471223882883	0.996	0.969	2.12902561170977e-70	c4	RPLP0
2.12921570007398e-74	0.51910217266609	0.387	0.279	4.21371787044641e-70	c4	PRNP
2.29730607587484e-74	0.543666195628354	0.291	0.191	4.54636872415632e-70	c4	MAP3K8
2.73299952118341e-73	0.379861781510125	0.531	0.407	5.40860605242197e-69	c4	GSTP1
2.91446747510376e-73	1.28323506483089	0.068	0.026	5.76773113323034e-69	c4	GALNT3
9.18184322741499e-73	0.581815014357009	0.273	0.176	1.81708677470543e-68	c4	ZEB2
2.20022856999715e-72	0.354971942284891	0.641	0.525	4.35425234002435e-68	c4	PLP2
2.74681111764591e-72	0.461360597353404	0.495	0.377	5.43593920182126e-68	c4	GPR183
1.82946735020104e-71	0.155428893825762	0.979	0.944	3.62051588604786e-67	c4	RPL21
1.70759896967833e-70	0.172676269806606	0.973	0.935	3.37933836099342e-66	c4	RPL35
4.19954851105389e-70	0.475247577764315	0.452	0.34	8.31090650337565e-66	c4	LGALS3
4.6438202549901e-70	0.227464111401362	0.866	0.771	9.19012028462542e-66	c4	CD52
8.09009245353875e-69	0.703438621241657	0.142	0.075	1.60102929655532e-64	c4	XCL2
8.77645959666211e-69	0.77984218782759	0.215	0.133	1.73686135417943e-64	c4	LSR
1.70994413126224e-68	0.139672781592251	0.994	0.972	3.38397943576797e-64	c4	RPL14
2.57362641222437e-68	0.436973554302438	0.488	0.381	5.09320666979202e-64	c4	DHRS7
6.9480188240931e-68	0.502530128724616	0.454	0.35	1.37501292528803e-63	c4	RORA
9.95685075538511e-68	1.3683894028482	0.072	0.03	1.97046076449071e-63	c4	FADS3
1.07623335070161e-67	0.694124217201157	0.253	0.167	2.12986580103848e-63	c4	FBXO34
2.22603001864382e-67	0.746051399479951	0.408	0.318	4.40531340689611e-63	c4	LDLRAD4
3.82533218346603e-67	0.304222459525967	0.722	0.613	7.57033239107927e-63	c4	DNAJB6
6.34433700604694e-67	0.787577972750965	0.211	0.132	1.25554429349669e-62	c4	SLC10A3
1.3422261528363e-66	0.372794407065501	0.528	0.411	2.65626555646303e-62	c4	CLEC2B
1.75665046533755e-66	0.357323079448272	0.667	0.57	3.47641127090301e-62	c4	SEC61B
3.00342102716065e-66	1.46126506737169	0.06	0.023	5.94377021275092e-62	c4	IL18RAP
3.88712921854034e-66	0.978531812728727	0.115	0.058	7.69262872349134e-62	c4	DPP4
8.39014316253345e-66	0.384418095523614	0.428	0.319	1.66040933186537e-61	c4	RALGAPA1
1.70579815440385e-65	2.13625557461306	0.024	0.005	3.37577454756523e-61	c4	TLE1
1.51091530869149e-64	0.523503178080245	0.318	0.221	2.99010139590046e-60	c4	MGAT4A
1.88067248478342e-64	0.54848588517559	0.383	0.288	3.72185084738639e-60	c4	YIPF5
2.51621886637438e-64	0.267179744664119	0.601	0.469	4.9795971365549e-60	c4	TENT5C
2.78427239916011e-64	0.974735274369921	0.111	0.056	5.51007507793786e-60	c4	SORBS3
3.82087904018386e-64	0.430790845065443	0.46	0.352	7.56151962052386e-60	c4	ANXA2
5.32383041663763e-64	0.440683830023959	0.482	0.378	1.05358603945259e-59	c4	GLIPR1
2.31413117658959e-63	0.375983346248955	0.49	0.384	4.5796655984708e-59	c4	JUND
2.47738707593016e-63	1.27149495891452	0.061	0.024	4.90274902326578e-59	c4	MXRA7
3.93687403447508e-63	0.356769248655628	0.311	0.21	7.79107371422619e-59	c4	AREG
1.30180793992399e-62	1.03385454053275	0.119	0.063	2.57627791310959e-58	c4	AVPI1
6.41899827450828e-62	0.119109612877352	1	0.99	1.27031975852519e-57	c4	RPS19
1.01742851191889e-61	0.639222143014543	0.234	0.15	2.01349102508748e-57	c4	GLUL
5.5583682274291e-61	0.386431812548466	0.553	0.456	1.10000107220822e-56	c4	EMD
7.05201086292002e-61	0.491147443544613	0.412	0.317	1.39559294977187e-56	c4	AKIRIN1
1.11282879891901e-60	0.788380978006622	0.18	0.11	2.20228819306072e-56	c4	CYSTM1
1.60420859147134e-60	1.36536864616398	0.077	0.034	3.17472880252178e-56	c4	TYROBP
6.6659365660562e-60	0.142570985319988	0.987	0.963	1.31918884642252e-55	c4	RPL23A
6.08129668449074e-59	0.233809936394388	0.894	0.825	1.20348861386072e-54	c4	YWHAZ
1.25963825929306e-58	0.507844551698566	0.366	0.274	2.49282411514096e-54	c4	ISCA1
1.32820988313548e-58	0.457885657893453	0.443	0.345	2.62852735872511e-54	c4	SYAP1
1.65571116342974e-58	0.595637116556269	0.294	0.209	3.27665239242745e-54	c4	FKBP2
3.66990546571938e-57	0.597493122165832	0.202	0.127	7.26274291665866e-53	c4	PPP1R14B
4.99552714213721e-57	0.129047025378555	0.999	0.987	9.88614821428954e-53	c4	PTMA
8.37256097248372e-57	0.277727533511004	0.677	0.576	1.65692981645453e-52	c4	TUBA1A
9.49268290317549e-57	1.02744933300793	0.101	0.051	1.87860194653843e-52	c4	PLAUR
1.00083455709724e-56	0.367100895697352	0.571	0.465	1.98065158849543e-52	c4	SH2D2A
1.63587064337641e-56	0.418356163913066	0.465	0.37	3.23738800324192e-52	c4	NFE2L2
4.44179619551883e-56	0.512493944921456	0.365	0.275	8.79031467093177e-52	c4	TOB1
6.83253577918591e-56	0.410127324986828	0.353	0.255	1.35215883070089e-51	c4	STOM
1.92496377058671e-55	0.376647806763388	0.507	0.411	3.8095033019911e-51	c4	PIK3R1
2.94629787266974e-55	0.452789244206824	0.353	0.26	5.83072349001341e-51	c4	USP36
5.14566352703792e-55	0.15878224692465	0.335	0.227	1.01832681200081e-50	c4	GZMH
1.28958494341843e-54	0.34955705831784	0.475	0.372	2.55208860302508e-50	c4	BCL3
1.18283041957998e-53	0.193082807472371	0.914	0.855	2.34082140034878e-49	c4	PABPC1
3.57178849344353e-53	0.484690413697094	0.394	0.305	7.06856942852475e-49	c4	RBM38
4.92864401309615e-53	0.265052765142587	0.734	0.639	9.75378650191729e-49	c4	LCP1
3.84958972165618e-52	0.544669432761524	0.246	0.168	7.61833805915757e-48	c4	DDX3Y
6.4069040685842e-52	1.54152231408168	0.041	0.014	1.26792631517281e-47	c4	N4BP3
7.44992332373326e-52	0.225886965624406	0.841	0.757	1.47433982576681e-47	c4	MYL12B
7.50307049381684e-51	0.331033843293659	0.562	0.469	1.48485765072635e-46	c4	RABAC1
1.08888065474869e-50	0.970898957085403	0.091	0.046	2.15489481574766e-46	c4	GALNT6
1.13683563149116e-50	0.776491712132865	0.164	0.101	2.249797714721e-46	c4	ETV3
1.40145902950578e-50	0.1554197795743	0.313	0.216	2.77348741939194e-46	c4	LAG3
1.84174705544991e-50	0.345476124945173	0.432	0.34	3.64481742273537e-46	c4	RANBP2
3.36322116224521e-50	2.39899713107249	0.016	0.003	6.65581468008328e-46	c4	BLK
7.81796672239943e-50	0.494370505345978	0.341	0.256	1.54717561436285e-45	c4	SERPINB9
3.89184225132586e-49	0.42160516967237	0.437	0.352	7.70195581537388e-45	c4	OSTF1
3.98107093634647e-49	0.372458201613914	0.498	0.409	7.87853938302967e-45	c4	CAST
8.8087472622267e-49	1.39001858437011	0.04	0.015	1.74325108319466e-44	c4	CFH
6.51472163187349e-48	0.18964067404882	0.65	0.544	1.28926341094776e-43	c4	SLC2A3
1.21450350823283e-47	0.237739321954165	0.687	0.582	2.40350244279277e-43	c4	EMP3
1.77906349248343e-47	0.571969388281726	0.252	0.178	3.52076665162471e-43	c4	USP11
4.68287489016427e-47	0.554566030870357	0.286	0.208	9.26740940763509e-43	c4	GYG1
7.69653944996504e-47	0.438744965206625	0.47	0.39	1.52314515714808e-42	c4	HNRNPUL1
1.40711189420005e-46	1.14890404861321	0.057	0.025	2.7846744386219e-42	c4	ZBTB16
2.98597122199843e-46	0.55646959182544	0.214	0.145	5.90923704833489e-42	c4	P2RY8
8.68955360382484e-46	0.212998614821468	0.831	0.751	1.71966265819694e-41	c4	CALM2
1.43981214838898e-45	0.308588992516328	0.658	0.577	2.84938824166179e-41	c4	LRRFIP1
1.75506826023439e-45	0.304470924635509	0.601	0.514	3.47328008700385e-41	c4	IDS
1.91452416576416e-45	0.402028646553197	0.375	0.289	3.78884332404728e-41	c4	PFKFB3
2.66929222456709e-45	1.90848823275281	0.018	0.004	5.28252931241828e-41	c4	COLQ
4.56732658993578e-45	0.619317477461941	0.203	0.137	9.0387393214829e-41	c4	DYNLT3
6.66245766341148e-45	0.137628054354756	0.9	0.824	1.31850037158913e-40	c4	MYL12A
1.31812772418791e-44	0.666874941211636	0.21	0.145	2.60857476616787e-40	c4	ARHGEF7
2.7172959471877e-44	0.359794315830032	0.234	0.161	5.37752867948445e-40	c4	IFITM3
5.24101189317636e-44	0.467111379669384	0.258	0.184	1.0371962536596e-39	c4	ATP8A1
7.43524127490651e-44	0.296064094185798	0.481	0.392	1.471434248304e-39	c4	EMB
1.14795610848254e-43	0.353673090809831	0.497	0.415	2.27180513868694e-39	c4	HSPA9
1.40087088240308e-43	1.62744083822901	0.03	0.01	2.7723234762757e-39	c4	TGFA
3.20495086990544e-43	0.340545902543062	0.401	0.316	6.34259777154288e-39	c4	CDK17
7.68376270329384e-43	0.642307245081505	0.136	0.083	1.52061663898185e-38	c4	PLAC8
2.78405196735634e-42	0.484357803039033	0.292	0.216	5.5096388433982e-38	c4	SATB1
2.97125510082505e-42	0.110731086207847	0.988	0.971	5.88011384453277e-38	c4	RPL3
3.12669119198898e-42	0.388316559137235	0.428	0.35	6.1877218689462e-38	c4	CHD1
3.64232737866822e-42	0.905987574014727	0.116	0.068	7.20816588238441e-38	c4	PRR7
6.20149734610202e-42	0.239919102704492	0.702	0.615	1.22727632479359e-37	c4	ATP6V1G1
2.18624233520448e-41	0.404179712830455	0.417	0.337	4.32657358136966e-37	c4	ORAI1
9.5849154869182e-41	0.113733026755664	0.942	0.881	1.89685477486111e-36	c4	EEF1B2
1.19362196365471e-40	1.05902286417125	0.057	0.026	2.36217786607267e-36	c4	PLXND1
1.5722926695332e-40	0.512651363253396	0.278	0.208	3.11156719300619e-36	c4	MANF
2.04406304152415e-40	0.376730594699294	0.241	0.169	4.04520075917629e-36	c4	PTMS
2.7059652811679e-40	0.157084482169642	0.918	0.868	5.35510529143127e-36	c4	CYBA
2.92181856408973e-40	0.553227717808967	0.253	0.186	5.78227893833358e-36	c4	MTFP1
3.0989344509832e-40	0.403837280818286	0.431	0.359	6.13279127849576e-36	c4	STRAP
3.98695292515109e-40	0.11377163637968	0.661	0.562	7.89017983887401e-36	c4	BTG2
4.59810613981082e-40	0.102196716196009	0.997	0.981	9.09965205068562e-36	c4	RPL7A
5.49062440314131e-40	0.78485429609555	0.106	0.061	1.08659456938167e-35	c4	CD9
6.82540113797473e-40	0.374315607220125	0.344	0.267	1.3507468852052e-35	c4	ATP2B1
6.94904104128888e-40	0.505342919998217	0.334	0.261	1.37521522207107e-35	c4	S1PR4
6.97807129751411e-40	0.76161257102043	0.091	0.05	1.38096030977804e-35	c4	ITGA5
7.04882488421697e-40	0.396529164192974	0.409	0.337	1.39496244458654e-35	c4	UBE2A
8.31333971026096e-40	0.75107616662347	0.135	0.084	1.64520992866064e-35	c4	GRAMD1B
9.13758886865189e-40	0.330578476023206	0.476	0.389	1.80832883710621e-35	c4	TPM4
2.60474335297492e-39	1.16921012002192	0.047	0.02	5.15478709553737e-35	c4	HIC1
3.8998730744858e-39	0.416988239924614	0.284	0.212	7.71784881440741e-35	c4	B4GALT1
5.28061294549484e-39	0.188308024823141	0.575	0.475	1.04503330191343e-34	c4	PDE4B
9.03142988083639e-39	0.184224371690217	0.428	0.337	1.78731997341752e-34	c4	ID2
1.37447484526276e-38	0.427658013084812	0.333	0.259	2.72008571877501e-34	c4	MGST3
1.56579259340159e-38	0.278881864028684	0.563	0.475	3.09870354234175e-34	c4	GSPT1
2.74034163032125e-38	0.165809073557241	0.892	0.844	5.42313608640576e-34	c4	RPL27A
3.00094610144542e-38	0.453281812131976	0.357	0.287	5.93887233476049e-34	c4	CTSA
1.34139884335562e-37	0.238798424282849	0.661	0.583	2.65462831100077e-33	c4	RBM8A
2.1110064269967e-37	0.797638048778939	0.087	0.048	4.17768171902647e-33	c4	DHRS3
3.2657556263351e-37	0.284336454182529	0.531	0.45	6.46293038451717e-33	c4	YWHAQ
3.9216738268308e-37	2.0446017549189	0.014	0.003	7.76099250329815e-33	c4	SCRN1
4.65522917506821e-37	0.874234436457913	0.088	0.049	9.21269853746e-33	c4	LAIR1
5.64886482932304e-37	1.41689114514198	0.026	0.009	1.11791034972303e-32	c4	CA2
5.67932305727268e-37	0.261142287476272	0.582	0.496	1.12393803303426e-32	c4	ARF6
6.3794501401475e-37	0.28806910999436	0.582	0.504	1.26249318273519e-32	c4	MSN
1.01225790474907e-36	1.18770666743992	0.047	0.021	2.00325839349841e-32	c4	CAMK2N1
1.07453099610055e-36	0.216628330797306	0.755	0.675	2.126496841283e-32	c4	SFPQ
1.11100281588914e-36	0.467371429938177	0.266	0.197	2.19867457264462e-32	c4	NCF1
1.32997799170643e-36	0.285702748252936	0.512	0.435	2.63202644558702e-32	c4	SEC62
2.13264901815452e-36	0.390651265498526	0.368	0.295	4.22051240692779e-32	c4	RELB
5.34572511285348e-36	2.27558335641604	0.011	0.002	1.0579189998337e-31	c4	FLT4
6.40711375948145e-36	0.380530881650507	0.372	0.296	1.26796781300138e-31	c4	DNAJB9
6.41588432273675e-36	0.918744541971356	0.081	0.044	1.2697035074696e-31	c4	TMIGD2
7.22497829819586e-36	0.38955068195187	0.299	0.226	1.42982320521296e-31	c4	ERN1
7.32093692969968e-36	0.856924038580205	0.109	0.066	1.44881341838757e-31	c4	SPATA2L
1.67322637659613e-35	0.628889662882712	0.096	0.055	3.31131499928375e-31	c4	ADRB2
2.29005644716933e-35	0.599052736446531	0.19	0.133	4.53202170894811e-31	c4	MACO1
3.21131887949962e-35	0.372369643435738	0.335	0.261	6.35520006252974e-31	c4	ABLIM1
3.27152086205027e-35	0.215760914907463	0.699	0.616	6.47433978599749e-31	c4	MYH9
4.3943837245907e-35	0.194454839702231	0.48	0.389	8.696485390965e-31	c4	CSRNP1
7.43593878271128e-35	1.58152866662968	0.028	0.01	1.47157228509856e-30	c4	TFF3
1.36777562620909e-34	0.823730690293004	0.07	0.037	2.70682796426779e-30	c4	CYB561
2.63205253016423e-34	0.884763057811244	0.08	0.044	5.208831957195e-30	c4	TNFRSF12A
3.64695833733501e-34	0.237558856889667	0.683	0.611	7.21733054958599e-30	c4	KMT2E
4.39672133211013e-34	1.03078609895872	0.042	0.018	8.70111151624594e-30	c4	CHN2
5.58145929740889e-34	0.473399633108529	0.258	0.195	1.10457079495722e-29	c4	JOSD1
1.01772265900671e-33	0.273024467798179	0.435	0.36	2.01407314217428e-29	c4	PTPN22
1.50134735766249e-33	0.206847068548117	0.799	0.726	2.97116642081406e-29	c4	NCL
1.72405805748794e-33	0.315710689996573	0.347	0.273	3.41191089576864e-29	c4	PITPNC1
2.67174888409707e-33	1.55046877501014	0.024	0.008	5.28739104162811e-29	c4	SPINK2
5.08952959005938e-33	0.475885308119463	0.297	0.235	1.00721790587275e-28	c4	ETF1
5.66901312894394e-33	1.49630684400913	0.022	0.007	1.12189769821801e-28	c4	WNT1
5.99376878723012e-33	1.43660209520591	0.032	0.013	1.18616684299284e-28	c4	TPPP
6.02892268561458e-33	0.31901722156567	0.466	0.394	1.19312379948313e-28	c4	EIF5A
7.5429646479954e-33	0.780995338271259	0.122	0.078	1.49275270383829e-28	c4	PARD6A
1.31794827459494e-32	1.45972891549957	0.028	0.01	2.60821963542339e-28	c4	NT5E
3.6773432267438e-32	0.792467476485068	0.074	0.041	7.27746224572598e-28	c4	SPRY1
5.50704510809926e-32	0.689226797186781	0.097	0.059	1.08984422689284e-27	c4	RHBDF2
5.7967242236613e-32	0.121470045789734	0.938	0.895	1.14717172386257e-27	c4	RPL27
1.62324315951308e-31	0.33370990879885	0.414	0.347	3.21239821267639e-27	c4	EIF1AX
1.93666427069946e-31	0.262764457106853	0.508	0.438	3.83265859171422e-27	c4	ARF4
3.09533095877259e-31	0.861036906164538	0.06	0.031	6.12565996741095e-27	c4	PIK3AP1
3.35011477381081e-31	0.188091577340221	0.798	0.735	6.6298771373716e-27	c4	SKP1
3.65252098662318e-31	0.22931412345429	0.379	0.299	7.22833903252728e-27	c4	TC2N
3.65670847600935e-31	0.321085110155779	0.4	0.33	7.2366260740225e-27	c4	ATP1A1
4.47411770157438e-31	0.227507949906632	0.459	0.386	8.85427893141569e-27	c4	SLC38A1
5.31369849207199e-31	0.186701986470426	0.758	0.691	1.05158093158105e-26	c4	PPIB
5.51298393972979e-31	0.476648826662162	0.243	0.185	1.09101952167253e-26	c4	PRKAR2A
7.30226495858578e-31	0.267691841689294	0.409	0.336	1.44511823530413e-26	c4	CAMK4
9.38716166618081e-31	0.540578762173555	0.143	0.096	1.85771929373718e-26	c4	ANKRD28
9.63954315500344e-31	0.921369679585745	0.053	0.027	1.90766559037518e-26	c4	LTC4S
1.44814077557975e-30	0.156719195827462	0.468	0.378	2.86587059487233e-26	c4	APOBEC3G
3.28093924212414e-30	0.831647635590887	0.081	0.047	6.49297876016367e-26	c4	TCEAL3
3.54244198454677e-30	0.261219084174253	0.586	0.514	7.01049268741805e-26	c4	GNG2
4.34911855656487e-30	0.262039141194662	0.512	0.44	8.60690562344187e-26	c4	SDCBP
7.23497569937287e-30	0.120262649620396	0.679	0.588	1.43180169090589e-25	c4	DDIT4
7.7295867798316e-30	0.881703739058793	0.08	0.047	1.52968522372867e-25	c4	DUSP14
7.9178089871831e-30	0.200115982707473	0.638	0.568	1.56693439856354e-25	c4	FYN
1.25622280207507e-29	1.99487477660501	0.013	0.003	2.48606492530657e-25	c4	GATA6
1.31029998022334e-29	0.272837777790419	0.531	0.459	2.593083660862e-25	c4	TXN
2.31668685271891e-29	1.12403126100394	0.047	0.023	4.58472328153071e-25	c4	CLCF1
2.50443889133723e-29	0.406298456095056	0.224	0.167	4.95628456595638e-25	c4	ITGB7
5.58252455115357e-29	0.924640028187361	0.074	0.042	1.10478160867329e-24	c4	SPART
7.22854126062428e-29	0.72833666394053	0.078	0.045	1.43052831547754e-24	c4	CST3
7.34028739564862e-29	0.202950836923012	0.685	0.622	1.45264287559886e-24	c4	DDX24
8.54715856429889e-29	0.531262986049592	0.111	0.071	1.69148267987475e-24	c4	IER5L
1.00068175889721e-28	0.534927348680875	0.178	0.128	1.98034920085757e-24	c4	CDC34
1.08542351136343e-28	0.613816734460241	0.085	0.05	2.14805312898823e-24	c4	EPHA4
3.46137591451416e-28	0.32376439587075	0.344	0.281	6.85006293482352e-24	c4	PDE3B
5.28856586241691e-28	0.520603118311556	0.096	0.059	1.04660718417231e-23	c4	APBA2
7.04268396881082e-28	0.179335307499172	0.733	0.667	1.39374715742766e-23	c4	SSR4
7.51590946835155e-28	0.242889794281118	0.476	0.408	1.48739848378677e-23	c4	SLC3A2
8.24495521288922e-28	0.336141963664198	0.378	0.314	1.63167663663078e-23	c4	EFHD2
8.74026594652303e-28	0.805383886515642	0.076	0.045	1.72969863081691e-23	c4	MAP9
9.34347192288231e-28	0.281223528939703	0.408	0.339	1.84907309353841e-23	c4	RBMS1
9.85600024819472e-28	0.813101818009115	0.093	0.058	1.95050244911773e-23	c4	BEST1
1.05527052395211e-27	0.435199424628191	0.277	0.221	2.08838036690122e-23	c4	PAF1
1.1213958057285e-27	0.548661052713841	0.45	0.392	2.21924229953671e-23	c4	MT1X
1.7075200649346e-27	0.762268400748684	0.086	0.052	3.37918220850558e-23	c4	SERPINB6
3.4485798234691e-27	0.241958900580421	0.537	0.473	6.82473947064535e-23	c4	POLR2L
3.46576221561939e-27	1.22365139193765	0.032	0.014	6.85874342471078e-23	c4	RGMA
4.07153037004186e-27	0.286545535308645	0.416	0.35	8.05755860231283e-23	c4	NSMCE3
4.55175200075126e-27	0.24863418273199	0.553	0.486	9.00791720948674e-23	c4	ARHGDIA
5.2573552882416e-27	1.64574260444842	0.016	0.005	1.04043061154301e-22	c4	LTK
7.99726312925833e-27	0.36784023175925	0.233	0.176	1.58265837328022e-22	c4	KLF3
9.8632109396189e-27	0.39512942519993	0.277	0.221	1.95192944495058e-22	c4	SELENOS
9.8819999908316e-27	0.34312142750173	0.343	0.285	1.95564779818557e-22	c4	CSNK1D
1.23125890647841e-26	0.757802722708696	0.05	0.025	2.43666137592078e-22	c4	KLRK1
1.42523104865159e-26	0.122309297729975	0.897	0.844	2.8205322452815e-22	c4	ITM2B
1.48244827717255e-26	0.239480379694717	0.528	0.462	2.93376514052447e-22	c4	SNRPG
2.13487783136016e-26	0.233536638986401	0.175	0.122	4.22492322826175e-22	c4	AOAH
2.50071856896027e-26	0.116020495783117	0.88	0.822	4.94892204797237e-22	c4	RPL31
3.19615443300632e-26	0.202136339129028	0.668	0.607	6.32518962291951e-22	c4	GUK1
3.81139811352093e-26	0.313307929042343	0.413	0.353	7.54275686665792e-22	c4	ATP1B3
4.65025991581e-26	0.737619598753113	0.073	0.043	9.20286437338798e-22	c4	PRKD3
6.37605052554164e-26	0.978147431200245	0.062	0.035	1.26182039900469e-21	c4	IL4I1
6.54270943742251e-26	0.279327299064607	0.437	0.373	1.29480219766592e-21	c4	CCT2
1.23846656405453e-25	0.445950114697651	0.159	0.113	2.45092533026391e-21	c4	TSC22D2
2.44125147064536e-25	0.776918639507269	0.061	0.034	4.83123666040716e-21	c4	RNF130
6.31614224030702e-25	0.334810144006447	0.373	0.314	1.24996454935676e-20	c4	POLR2K
8.57203039089998e-25	0.425994419949558	0.215	0.164	1.69640481435911e-20	c4	NR1D2
9.22713503779632e-25	1.49027131673307	0.018	0.006	1.82605002397989e-20	c4	NHSL2
1.15453052347013e-24	0.212696306081553	0.604	0.538	2.28481590594738e-20	c4	SNU13
1.26205556548508e-24	1.38351899697363	0.016	0.005	2.49760796409497e-20	c4	PTCH1
1.45306061875897e-24	0.515387164441362	0.15	0.107	2.87560696452401e-20	c4	SLC39A8
1.47014987941362e-24	0.339394885364465	0.362	0.305	2.90942661135956e-20	c4	PPP1CB
1.58262651332282e-24	0.143289845607301	0.668	0.597	3.13201786986587e-20	c4	SQSTM1
1.92866030216726e-24	0.347604797214883	0.202	0.15	3.816818737989e-20	c4	SORL1
2.62319059365336e-24	0.241239073346333	0.344	0.28	5.19129418484e-20	c4	CDC42EP3
4.43205440441775e-24	0.207894654264245	0.442	0.376	8.77103566634273e-20	c4	SUN2
4.54271774784895e-24	0.411106065745484	0.283	0.231	8.99003842299307e-20	c4	FDX1
5.12246031809968e-24	0.291606611221086	0.397	0.339	1.01373489695193e-19	c4	MRPL20
6.76978619626988e-24	0.552467608604457	0.111	0.074	1.33974068824181e-19	c4	BACH2
8.91625283609759e-24	0.410736522895078	0.264	0.213	1.76452643626371e-19	c4	ABT1
1.08850709642021e-23	0.488886001763555	0.174	0.128	2.15415554381559e-19	c4	MPZL3
1.34310701808787e-23	0.422124257546142	0.279	0.228	2.6580087887959e-19	c4	MORF4L2
1.61363128316431e-23	0.125319298391638	0.574	0.497	3.19337630938216e-19	c4	SOCS1
1.77552143275244e-23	0.126997958759472	0.851	0.781	3.51375691541709e-19	c4	MIF
2.35082451674088e-23	0.365185908654481	0.311	0.259	4.65228171863021e-19	c4	NR1H2
3.44062548778001e-23	0.269528034904536	0.406	0.348	6.80899784031664e-19	c4	DHX36
3.78296487099141e-23	0.804155949254685	0.079	0.049	7.486487479692e-19	c4	GZF1
6.01301368817115e-23	0.693018632933582	0.103	0.069	1.18997540888907e-18	c4	PDE4A
6.09943360971717e-23	0.859240701857708	0.057	0.033	1.20707791136303e-18	c4	KIF5C
7.05554159068449e-23	1.74109502108032	0.012	0.003	1.39629168079646e-18	c4	RAB6B
8.01550433425786e-23	0.215028017067206	0.564	0.503	1.58626830774963e-18	c4	TERF2IP
8.79491479806355e-23	0.411381406369386	0.198	0.151	1.74051363853678e-18	c4	DENND4A
9.14232161907467e-23	0.312931272843173	0.405	0.349	1.80926544841488e-18	c4	RAB5IF
1.02487841872511e-22	0.258490623427508	0.217	0.165	2.02823439065699e-18	c4	JAML
1.03106674346945e-22	0.200179714182415	0.421	0.356	2.04048108532604e-18	c4	IVNS1ABP
1.12506611058509e-22	0.18002682513085	0.513	0.449	2.2265058328479e-18	c4	PAXX
1.13783305093602e-22	0.693011451209699	0.06	0.035	2.25177160780238e-18	c4	CD300A
1.26545006223743e-22	0.160417531739113	0.765	0.697	2.50432567316788e-18	c4	PTGES3
1.50778482314376e-22	0.311375439495058	0.267	0.212	2.98390616500151e-18	c4	GLIPR2
1.58834002497578e-22	0.228439634006149	0.41	0.35	3.14332490942707e-18	c4	AKNA
1.64274889541935e-22	0.295415087337569	0.369	0.314	3.25100006403489e-18	c4	DNTTIP2
1.77787676914768e-22	1.52697399360181	0.017	0.006	3.51841812614325e-18	c4	NTN4
1.91769454143348e-22	0.468219225748831	0.143	0.102	3.79511749749686e-18	c4	PPP3CA
1.93590710486875e-22	0.71880385314395	0.083	0.053	3.83116016053525e-18	c4	RRAS2
2.61344907669877e-22	0.415485073501849	0.286	0.235	5.17201572278687e-18	c4	SRRT
4.12638677609607e-22	0.205275383797882	0.6	0.538	8.16611942989412e-18	c4	HNRNPA0
4.17393067838175e-22	0.917509975907762	0.033	0.016	8.26020881251748e-18	c4	COLGALT2
7.58496526751226e-22	0.75844659304211	0.063	0.037	1.50106462644068e-17	c4	TP53I11
8.07023646443977e-22	0.679508795082343	0.066	0.04	1.59709979631263e-17	c4	GSE1
8.27986249661573e-22	0.132321681337949	0.677	0.593	1.63858478808025e-17	c4	SPOCK2
8.50189447892478e-22	0.876213907139763	0.042	0.022	1.68252491737921e-17	c4	CD8B2
1.09689390988483e-21	0.3637839101656	0.255	0.205	2.17075304766208e-17	c4	ABHD17A
1.11423545472116e-21	0.232926875977705	0.408	0.349	2.20507196489317e-17	c4	CCNH
1.44541401226758e-21	0.27705671316914	0.36	0.307	2.86047433027755e-17	c4	SS18L2
1.4922463501538e-21	1.26820329794748	0.016	0.005	2.95315552695436e-17	c4	KLRF1
1.51799946044659e-21	0.727283378239991	0.065	0.039	3.0041209322238e-17	c4	CLU
1.58189702773553e-21	1.16458289449166	0.026	0.011	3.13057421788861e-17	c4	KLRC2
2.63600775725382e-21	1.71874271695837	0.011	0.003	5.21665935160531e-17	c4	B3GNT8
2.73214811926113e-21	0.393583822043779	0.158	0.115	5.40692112801777e-17	c4	TBX21
4.57461960491222e-21	0.439984744831448	0.187	0.143	9.05317219812128e-17	c4	GFPT1
5.2474885558034e-21	0.900306816073794	0.054	0.031	1.03847798519349e-16	c4	TMEM273
5.43271731963178e-21	0.573093659604526	0.107	0.073	1.07513475755513e-16	c4	DDAH2
6.54301630225771e-21	0.373474098757461	0.283	0.234	1.2948629262168e-16	c4	UBE2J1
6.69705026914098e-21	0.220522812255186	0.525	0.466	1.325346248263e-16	c4	NDUFB2
6.81933971556855e-21	0.263432737302897	0.395	0.338	1.34954732971102e-16	c4	SBDS
6.85011426635469e-21	0.167730312577929	0.472	0.411	1.35563761331159e-16	c4	CD96
7.60898004917395e-21	0.365228553924907	0.61	0.555	1.50581715173153e-16	c4	MT2A
8.32028785954494e-21	0.434943851923415	0.219	0.173	1.64658496740394e-16	c4	IRF2BP2
9.61490744400693e-21	0.312201278391191	0.282	0.231	1.90279018316897e-16	c4	SPN
1.309379403988e-20	0.248512116957449	0.448	0.392	2.59126184049226e-16	c4	RSL24D1
1.42756678378296e-20	0.426930165542767	0.213	0.168	2.82515466510647e-16	c4	GCHFR
1.47231784555559e-20	0.255001679944686	0.434	0.381	2.9137170163545e-16	c4	UQCRFS1
1.48574491156591e-20	1.17665416305055	0.04	0.021	2.94028917998893e-16	c4	ANKRD9
1.94754834124874e-20	0.431897015542508	0.214	0.169	3.85419816733125e-16	c4	SPTY2D1
2.15388532762698e-20	0.880602707645145	0.03	0.014	4.26253906337379e-16	c4	RAB27B
2.18798734402296e-20	0.744746731324661	0.074	0.047	4.33002695382143e-16	c4	SLC12A7
2.19305365755155e-20	0.173796286241211	0.616	0.557	4.34005318829451e-16	c4	TMEM50A
2.43470113664238e-20	0.342936028148412	0.268	0.219	4.81827354941527e-16	c4	PBX4
3.36435652389351e-20	0.430139928785011	0.117	0.082	6.65806156078525e-16	c4	TGFBR3
3.47715313658741e-20	0.442938043548714	0.138	0.099	6.88128605730649e-16	c4	TPD52
4.93060656904161e-20	0.343553348744344	0.211	0.165	9.75767040013335e-16	c4	TIMP1
4.99970815875268e-20	0.691415900368559	0.052	0.03	9.89442244617156e-16	c4	TPRG1
6.85128765883663e-20	0.473563319678005	0.126	0.09	1.35586982768377e-15	c4	SKI
7.04036083126234e-20	0.161070398671803	0.575	0.511	1.39328740850682e-15	c4	CYCS
7.51486342360985e-20	0.335110633639568	0.187	0.142	1.48719147153239e-15	c4	PTPN4
7.57298806548533e-20	0.903162818341194	0.045	0.025	1.49869433815955e-15	c4	CTH
7.76747897853942e-20	0.590917541598456	0.05	0.028	1.53718408985295e-15	c4	NXPH4
8.55128093674989e-20	0.737435403571299	0.062	0.037	1.6922984973828e-15	c4	EVA1C
9.9226935741254e-20	0.751155181767483	0.066	0.041	1.96370105831942e-15	c4	SNTA1
9.96758270591815e-20	0.35835638085002	0.227	0.18	1.9725846175012e-15	c4	OAT
1.09544507716478e-19	0.519478511516996	0.176	0.136	2.16788580770911e-15	c4	TGIF2
1.1188296945661e-19	0.289173366115624	0.375	0.326	2.21416396554632e-15	c4	TOMM22
1.18543913293064e-19	0.472762039391242	0.124	0.089	2.34598404406973e-15	c4	CD226
1.48537196474966e-19	0.488907600001885	0.14	0.102	2.93955111823958e-15	c4	HGSNAT
1.5573708110378e-19	1.54400706747621	0.015	0.005	3.0820368350438e-15	c4	PRKAR2B
1.64626583616425e-19	0.789441110266027	0.052	0.03	3.25796008976906e-15	c4	MPP7
2.03486363646787e-19	0.393816590924572	0.167	0.126	4.02699513656991e-15	c4	ADAM8
4.20774135535452e-19	0.958510394097102	0.035	0.018	8.32712014224659e-15	c4	AKR1C1
4.58981258114726e-19	1.56589229829905	0.019	0.008	9.08323909809044e-15	c4	VSTM4
4.70098503501632e-19	0.546939042323822	0.172	0.133	9.3032493842973e-15	c4	TWISTNB
4.77985898670772e-19	0.181479664853164	0.643	0.587	9.45934093469457e-15	c4	SAMSN1
5.59411908993541e-19	0.397328559082701	0.244	0.199	1.10707616789822e-14	c4	TSPYL1
5.98802853119832e-19	0.276525573179809	0.222	0.174	1.18503084632415e-14	c4	MIDN
6.07510551888973e-19	0.153644230881306	0.581	0.526	1.20226338218828e-14	c4	PDIA3
6.24409172464021e-19	0.278597161947293	0.325	0.274	1.2357057523063e-14	c4	CHCHD10
7.63554530195495e-19	0.407218092372377	0.199	0.156	1.51107441525688e-14	c4	FLOT1
1.01695476220217e-18	0.300283884014558	0.349	0.302	2.0125534743981e-14	c4	SSR3
1.39441446952668e-18	0.220622495753143	0.453	0.402	2.75954623519329e-14	c4	C9orf78
1.52697660933062e-18	0.275177891477115	0.33	0.279	3.0218867098653e-14	c4	CCDC107
1.55618729251155e-18	0.837289695847926	0.041	0.022	3.07969465188037e-14	c4	SEMA7A
1.633576956493e-18	0.230435251516656	0.425	0.373	3.23284879689965e-14	c4	RHOF
2.3918133592125e-18	1.42267045086451	0.018	0.007	4.73339863788154e-14	c4	DOCK5
2.46209059068079e-18	0.850596625648936	0.043	0.024	4.87247727895728e-14	c4	ABHD15
2.71329413046548e-18	0.256524906562534	0.418	0.367	5.36960908419119e-14	c4	SF3A1
3.09307104942539e-18	1.13956414865753	0.02	0.009	6.12118760681286e-14	c4	NEO1
5.29813174283576e-18	0.332444484556257	0.212	0.168	1.0485002719072e-13	c4	CD83
5.58706315046986e-18	0.554385551899771	0.089	0.061	1.10567979747799e-13	c4	SGK3
6.1472846224852e-18	0.479332439328687	0.156	0.119	1.21654762678982e-13	c4	PAGR1
7.19515893329556e-18	0.113898824321374	0.514	0.456	1.42392195289919e-13	c4	HSP90B1
7.24008301899727e-18	0.641482256287977	0.078	0.051	1.43281242945956e-13	c4	ZNF250
8.54009990374298e-18	0.161133906177652	0.548	0.484	1.69008577095074e-13	c4	NME2
1.14231851059187e-17	0.481254648400514	0.116	0.083	2.26064833246131e-13	c4	WDR47
1.35537114759802e-17	0.418283046035945	0.148	0.111	2.68227950109648e-13	c4	KLF10
2.14275815772554e-17	0.211568370985847	0.479	0.423	4.24051839413885e-13	c4	DBI
2.23529388047478e-17	0.506845005675257	0.081	0.054	4.42364658945959e-13	c4	DGKD
2.23714101466205e-17	0.482354879919156	0.124	0.091	4.4273020680162e-13	c4	GCLM
2.60150065508756e-17	0.404106036085265	0.135	0.1	5.14836979641828e-13	c4	SMAD7
2.71620212603795e-17	0.560860981039657	0.091	0.062	5.37536400742911e-13	c4	MAP3K13
2.77147599213804e-17	0.15550444487784	0.453	0.4	5.48475098844118e-13	c4	BCAS2
2.79928768783756e-17	0.14408902809027	0.597	0.542	5.53979033423054e-13	c4	SEPT7
3.17765211860897e-17	1.15516563208974	0.018	0.008	6.28857354272715e-13	c4	IGFBP6
4.47362658179593e-17	0.88649750019882	0.034	0.018	8.85330700537414e-13	c4	MYO1D
4.75320933122604e-17	0.736790880973894	0.093	0.065	9.40660126649633e-13	c4	BAG2
5.80202248327116e-17	0.358405099106483	0.202	0.16	1.14822024943936e-12	c4	SNRK
6.04386531657059e-17	0.19609273300382	0.504	0.453	1.19608094614932e-12	c4	CSTB
7.32265179125759e-17	0.440010458195871	0.177	0.139	1.44915278948988e-12	c4	PRMT9
7.35121901738753e-17	0.241880445378045	0.209	0.165	1.45480624354099e-12	c4	RASGEF1B
8.78287983632546e-17	0.658618783853933	0.083	0.057	1.73813191960881e-12	c4	CTU2
9.34710719404083e-17	0.139118536803372	0.764	0.692	1.84979251370068e-12	c4	RAN
1.02406186170637e-16	0.411120966866544	0.168	0.131	2.02661842431691e-12	c4	RAP2B
1.07754783044263e-16	0.233878714455784	0.365	0.311	2.13246715644596e-12	c4	CXCR3
1.46438052019699e-16	0.172516347555905	0.562	0.51	2.89800904946984e-12	c4	RAP1B
1.48374508546766e-16	0.599020983705093	0.081	0.055	2.9363315241405e-12	c4	ATP1B1
1.5598189310963e-16	0.330091498191529	0.235	0.194	3.08688166463958e-12	c4	RNF168
1.63853240672999e-16	0.521746267455481	0.068	0.044	3.24265563291864e-12	c4	CLIC5
1.84938253895349e-16	0.208586764386232	0.416	0.363	3.65992804458896e-12	c4	CDK2AP2
1.98622269630131e-16	0.508941187653338	0.118	0.086	3.9307347159803e-12	c4	GTF3C1
2.37430968296568e-16	0.398542778563088	0.18	0.142	4.69875886258909e-12	c4	ARFGAP3
2.52345059874264e-16	0.660629338709178	0.08	0.055	4.99390873491168e-12	c4	DSE
3.25938136605721e-16	0.461775968042663	0.151	0.117	6.45031572342722e-12	c4	BRD9
3.30000742031335e-16	1.14982548270282	0.018	0.008	6.53071468480012e-12	c4	CYP4F22
3.43445880589866e-16	0.521472831130782	0.142	0.109	6.79679397687345e-12	c4	TRAF4
3.58657400383617e-16	0.911965657199103	0.031	0.016	7.09782995359177e-12	c4	PGLYRP2
4.41054546596874e-16	0.277146839785476	0.329	0.285	8.72846947715213e-12	c4	POLR2A
5.41903503425756e-16	0.269187521714866	0.356	0.312	1.07242703327957e-11	c4	RASSF5
6.00180457305895e-16	0.218516374862606	0.35	0.301	1.18775712500837e-11	c4	TMX4
7.49884180379943e-16	0.294115382826423	0.13	0.096	1.48402079297191e-11	c4	PPP2R2B
9.02839347466573e-16	0.623950939226717	0.104	0.076	1.78671906863635e-11	c4	PELO
9.37712897366308e-16	0.25091954691928	0.315	0.27	1.85573382388792e-11	c4	ZBTB1
9.71033691499862e-16	0.134509498100317	0.441	0.39	1.92167567547823e-11	c4	ODC1
9.76717237030061e-16	0.241965775763215	0.252	0.21	1.93292341208249e-11	c4	IL21R
1.03571345495012e-15	0.146860379420601	0.662	0.605	2.04967692734629e-11	c4	ARF1
1.16919495389228e-15	0.652181716910268	0.05	0.031	2.31383681375282e-11	c4	PDE8A
1.28350450497502e-15	0.187323740264176	0.371	0.32	2.54005541534557e-11	c4	FLT3LG
1.31790666080729e-15	0.445604481239298	0.117	0.087	2.60813728173764e-11	c4	CYP51A1
1.36852376080653e-15	0.457629209202175	0.118	0.087	2.70830852263613e-11	c4	CMIP
1.42492411611561e-15	1.11207957431813	0.019	0.009	2.8199248257928e-11	c4	SMKR1
1.66070782640436e-15	0.251702312107932	0.348	0.304	3.28654078845424e-11	c4	GADD45GIP1
1.66326806197624e-15	0.219047407236517	0.373	0.328	3.29160749465098e-11	c4	PRMT2
1.77798517037897e-15	0.4791782054152	0.097	0.069	3.51863265217998e-11	c4	RELL1
1.79061392024963e-15	0.324950221187364	0.162	0.126	3.54362494817402e-11	c4	KIF21A
2.58298722589711e-15	1.33301009184812	0.015	0.006	5.11173172005038e-11	c4	NCR3LG1
2.7831821194916e-15	0.292431465204152	0.265	0.223	5.50791741447387e-11	c4	GRPEL1
3.1287429936664e-15	0.394502536304281	0.181	0.145	6.19178238446582e-11	c4	APPL1
3.34807733426388e-15	0.215679199147835	0.31	0.262	6.62584504450821e-11	c4	PNP
3.6094700030368e-15	0.647801681146461	0.062	0.04	7.14314113600983e-11	c4	RGS9
4.06323910966123e-15	1.05848432948593	0.026	0.013	8.04115019801957e-11	c4	LYN
4.35288078343295e-15	0.380420465010939	0.207	0.17	8.6143510704138e-11	c4	SAR1A
4.38469466996742e-15	0.172360099386238	0.374	0.327	8.67731075186552e-11	c4	IDI1
4.59619240604274e-15	0.379616934352367	0.171	0.136	9.09586477155858e-11	c4	GPR132
4.94476226555096e-15	0.195236351887286	0.388	0.34	9.78568452352535e-11	c4	AMD1
5.86371492219875e-15	0.257852660037468	0.352	0.312	1.16042918310313e-10	c4	TMED2
9.97278382454219e-15	0.324535543289352	0.273	0.234	1.9736139188769e-10	c4	RELA
1.03585324602519e-14	1.02258054789275	0.029	0.015	2.04995357388386e-10	c4	CCDC173
1.04627642672103e-14	0.989498770469568	0.023	0.012	2.07058104848091e-10	c4	JAM3
1.1101594639309e-14	0.17992415725471	0.288	0.242	2.19700557911925e-10	c4	SC5D
1.26616797626994e-14	0.334662969386426	0.245	0.207	2.50574642503821e-10	c4	ARL2BP
1.43247404778184e-14	0.531119126219997	0.112	0.084	2.83486614056026e-10	c4	STK40
1.633709662357e-14	0.226056042203805	0.36	0.318	3.23311142180451e-10	c4	DNAJA2
1.74959403256635e-14	1.09700737298074	0.018	0.008	3.4624465904488e-10	c4	TJP3
1.8843156077559e-14	0.238612355902851	0.314	0.27	3.72906058774893e-10	c4	NAA50
2.32711020052402e-14	0.217616306933284	0.399	0.358	4.60535108683704e-10	c4	PRDX6
2.57939654855274e-14	0.293364476903793	0.15	0.115	5.10462576958588e-10	c4	CHD9
2.61634613819969e-14	0.169888611964115	0.481	0.433	5.17774900749719e-10	c4	RSL1D1
3.30009217018452e-14	0.847222331591958	0.054	0.035	6.53088240479517e-10	c4	PARD6G
3.40882814431306e-14	0.193893160856196	0.412	0.369	6.74607089759555e-10	c4	RWDD1
3.62168909556772e-14	1.1989597966954	0.013	0.005	7.16732272012852e-10	c4	CCDC65
3.75161397196504e-14	0.123389997065189	0.525	0.472	7.42444405051882e-10	c4	RNF149
4.39359706986626e-14	0.456714793925679	0.094	0.068	8.69492860126533e-10	c4	ITPRIP
4.62738629350256e-14	0.102103624313255	0.606	0.551	9.15759747484156e-10	c4	EML4
5.03837014292105e-14	0.231003123935107	0.138	0.105	9.97093451284076e-10	c4	NELL2
5.19368103953898e-14	0.507468575049479	0.066	0.044	1.02782947772476e-09	c4	SMIM14
5.44887375387241e-14	0.265894056247257	0.269	0.229	1.07833211589135e-09	c4	TM2D3
5.56307208475211e-14	0.266775443270121	0.303	0.264	1.10093196557244e-09	c4	EMC7
5.89905674337468e-14	0.273667945669145	0.219	0.18	1.16742332951385e-09	c4	PRKX
6.42103790623527e-14	0.382926080958175	0.153	0.12	1.27072340164396e-09	c4	MSL2
6.50815217334776e-14	0.401597769836719	0.135	0.103	1.28796331510552e-09	c4	ELMSAN1
7.01181168959151e-14	0.151148373149969	0.394	0.346	1.38763753337016e-09	c4	CNOT6L
9.30647301564796e-14	0.154788453835841	0.598	0.547	1.84175100979673e-09	c4	SERBP1
9.59588965317231e-14	0.18136890296803	0.428	0.383	1.8990265623628e-09	c4	P4HB
1.00240835255596e-13	0.157862285780947	0.278	0.232	1.98376612970825e-09	c4	SCML4
1.07200840399749e-13	1.39886575010649	0.01	0.004	2.12150463151103e-09	c4	WWC2
1.1024294158216e-13	0.405356546223054	0.19	0.157	2.18170781391095e-09	c4	DNAJC21
1.22616055185449e-13	0.173899383468012	0.546	0.505	2.42657173212004e-09	c4	CDC37
1.36204667332021e-13	0.124076659097607	0.604	0.546	2.6954903665007e-09	c4	SLC25A5
1.40712803818068e-13	0.170548860281366	0.48	0.433	2.78470638755957e-09	c4	POMP
1.45559157959876e-13	0.887018760960918	0.024	0.012	2.88061573602596e-09	c4	FGFBP2
1.45912516393004e-13	0.642227137116145	0.065	0.044	2.88760869941755e-09	c4	OSM
1.67842160192169e-13	0.807690880965655	0.032	0.018	3.32159635020303e-09	c4	KLF16
1.69382060029486e-13	0.480492707473142	0.076	0.053	3.35207096798354e-09	c4	ATP10D
1.72006457416251e-13	0.262193535364375	0.237	0.198	3.4040077922676e-09	c4	UPP1
1.79447490261499e-13	0.135338464039725	0.47	0.423	3.55126583227507e-09	c4	REEP5
1.81660015689531e-13	0.371171597780159	0.115	0.087	3.59505171049582e-09	c4	MGAT5
1.97954690060207e-13	0.449564146348228	0.141	0.111	3.9175233162915e-09	c4	SEPT11
2.00175351860817e-13	0.13429813787417	0.637	0.581	3.96147021332557e-09	c4	ATP5F1B
2.16876901671981e-13	1.24509613904384	0.01	0.004	4.29199388408851e-09	c4	RTL5
2.59983618931693e-13	0.160917545891103	0.369	0.323	5.14507581865821e-09	c4	FAM129A
2.60904539955858e-13	1.49403074289611	0.01	0.003	5.16330084572644e-09	c4	SCART1
2.71524709391537e-13	0.209233601858077	0.352	0.311	5.37347399885851e-09	c4	SMARCA5
2.93569145471332e-13	1.22990765142122	0.015	0.007	5.80973338887766e-09	c4	RAB38
3.1598143308832e-13	0.177822712609859	0.35	0.306	6.25327256081786e-09	c4	PLK3
3.76734058707022e-13	0.284119835607816	0.223	0.186	7.45556702181196e-09	c4	TMEM147
5.18333939693887e-13	0.810920448156657	0.053	0.035	1.0257828666542e-08	c4	S100A2
5.30360476198424e-13	0.257896077856682	0.16	0.126	1.04958338239668e-08	c4	PIP4K2A
5.52659095702063e-13	0.604697500159328	0.052	0.034	1.09371235039438e-08	c4	F11R
6.12598332227809e-13	0.25670113396553	0.3	0.263	1.21233209947883e-08	c4	CEBPZ
6.50524391061462e-13	0.674014522981791	0.035	0.021	1.28738776991063e-08	c4	APOBR
6.99258842426726e-13	0.272747107253988	0.24	0.203	1.38383324916249e-08	c4	UBE2D1
7.23421099671177e-13	0.438371033763807	0.114	0.086	1.43165035624926e-08	c4	MXI1
7.92961975643458e-13	0.739817056348811	0.04	0.024	1.5692717497984e-08	c4	KRT8
8.36413934754201e-13	0.757305669273818	0.04	0.025	1.65526317687856e-08	c4	RARG
8.92711359423569e-13	0.295949810403502	0.276	0.242	1.76667578029924e-08	c4	MRPL47
8.99024540310777e-13	0.221089290469596	0.24	0.201	1.77916956527503e-08	c4	PLEC
1.01239670425482e-12	0.131903432080158	0.54	0.492	2.00353307772029e-08	c4	UXT
1.02923189324473e-12	0.46719292414883	0.13	0.102	2.03684991673132e-08	c4	ALG2
1.0351428984474e-12	0.512342946178958	0.209	0.175	2.04854779602741e-08	c4	MT1F
1.04909565258411e-12	0.120219796753848	0.972	0.945	2.07616029646395e-08	c4	FTL
1.08419194961914e-12	0.482007302785536	0.089	0.065	2.14561586829627e-08	c4	UBE2O
1.25140251631893e-12	0.526986145829774	0.109	0.082	2.47652557979517e-08	c4	ORAI2
1.25718293969279e-12	0.298966731517474	0.166	0.133	2.48796503765203e-08	c4	C16orf54
1.27265673049616e-12	0.982375387221375	0.027	0.015	2.5185876696519e-08	c4	CD24
1.34386280662147e-12	0.288828916669024	0.301	0.263	2.6595044943039e-08	c4	INSIG1
1.49005844605385e-12	0.213632043114742	0.386	0.348	2.94882566474056e-08	c4	RNF7
1.49047490351706e-12	0.780746626617539	0.034	0.02	2.94964983406026e-08	c4	POMGNT2
1.61705997997975e-12	1.41128785867517	0.01	0.004	3.20016170037993e-08	c4	PLD1
1.97687925950658e-12	0.18817559135495	0.379	0.336	3.91224405456352e-08	c4	HNRNPAB
2.04011510260408e-12	0.24033500408596	0.318	0.279	4.03738778805347e-08	c4	ADSS
2.14082675137453e-12	0.541530567895196	0.082	0.059	4.23669614097019e-08	c4	WHRN
2.17011179320607e-12	0.849890456350114	0.039	0.024	4.29465123875482e-08	c4	KRT17
2.17814725973175e-12	1.35959760262515	0.011	0.005	4.31055342700914e-08	c4	RRAGD
2.24927231299113e-12	1.12180145704633	0.02	0.01	4.45130990740944e-08	c4	FKBP1B
2.44801740614219e-12	0.195814565509474	0.382	0.342	4.84462644675539e-08	c4	FMNL1
2.51042162829506e-12	0.507361493352199	0.119	0.092	4.96812440239592e-08	c4	MID1IP1
3.05756321709994e-12	0.172584813802154	0.367	0.326	6.05091760664078e-08	c4	DDX21
3.14921684911361e-12	0.376922386297452	0.151	0.121	6.23230014439583e-08	c4	RCE1
3.25674904826016e-12	0.33531189880307	0.084	0.061	6.44510636650686e-08	c4	ARHGAP26
3.27871479931892e-12	0.133512699263915	0.339	0.299	6.48857658785214e-08	c4	CANX
3.33563711856746e-12	0.218465085227205	0.322	0.285	6.60122585764501e-08	c4	OSTC
3.37458130308844e-12	0.502715181471787	0.12	0.093	6.67829639881203e-08	c4	CARD19
3.44183466345146e-12	0.313738231911884	0.226	0.193	6.81139079897044e-08	c4	PLEKHA3
3.88782411314967e-12	0.511941877875516	0.054	0.036	7.6940039199232e-08	c4	CD244
3.91283775451373e-12	0.559175353071178	0.277	0.242	7.74350591618267e-08	c4	MT1E
4.01670646545602e-12	0.738724188027813	0.031	0.018	7.94906209513746e-08	c4	MYO6
4.19924540112784e-12	0.163349523394124	0.452	0.406	8.310306648832e-08	c4	PSMB6
4.39075825347584e-12	0.31101153387164	0.209	0.176	8.6893105836287e-08	c4	MAP3K2
4.39368041185285e-12	0.270143354547796	0.148	0.117	8.69509353505679e-08	c4	TBCD
4.96006378079934e-12	0.221647491553604	0.336	0.299	9.81596622220189e-08	c4	NRBP1
6.93766292520837e-12	0.103439033377126	0.567	0.512	1.37296349289874e-07	c4	H2AFV
7.26248350409642e-12	0.855383177604275	0.029	0.016	1.43724548546068e-07	c4	ABL1
7.31565691126525e-12	0.485610286361478	0.085	0.062	1.44776850273939e-07	c4	SLFN11
8.02022843875655e-12	1.0523195069149	0.02	0.01	1.58720320802992e-07	c4	RAB20
9.11977039987935e-12	0.393854990292388	0.182	0.152	1.80480256213612e-07	c4	ATG101
1.01952193294882e-11	0.247193533429462	0.264	0.229	2.01763390530571e-07	c4	NARF
1.0838914480294e-11	0.312979036921365	0.188	0.156	2.14502117565019e-07	c4	NDEL1
1.18081821952027e-11	0.215295049120584	0.25	0.213	2.33683925643061e-07	c4	CRYBG1
1.18325681012103e-11	1.84565068130154	0.01	0.004	2.34166522722952e-07	c4	FABP4
1.45813848158089e-11	1.00086570172792	0.022	0.011	2.88565605504859e-07	c4	CALHM6
1.5120097918804e-11	0.337041355788697	0.229	0.198	2.99226737813131e-07	c4	NELFE
1.58571911388309e-11	1.18148173051968	0.016	0.008	3.13813812637463e-07	c4	TSPAN15
1.61759531884963e-11	0.132145700193511	0.589	0.542	3.20122113600342e-07	c4	MORF4L1
1.69166507545269e-11	1.00872791067484	0.026	0.015	3.34780518432088e-07	c4	CHRNE
2.03249964731836e-11	0.165731643957836	0.409	0.37	4.02231680204304e-07	c4	ENSA
2.1659068908271e-11	0.241490888758618	0.304	0.269	4.28632973694684e-07	c4	RPP21
2.24080935912818e-11	0.248995929739024	0.316	0.282	4.43456172171467e-07	c4	MLF2
2.57238335138926e-11	1.08919858805182	0.027	0.015	5.09074665239934e-07	c4	SSX2IP
2.63554631164704e-11	0.10193701051104	0.729	0.664	5.21574615074948e-07	c4	SLC25A3
3.3349020930237e-11	0.108373501482981	0.598	0.554	6.5997712420939e-07	c4	RPS10
3.57420617583976e-11	0.941446665710652	0.035	0.022	7.07335402198688e-07	c4	KRT6A
3.61270069048637e-11	0.157848319454692	0.385	0.346	7.14953466647252e-07	c4	SIVA1
3.74770855364156e-11	0.280919329212769	0.217	0.185	7.41671522765664e-07	c4	NOLC1
4.48817899459026e-11	0.304627820225726	0.043	0.027	8.88210623029412e-07	c4	PTGDR
4.72294945609206e-11	0.147401304893571	0.447	0.405	9.34671697360619e-07	c4	ARPC5
4.76540941761306e-11	0.167861436533801	0.41	0.375	9.43074523745624e-07	c4	PAPOLA
4.90619788500495e-11	1.19800599722587	0.014	0.007	9.70936561442479e-07	c4	MAML3
5.34584181815043e-11	0.167201395465175	0.436	0.396	1.05794209581197e-06	c4	COX7B
5.50436198175493e-11	0.395578260478866	0.137	0.11	1.0893132361893e-06	c4	MGAT2
5.58056323207496e-11	1.42513374024437	0.011	0.005	1.10439346362763e-06	c4	MPZL2
6.04980889549515e-11	0.45196590537043	0.11	0.086	1.19725718041849e-06	c4	CDK5RAP1
6.10934313480435e-11	0.785320341482367	0.033	0.02	1.20903900637778e-06	c4	C17orf107
6.31441704617111e-11	1.14573284934359	0.018	0.009	1.24962313343726e-06	c4	IGFBP5
6.59327413436216e-11	0.422282924851843	0.141	0.114	1.30480895119027e-06	c4	PDHA1
6.63358483941105e-11	0.217002069180743	0.367	0.332	1.31278643971945e-06	c4	STIP1
8.29728473411538e-11	0.186172324940018	0.38	0.345	1.64203264888143e-06	c4	PPP2CA
8.95045584280351e-11	0.184160079228359	0.311	0.275	1.77129521129081e-06	c4	HERPUD2
9.05397980785498e-11	0.134736446916434	0.392	0.352	1.7917826039745e-06	c4	KTN1
9.2880446358449e-11	0.188760553260506	0.411	0.377	1.83810403343371e-06	c4	GHITM
9.61031144565795e-11	0.738538754617078	0.048	0.032	1.90188063509571e-06	c4	KLF11
9.85087052097442e-11	0.139728481986732	0.452	0.413	1.94948727610084e-06	c4	SELENOT
1.03269898217698e-10	0.485222988604913	0.085	0.063	2.04371128572824e-06	c4	TMEM102
1.06349923069419e-10	0.116384185532294	0.649	0.603	2.1046649775438e-06	c4	TRMT112
1.12695960390676e-10	0.139047932602121	0.52	0.479	2.23025305613148e-06	c4	SRRM1
1.26736000399755e-10	0.592354221522979	0.057	0.039	2.50810544791116e-06	c4	KRT18
1.27841743919138e-10	0.397796495887681	0.161	0.134	2.52998811215975e-06	c4	DPH3
1.30285066820051e-10	0.195940183691701	0.434	0.402	2.5783414723688e-06	c4	SEC61G
1.46669325260366e-10	0.251609016101025	0.26	0.228	2.90258594690264e-06	c4	PHF20
1.51562904826329e-10	0.315423335068942	0.199	0.169	2.99942988651305e-06	c4	SURF2
1.54902934941029e-10	0.160098036813015	0.302	0.264	3.06552908248297e-06	c4	MAPRE2
1.55614718161798e-10	0.155254822072479	0.339	0.3	3.07961527242197e-06	c4	TUBA1C
1.76556317230249e-10	0.845849963515173	0.018	0.009	3.49404951798663e-06	c4	RTP5
1.77759506272763e-10	1.15138846263523	0.013	0.006	3.51786062913798e-06	c4	NCAM1
1.83970388987703e-10	0.194574610298738	0.279	0.244	3.64077399806664e-06	c4	ARRB2
1.96049419847443e-10	0.307908631335909	0.138	0.111	3.87981801878089e-06	c4	SIK3
1.99405348219587e-10	0.790261000445608	0.02	0.011	3.94623184126563e-06	c4	C1orf61
2.15377272530544e-10	0.345475403599482	0.145	0.118	4.26231622337946e-06	c4	EIF1AY
2.20117811413127e-10	0.538017840681325	0.028	0.017	4.35613148786579e-06	c4	AKR1C2
2.25906742965444e-10	0.185171621207975	0.353	0.318	4.47069444328613e-06	c4	SSB
2.32552688541853e-10	0.136278647197704	0.557	0.514	4.60221770624328e-06	c4	RBM3
2.40308744599981e-10	0.165132576334707	0.364	0.33	4.75571005563362e-06	c4	SRPRA
2.49496722669773e-10	0.350296631558734	0.169	0.141	4.9375401416348e-06	c4	CEBPG
2.53437625790548e-10	0.67563368646533	0.024	0.014	5.01553061439495e-06	c4	KLRC4
2.59443935739326e-10	0.79894970401504	0.025	0.014	5.13439548828125e-06	c4	ABCA1
2.88104014772079e-10	0.114436362640432	0.346	0.305	5.70157845233944e-06	c4	ANKRD37
3.21089476639333e-10	0.93467563604914	0.021	0.012	6.3543607426924e-06	c4	IFITM10
3.23020719721356e-10	0.524525942655786	0.07	0.051	6.39258004328564e-06	c4	CHD7
3.30097089318734e-10	0.189004928883035	0.309	0.275	6.53262139761774e-06	c4	SPCS3
3.44917161592109e-10	0.982672948448216	0.017	0.009	6.82591062790784e-06	c4	MID2
3.4857563111484e-10	0.248974911657919	0.218	0.187	6.89831173976269e-06	c4	DNAJC3
3.62519377774062e-10	0.389825474172753	0.075	0.055	7.17425848614869e-06	c4	ZBTB4
3.72157363716716e-10	0.190438852597335	0.377	0.343	7.36499422795381e-06	c4	SURF4
3.75009451491482e-10	0.58574385546119	0.069	0.05	7.42143704501644e-06	c4	EIF5A2
4.55160488731496e-10	1.05982913591368	0.017	0.008	9.00762607199631e-06	c4	C8orf88
4.69863874896884e-10	0.311804781842341	0.207	0.178	9.29860608420933e-06	c4	COPS8
5.03931399749833e-10	0.468694779075309	0.084	0.063	9.97280240104919e-06	c4	DHCR7
5.5079953901068e-10	0.576756814672893	0.033	0.02	1.09003228770214e-05	c4	GNAO1
5.59844899442928e-10	0.286054921418332	0.24	0.21	1.10793305599755e-05	c4	ZPR1
6.17323242516133e-10	0.405540212402923	0.081	0.06	1.22168269693943e-05	c4	TRIM39
6.29255853580305e-10	1.11121726151962	0.011	0.005	1.24529733423542e-05	c4	ST6GALNAC2
7.12410969829956e-10	0.149111966432135	0.193	0.16	1.40986130929348e-05	c4	S1PR1
7.13578246683607e-10	0.548629995386242	0.061	0.044	1.41217135018686e-05	c4	SIK1B
7.13746862615867e-10	0.179342477771016	0.397	0.362	1.4125050411168e-05	c4	ADRM1
7.56781335760616e-10	0.791779563293038	0.023	0.013	1.49767026347026e-05	c4	STX3
8.13877160427573e-10	0.804958779908366	0.029	0.017	1.61066290048617e-05	c4	SRXN1
9.6947944572565e-10	1.10224282293676	0.016	0.008	1.91859982309106e-05	c4	CD160
9.76559292376015e-10	0.342309066594035	0.175	0.148	1.93261083961213e-05	c4	NKAP
9.9624240715343e-10	1.07751182388695	0.014	0.007	1.97156372375664e-05	c4	AC068775.1
1.01741762990324e-09	0.73442448833798	0.027	0.016	2.01346948957851e-05	c4	COL6A2
1.09073062430442e-09	0.328632724803145	0.051	0.035	2.15855590549844e-05	c4	MVB12B
1.09670209649778e-09	0.184846099070249	0.212	0.18	2.1703734489691e-05	c4	PDE7A
1.18394716833236e-09	0.518132237656348	0.056	0.039	2.34303144612974e-05	c4	BRMS1L
1.18493298419679e-09	0.228898702168544	0.31	0.278	2.34498237572545e-05	c4	RNH1
1.21052922598089e-09	1.2597748642467	0.014	0.007	2.39563733821619e-05	c4	ASCL1
1.35446438431003e-09	0.766579332150167	0.022	0.012	2.68048501654955e-05	c4	DSP
1.40503596329837e-09	0.208379370566136	0.336	0.305	2.78056617136748e-05	c4	TOMM5
1.42899398814447e-09	0.30275475154109	0.138	0.112	2.8279791025379e-05	c4	OTULINL
1.57769274469883e-09	0.936636698672274	0.013	0.006	3.12225394175899e-05	c4	DMKN
1.67699975621007e-09	0.297463456753615	0.06	0.042	3.31878251753973e-05	c4	EPHA1
1.79691291048855e-09	0.965696064546699	0.016	0.008	3.55609064985683e-05	c4	CACNA2D2
1.93174305192482e-09	0.266652202366277	0.226	0.198	3.82291949975921e-05	c4	NFKB2
1.94079842216853e-09	0.136502941218209	0.45	0.413	3.84084007747152e-05	c4	TBCA
1.9535505910588e-09	0.490186625975998	0.033	0.02	3.86607661970537e-05	c4	CAPN12
1.99689424236466e-09	1.21860088960634	0.013	0.007	3.95185370563967e-05	c4	PROK2
2.05018359024863e-09	0.103422434673036	0.272	0.234	4.05731332510204e-05	c4	APMAP
2.11168271104747e-09	0.465797558142618	0.073	0.054	4.17902008516294e-05	c4	GCC1
2.12557242371544e-09	0.200992369091025	0.325	0.294	4.20650782653286e-05	c4	CCDC59
2.51015684824007e-09	0.245481300340605	0.284	0.255	4.9676004026671e-05	c4	NDUFA5
2.80337398674141e-09	0.254551559672771	0.22	0.19	5.54787711976125e-05	c4	LYSMD2
2.86937017921483e-09	0.878199199870911	0.018	0.01	5.67848358466616e-05	c4	KIFC3
2.99120137980131e-09	0.369476002598168	0.123	0.1	5.91958753062679e-05	c4	PRR5
2.99821736705522e-09	0.32364190171788	0.16	0.134	5.93347216940228e-05	c4	SEC23B
3.04172405621261e-09	0.119487133739104	0.21	0.178	6.01957190724475e-05	c4	NUCB2
3.09492452835483e-09	0.156608413812251	0.274	0.241	6.12485564161422e-05	c4	PPP1R16B
3.11107726496096e-09	1.1297890360168	0.012	0.006	6.15682190735775e-05	c4	IFT140
3.48151080471325e-09	0.248225227430869	0.274	0.246	6.88990988252752e-05	c4	BCL7B
3.56795129795582e-09	0.251350642431163	0.291	0.264	7.06097561865458e-05	c4	MYDGF
3.73500760492196e-09	0.280674762853005	0.179	0.151	7.39158005014055e-05	c4	RNF11
3.78931139343923e-09	0.458107906305187	0.083	0.063	7.49904724761623e-05	c4	ETS2
3.85646840470279e-09	0.190965728682439	0.315	0.285	7.63195097290682e-05	c4	RHEB
3.96786240886875e-09	0.321634758969223	0.097	0.075	7.85239970715126e-05	c4	SIK2
4.14238516854287e-09	0.918666875884171	0.018	0.009	8.19778024854634e-05	c4	FAM229B
4.35280499788632e-09	0.998497941321748	0.028	0.017	8.61420109081702e-05	c4	CXXC5
4.58132811595583e-09	0.14217384185129	0.319	0.285	9.06644834147659e-05	c4	TACC1
4.66963321657014e-09	0.701205216173894	0.034	0.022	9.24120413559231e-05	c4	BEX5
5.04107143284212e-09	0.288466883891074	0.137	0.111	9.97628036559455e-05	c4	BNIP3
5.39945852426735e-09	0.528268971627827	0.086	0.067	0.000106855284195251	c4	METTL21A
5.62807928993979e-09	0.480219126997508	0.072	0.054	0.000111379689147908	c4	RRP12
5.67608449406669e-09	0.172629903039994	0.364	0.334	0.00011232971213758	c4	SNRPB2
6.14874726607439e-09	0.954213793999523	0.017	0.009	0.000121683708395612	c4	TGFBR3L
6.17785623119153e-09	0.658237712313837	0.039	0.026	0.00012225977481528	c4	NLRP6
6.23475313513882e-09	0.197274082494911	0.36	0.33	0.000123385764544397	c4	CCT5
6.46143241941453e-09	0.346881074866892	0.121	0.098	0.000127871747580214	c4	HIPK1
6.4748903251948e-09	0.281414204206839	0.161	0.136	0.000128138079535605	c4	ESYT1
6.5843109838023e-09	0.622431930542512	0.049	0.034	0.000130303514369448	c4	TSPAN2
6.98021611878087e-09	0.925319016500069	0.039	0.027	0.000138138476990673	c4	AKR1C3
7.18965208268518e-09	0.118586054042757	0.622	0.579	0.00014228321471634	c4	HNRNPF
7.32404673834718e-09	0.262095548668087	0.214	0.186	0.000144942884951891	c4	RAB18
7.56498890860487e-09	0.210864176345726	0.22	0.19	0.00014971113050129	c4	TRMT10C
8.93629854911783e-09	0.170920835715398	0.378	0.347	0.000176849348287042	c4	ILF2
9.55064141723311e-09	0.170854568633973	0.373	0.342	0.000189007193647043	c4	TXNL4A
1.0183774884579e-08	1.12408271755784	0.013	0.006	0.000201536904965818	c4	NPM2
1.04729908861596e-08	0.148328857694802	0.365	0.334	0.000207260489637099	c4	TMED10
1.05712719035878e-08	1.16584407898364	0.013	0.007	0.000209205470972003	c4	F12
1.08022211535238e-08	0.460291362878925	0.058	0.042	0.000213775956628236	c4	ZSCAN18
1.09550994247542e-08	0.531148669075082	0.035	0.023	0.000216801417615885	c4	NBPF1
1.17072633458615e-08	0.151972035938631	0.286	0.254	0.000231686741614599	c4	CHMP1B
1.19245053057912e-08	0.262192259299329	0.22	0.194	0.000235985960001609	c4	COPA
1.19788879370924e-08	0.757546130194843	0.025	0.015	0.000237062192275059	c4	CCDC112
1.26725409985281e-08	0.197304311928466	0.292	0.262	0.00025078958636087	c4	NGDN
1.39690981923314e-08	0.181432732291367	0.309	0.279	0.000276448453226239	c4	MAP2K2
1.42873751182496e-08	0.581398290040213	0.045	0.032	0.00028274715359016	c4	TMEM200A
1.57036635241227e-08	0.107929043849269	0.476	0.436	0.000310775501142388	c4	ABRACL
1.60891631465216e-08	1.20734778749389	0.023	0.014	0.000318404538669663	c4	IRF8
1.61903953685698e-08	0.172072991762032	0.173	0.145	0.000320407924343997	c4	PLA2G16
1.81516544711989e-08	0.147897292802943	0.235	0.204	0.000359221241985026	c4	ABI3
1.82431381145467e-08	0.310663841155047	0.174	0.149	0.00036103170328688	c4	UBE2E3
1.91440395491117e-08	0.259882848312687	0.219	0.192	0.000378860542676921	c4	NIFK
1.93010025461529e-08	0.219505184618991	0.132	0.108	0.000381966840388366	c4	LPGAT1
2.05712514559793e-08	0.911790618806481	0.025	0.015	0.00040710506631383	c4	KRT14
2.12803812269931e-08	0.116565358403726	0.453	0.422	0.000421138744482194	c4	SPCS2
2.14865197378686e-08	0.276107227742975	0.174	0.148	0.00042521822561242	c4	SVIP
2.19252143738898e-08	0.419182506058858	0.076	0.058	0.00043389999245928	c4	MED14
2.28424405486995e-08	0.473133033397433	0.036	0.024	0.000452051898458763	c4	ENPP4
2.32833643523319e-08	0.122135104050602	0.497	0.461	0.000460777780532649	c4	PEBP1
2.4859455823242e-08	0.457229412005951	0.064	0.047	0.00049196863074196	c4	ZFY
2.50472025114047e-08	0.199887846999082	0.307	0.278	0.000495684137700698	c4	FBL
2.62277881418431e-08	0.228077161469493	0.216	0.189	0.000519047927327075	c4	MAGED2
2.75828833645884e-08	0.722831573733396	0.021	0.012	0.000545865261785205	c4	CFD
2.97679546115894e-08	0.303155638097335	0.118	0.096	0.000589107821763355	c4	CA5B
3.1496471499395e-08	0.179990735122986	0.36	0.333	0.000623315170973027	c4	VDAC1
3.21144860952097e-08	0.295319363610529	0.129	0.106	0.000635545679824201	c4	CD2AP
3.28621731484746e-08	0.115909834939497	0.296	0.262	0.000650342406608312	c4	KPNA2
3.35315757684855e-08	0.983544164231319	0.011	0.005	0.000663589884458327	c4	TRIQK
3.42635382131246e-08	0.819032886336586	0.011	0.006	0.000678075421237736	c4	KLRC4-KLRK1
3.54200338501067e-08	0.309858858307118	0.084	0.065	0.000700962469893612	c4	AKT3
3.5525626283538e-08	0.147434525810582	0.412	0.382	0.000703052144151217	c4	VDAC2
3.86705604440672e-08	0.347535202564048	0.111	0.09	0.000765290391188089	c4	LYSMD3
3.92267567707669e-08	0.186599100706719	0.303	0.275	0.000776297516493477	c4	COPB1
3.96283907230017e-08	0.519936044328802	0.023	0.014	0.000784245852408204	c4	FCGR3A
3.97406782391453e-08	0.606367642463144	0.023	0.014	0.000786468022352686	c4	GPX2
4.04526394574259e-08	0.651016681972278	0.036	0.025	0.000800557734862458	c4	SLC25A43
4.0637822949094e-08	0.758771765076575	0.016	0.009	0.000804222516162571	c4	SLC9A3R2
4.20570261165432e-08	0.383691760376011	0.122	0.101	0.00083230854684639	c4	G6PD
4.65169825725693e-08	0.233927662315546	0.242	0.215	0.000920571085111147	c4	ZFAND6
4.66463630570955e-08	0.968810217004897	0.014	0.007	0.00092313152489992	c4	UCHL1
4.73796917091218e-08	0.111826690972815	0.356	0.326	0.00093764409892352	c4	DYNC1H1
4.80574506844439e-08	0.357500867148356	0.119	0.098	0.000951056949045146	c4	ELL
5.11762025624728e-08	0.120716899295175	0.449	0.415	0.00101277704871134	c4	ATP5MD
5.52381038223027e-08	0.323287346717297	0.173	0.149	0.00109316207464337	c4	AKAP17A
5.53268595757851e-08	0.355191601343568	0.132	0.111	0.00109491855100479	c4	STARD3NL
5.97406720749596e-08	0.148085364291734	0.337	0.307	0.00118226790036345	c4	PIM3
6.03762197050626e-08	0.236940492772623	0.196	0.17	0.00119484538796319	c4	SEC14L1
6.60186196899795e-08	0.349020945966698	0.133	0.111	0.00130650848366469	c4	FBXO33
6.63093324999358e-08	0.247519987952745	0.154	0.13	0.00131226169017373	c4	RAB29
6.89391227779111e-08	0.476589060425643	0.051	0.037	0.00136430523977486	c4	KRT19
7.25372432974038e-08	0.238773622848313	0.188	0.163	0.00143551204485562	c4	PPP2R5A
7.31865015018224e-08	0.715364421901579	0.029	0.019	0.00144836086472107	c4	GPAT3
7.52186718879636e-08	0.316301750792828	0.167	0.144	0.0014885775166628	c4	ARMCX3
7.62903981988703e-08	0.26650585201168	0.043	0.03	0.00150978698035564	c4	KLRC3
7.71085132911246e-08	0.281706738719483	0.165	0.141	0.00152597747803136	c4	MED19
8.00515225398906e-08	0.218414300902581	0.208	0.182	0.00158421963106443	c4	TMBIM1
8.34867520908312e-08	0.366845699023822	0.068	0.052	0.00165220282387755	c4	PATJ
8.53074807106536e-08	0.220193737374918	0.262	0.236	0.00168823504326383	c4	MAPRE1
9.22633658780321e-08	0.428127057002846	0.057	0.042	0.00182589201072626	c4	RRM2B
9.30402922169642e-08	0.183954277927421	0.293	0.266	0.00184126738297372	c4	PDCD5
1.01695515806085e-07	0.716514620591147	0.034	0.023	0.00201255425780243	c4	FAIM
1.03309651762552e-07	0.957622780820752	0.016	0.009	0.00204449800838091	c4	SFTPC
1.08554231578893e-07	1.15430403441325	0.01	0.005	0.0021482882429463	c4	CLIP2
1.08993795712471e-07	0.404262544003107	0.088	0.07	0.00215698721714981	c4	CHPT1
1.09252222286352e-07	0.32101588230965	0.088	0.069	0.0021621014790469	c4	ANTXR2
1.10256162356159e-07	0.124035012152676	0.314	0.284	0.00218196945302838	c4	SIAH2
1.10607909164921e-07	0.240486149198967	0.247	0.222	0.00218893052237379	c4	PRMT1
1.11617679797764e-07	0.149771632891139	0.389	0.363	0.00220891388319776	c4	ZC3H15
1.12010708553229e-07	0.229679189457379	0.213	0.188	0.0022166919222684	c4	SRM
1.13004052758402e-07	0.266556149076068	0.222	0.198	0.00223635020408878	c4	MED30
1.19008866615719e-07	0.155399097828181	0.357	0.328	0.00235518547032508	c4	SNRPD1
1.21246421619755e-07	0.312714760599935	0.067	0.051	0.00239946668385495	c4	FXYD7
1.23730628906927e-07	0.3032711626414	0.187	0.165	0.00244862914606808	c4	RABIF
1.27734257201543e-07	1.00634492170465	0.012	0.006	0.00252786095001854	c4	PIK3R6
1.30659098365557e-07	0.317183089892059	0.095	0.076	0.00258574355665436	c4	MAPKAPK2
1.34634363222216e-07	0.437026398662767	0.037	0.025	0.00266441404816765	c4	ACSL6
1.46959142225601e-07	0.235494331423976	0.165	0.141	0.00290832142464464	c4	KIAA1191
1.53623017416121e-07	0.416975061651987	0.121	0.101	0.00304019951466503	c4	BOLA2-SMG1P6
1.54161049416276e-07	0.104542343172212	0.389	0.358	0.00305084716794811	c4	CD47
1.57660778268646e-07	0.3781032992414	0.083	0.065	0.00312010680193651	c4	CCDC92
1.60343034015693e-07	0.204227745306495	0.189	0.162	0.00317318864317056	c4	TPST2
1.61505687460285e-07	0.894933313104472	0.022	0.014	0.00319619755483905	c4	IL23R
1.78783086750722e-07	0.802021657463235	0.013	0.007	0.00353811728679679	c4	SLC30A4
1.80677904748318e-07	0.288228121179163	0.138	0.116	0.00357561573496921	c4	ZNF22
1.93717805149022e-07	0.399553736923992	0.086	0.068	0.00383367536389914	c4	ZBTB21
2.05652955861342e-07	0.244908193517013	0.188	0.164	0.00406987199649596	c4	SLC25A32
2.0654203481723e-07	0.795230719223507	0.017	0.01	0.00408746686903298	c4	RHOQ
2.16905143192573e-07	0.628189035461841	0.018	0.011	0.00429255278378103	c4	NR3C2
2.16954348942143e-07	0.313484495749191	0.202	0.181	0.004293526565565	c4	LRRC59
2.18445098542001e-07	0.283806287628754	0.099	0.08	0.0043230285001462	c4	HSPA13
2.21751561823318e-07	0.711262143863741	0.02	0.012	0.00438846340848347	c4	FER
2.26247915647406e-07	0.16648430232716	0.36	0.332	0.00447744625066217	c4	PRKAR1A
2.40715182120448e-07	0.470518640488848	0.032	0.022	0.00476375345416367	c4	NLRP3
2.54117812773747e-07	0.206918425302125	0.228	0.203	0.00502899151479246	c4	DNAJC19
2.59118807643552e-07	0.278675547518891	0.188	0.165	0.00512796120326589	c4	RIC8A
2.63902202627953e-07	0.230192769529675	0.208	0.185	0.00522262459000719	c4	TMEM14C
2.74285991995713e-07	0.799257063984223	0.013	0.007	0.00542811978159516	c4	DSEL
2.77394338946796e-07	0.592559501653171	0.026	0.016	0.00548963396775709	c4	PHLDB2
2.9447447602295e-07	0.399548946482509	0.135	0.115	0.00582764988049419	c4	GPN1
3.08955222362415e-07	0.542261829051391	0.06	0.046	0.00611422385055219	c4	TPM1
3.27986249265689e-07	0.197085557798489	0.215	0.189	0.00649084787296799	c4	HSD17B11
3.41910284363162e-07	0.103826107291863	0.524	0.483	0.00676640452754698	c4	ATP5MC3
3.4258071511045e-07	0.157821153034034	0.17	0.145	0.0067796723520358	c4	BRAF
3.5614481683943e-07	0.486952463339637	0.054	0.041	0.00704810592525232	c4	PLEKHA5
3.76408266519296e-07	0.734705266673371	0.016	0.009	0.00744911959441686	c4	OTUD7A
3.78229789972265e-07	0.739152769316584	0.015	0.009	0.00748516754355112	c4	FGFRL1
3.84693524239755e-07	0.160727721274351	0.189	0.164	0.00761308484470475	c4	PTK2B
3.87955463965505e-07	0.758122417074165	0.017	0.01	0.00767763863187734	c4	NDRG2
3.95903598900231e-07	0.660235844996737	0.029	0.019	0.00783493222223557	c4	FAM43A
4.09727129734735e-07	0.658599106921359	0.012	0.006	0.0081084998974504	c4	CES1
4.31905082276524e-07	0.199326856520619	0.255	0.23	0.00854740157825241	c4	GORASP2
4.38827216810123e-07	0.577367720957695	0.026	0.017	0.00868439062067233	c4	SFN
4.81750796870769e-07	0.142266499708421	0.365	0.34	0.00953384827007252	c4	G3BP1
4.8704725990432e-07	0.257554215727232	0.214	0.191	0.0096386652735065	c4	NUDT4
4.88564478487718e-07	1.0950524069406	0.031	0.021	0.00966869102927195	c4	S100A8
4.95361885886699e-07	0.520622546095469	0.034	0.023	0.00980321172169777	c4	TWSG1
5.30739709902279e-07	0.375175236144173	0.09	0.073	0.0105033388589661	c4	TENT4B
5.35907693739858e-07	0.268564060419051	0.18	0.157	0.0106056132591118	c4	MPHOSPH10
5.44501588424915e-07	0.279350462600269	0.159	0.137	0.0107756864349291	c4	GNL3
5.53892953044763e-07	0.590508794588766	0.042	0.03	0.0109615415407559	c4	QPCT
5.58178968200659e-07	0.180742554399714	0.184	0.16	0.011046361780691	c4	TM9SF3
5.66280302200545e-07	0.221886800535083	0.106	0.086	0.0112066871805488	c4	LPCAT1
5.74606218876705e-07	0.202076118032705	0.129	0.108	0.01137145707157	c4	CPD
5.93632165527255e-07	0.859458145702	0.015	0.009	0.0117479805557844	c4	YPEL4
6.17575514314624e-07	0.150407975401086	0.31	0.284	0.0122218194282864	c4	PITHD1
6.18092665739867e-07	0.576232721153507	0.037	0.026	0.012232053854992	c4	SLCO3A1
6.18575749916303e-07	0.141245497847148	0.378	0.35	0.0122416140908436	c4	UQCRQ
6.4347291615913e-07	0.610406550777519	0.029	0.02	0.0127343290107892	c4	RXRA
6.44748271533296e-07	0.633803305418074	0.034	0.023	0.0127595682936439	c4	VCL
6.76302908374082e-07	0.387079621775786	0.053	0.039	0.0133840345567231	c4	GKAP1
6.81205874252138e-07	0.563101826033419	0.047	0.034	0.0134810642514498	c4	TAF13
6.98136372127134e-07	0.439045539158278	0.016	0.009	0.013816118804396	c4	SLC4A4
7.08576480271286e-07	0.136086269206134	0.399	0.372	0.0140227285445688	c4	ARHGAP9
7.19895006333936e-07	0.438907031957486	0.084	0.067	0.0142467221753486	c4	CLP1
7.34385852967209e-07	0.288363857793733	0.108	0.088	0.0145334960302211	c4	HECA
7.44864598973904e-07	0.705420826832765	0.025	0.016	0.0147408704136936	c4	GRASP
7.4698537933229e-07	0.253748429256314	0.221	0.199	0.014782840656986	c4	PLEKHB2
7.49320710370523e-07	0.937636696998094	0.012	0.006	0.0148290568582326	c4	CXADR
7.93494600138841e-07	0.205549540311035	0.067	0.052	0.0157032581367477	c4	SPON2
8.14002057773308e-07	0.15016389916961	0.179	0.154	0.0161091007233338	c4	ZBTB7A
8.38256816028102e-07	0.1974306910115	0.272	0.25	0.0165891023891961	c4	FBXO7
8.41910401041654e-07	0.319500066685153	0.134	0.114	0.0166614068366143	c4	ARL2
8.79184909915108e-07	0.362305826586676	0.054	0.041	0.01739906936722	c4	SOS2
9.11711239608615e-07	0.391749045724747	0.049	0.036	0.0180427654318545	c4	HAGHL
9.44979455218248e-07	0.316394039315457	0.059	0.044	0.0187011434187691	c4	YES1
9.52144124777149e-07	0.142489544823555	0.178	0.154	0.0188429322293398	c4	GGA2
9.72855433072554e-07	0.291720792668488	0.179	0.158	0.0192528090205058	c4	GNL1
1.0237797844181e-06	0.33796481663744	0.097	0.079	0.0202606019336342	c4	PDK3
1.09398314481574e-06	0.378464017091232	0.083	0.067	0.0216499264359036	c4	BCOR
1.12758257872808e-06	0.136548746955525	0.312	0.285	0.0223148592330288	c4	CMC2
1.12919814256449e-06	0.410049807242973	0.062	0.048	0.0223468312413513	c4	NME4
1.17134409201031e-06	0.222777921868795	0.096	0.078	0.023180899580884	c4	GALNT11
1.2282366832265e-06	0.27508491332012	0.167	0.146	0.0243068039610525	c4	TFIP11
1.23921588909031e-06	0.161345090545676	0.054	0.04	0.0245240824450973	c4	MCTP2
1.27640799337778e-06	0.262773056397585	0.215	0.195	0.0252601141889462	c4	RAB22A
1.27816193799029e-06	0.30252145504436	0.17	0.15	0.0252948247528278	c4	NAA20
1.28908963568657e-06	0.183782350573739	0.275	0.251	0.0255110838902371	c4	CAMLG
1.30595948834308e-06	0.252787750931107	0.171	0.15	0.0258449382743095	c4	PDXK
1.42797125647857e-06	0.569399969775937	0.033	0.023	0.028259551165711	c4	CCDC184
1.45222695525866e-06	0.317775606886929	0.102	0.084	0.0287395714445689	c4	ZBTB43
1.59043982794827e-06	0.1988668149811	0.124	0.104	0.0314748041950962	c4	ACSL3
1.62037311975698e-06	0.341554440789275	0.129	0.11	0.0320671840399906	c4	CYB5A
1.64162615990938e-06	0.131529376271549	0.331	0.307	0.0324877817046067	c4	TMEM14B
1.72533320213003e-06	0.146228271780939	0.289	0.262	0.0341443440701534	c4	RNF166
1.73563943377456e-06	0.742234431366998	0.016	0.01	0.0343483043943985	c4	HOMER1
1.75638662130299e-06	0.193514314055234	0.145	0.124	0.0347588912355862	c4	C16orf72
1.76366497762897e-06	0.404606904648641	0.059	0.046	0.0349029299072773	c4	GALC
1.92103354615261e-06	0.241964443656447	0.186	0.165	0.0380172538783601	c4	EFR3A
1.99885932010388e-06	0.200361586288175	0.251	0.23	0.0395574259448557	c4	WBP11
2.01431908431473e-06	0.255784108709715	0.182	0.161	0.0398633746785885	c4	NIPA2
2.04603392999225e-06	0.251574655402304	0.192	0.171	0.0404910114745466	c4	CFAP298
2.11246207777906e-06	0.172288872959713	0.296	0.273	0.0418056245192476	c4	METTL9
2.15105376912671e-06	0.856172708410522	0.013	0.007	0.0425693540910176	c4	CLDN7
2.17717214286581e-06	1.00773352508582	0.01	0.005	0.0430862367073143	c4	PPM1L
2.32325012562288e-06	0.168857819996862	0.227	0.203	0.0459771199860767	c4	SRP54
2.43302833789388e-06	0.200690612783834	0.221	0.199	0.0481496308069198	c4	UBN1
2.51522126350991e-06	0.131208193390816	0.298	0.274	0.0497762288048611	c4	TMF1
