p_val	avg_log2FC	pct.1	pct.2	p_val_adj	cluster	gene
0	2.04210587986102	0.59	0.134	0	c14	FOXP3
0	1.31941363885396	0.849	0.523	0	c14	LTB
0	1.52921344593451	0.558	0.25	0	c14	SELL
0	1.24433014759881	0.674	0.367	0	c14	TIGIT
0	1.39339932373917	0.641	0.341	0	c14	CARD16
0	1.16956122882852	0.512	0.224	0	c14	TNFRSF4
0	1.21486249262861	0.591	0.337	0	c14	FCMR
0	1.61425401196562	0.335	0.13	0	c14	TBC1D4
0	0.830823053477809	0.932	0.755	0	c14	S100A4
0	2.25008188715192	0.226	0.061	0	c14	RTKN2
0	0.751150768828048	0.911	0.792	0	c14	YWHAB
0	0.586662484165355	0.961	0.907	0	c14	ARHGDIB
0	1.05400167726113	0.992	0.94	0	c14	IL32
3.45769573438182e-300	1.03236559193869	0.613	0.357	6.84277985834162e-296	c14	BATF
1.91072750366593e-295	0.639824064521206	0.918	0.796	3.78132972975487e-291	c14	FXYD5
8.08315174787369e-294	1.639919784537	0.272	0.101	1.5996557309042e-289	c14	IKZF2
1.17215222641525e-278	1.35837247045619	0.272	0.101	2.31968925607577e-274	c14	IL2RA
7.02606500378785e-269	1.32877335561148	0.477	0.268	1.39045826424962e-264	c14	SAMHD1
1.69315329964644e-260	1.19098691762869	0.549	0.334	3.3507503800003e-256	c14	CORO1B
8.35059826202469e-250	0.373121519615264	0.997	0.979	1.65258339605469e-245	c14	RPL8
1.8079222618553e-236	0.276653672414161	1	0.999	3.57787815621164e-232	c14	B2M
2.86107688669134e-236	0.849151811371305	0.496	0.271	5.66207115876215e-232	c14	CTLA4
1.41011163472811e-229	1.42633854355663	0.333	0.159	2.79061092512693e-225	c14	STAM
4.97277061561511e-228	2.16966055277164	0.204	0.074	9.8411130483023e-224	c14	HPGD
9.05333670229526e-219	0.301265797521459	0.998	0.985	1.79165533338423e-214	c14	RPL11
2.50740422310901e-217	0.916231934238461	0.419	0.215	4.96215295753274e-213	c14	TNFRSF18
1.9479839424789e-216	0.495797912229774	0.988	0.963	3.85506022216575e-212	c14	TMSB10
1.40397446019094e-190	0.350751862864001	0.982	0.952	2.77846545671786e-186	c14	RACK1
4.71226182670419e-190	0.844267915269446	0.584	0.399	9.32556615504759e-186	c14	PBXIP1
2.82031848859969e-178	0.333380825796787	1	0.995	5.58141028893879e-174	c14	ACTB
8.99566528559605e-176	0.370962603958882	0.961	0.902	1.78024216001946e-171	c14	RPL22
1.30468152420655e-175	1.20755948459191	0.395	0.23	2.58196473640475e-171	c14	GLRX
3.17526227631525e-174	0.856867110774466	0.608	0.435	6.28384404482789e-170	c14	UCP2
6.56421373846396e-171	0.66076045313622	0.631	0.432	1.29905789884202e-166	c14	ARID5B
9.48299846448473e-170	1.10567175655589	0.336	0.177	1.87668539612153e-165	c14	CCR6
6.90885703195496e-163	1.66809802517878	0.201	0.085	1.36726280662389e-158	c14	CCNG2
8.96797776147585e-159	0.257093211437311	0.998	0.986	1.77476279899607e-154	c14	RPL19
4.74737938953491e-158	1.43234018929034	0.205	0.087	9.39506381188958e-154	c14	LAIR2
2.86170044388237e-154	0.708489739463962	0.634	0.462	5.66330517844322e-150	c14	BIRC3
5.78978576182462e-154	1.17475775690054	0.365	0.214	1.14579860226509e-149	c14	ICAM2
2.74675449798375e-153	0.602413607424422	0.784	0.65	5.43582715150984e-149	c14	ARPC1B
4.67181793620037e-150	0.268719073365177	0.993	0.974	9.24552769574054e-146	c14	RPL29
1.57571709300276e-149	1.19829442116108	0.296	0.156	3.11834412705245e-145	c14	LEF1
3.08789027534057e-149	0.728812399855716	0.578	0.403	6.11093485489899e-145	c14	CD27
3.935220830812e-149	0.588078678135423	0.74	0.595	7.78780202417694e-145	c14	ISG20
1.7507668987705e-145	0.797411659306616	0.515	0.346	3.46476769266682e-141	c14	GBP5
1.18837411705036e-143	1.3576684895939	0.259	0.132	2.35179237764266e-139	c14	NCF4
3.36180290680993e-142	0.221279647234896	0.996	0.985	6.65300795257685e-138	c14	RPL32
3.84133462443174e-142	0.980163428531685	0.426	0.271	7.60200122175042e-138	c14	DNPH1
7.96682655716515e-140	0.242507995651682	0.999	0.987	1.57663497566298e-135	c14	RPS8
2.12886458442134e-137	1.03031804278544	0.392	0.245	4.21302301256982e-133	c14	UGP2
3.04552764371155e-137	0.679619443003002	0.632	0.484	6.02709920690516e-133	c14	RHOG
1.06516308127304e-136	0.244191076544453	0.996	0.985	2.10795773783934e-132	c14	RPL18A
6.70531219614629e-136	0.234341202722494	0.997	0.989	1.32698128361735e-131	c14	TPT1
1.75038262677446e-129	0.373525890330826	0.952	0.896	3.46400721838666e-125	c14	OAZ1
2.71492553611578e-128	0.530931077783213	0.74	0.624	5.37283763597313e-124	c14	LDHB
1.99001592835827e-125	1.05418490833827	0.316	0.184	3.93824152222101e-121	c14	THEM4
3.54636191590238e-125	0.346553709627959	0.996	0.974	7.0182502315708e-121	c14	FTH1
1.1355746679864e-121	1.1094233152206	0.22	0.108	2.24730226794508e-117	c14	CCR4
1.84726916031759e-121	0.285858858415903	0.973	0.942	3.65574566826851e-117	c14	NACA
4.20463859048221e-121	0.935390799951401	0.403	0.263	8.3209797705643e-117	c14	TNIK
1.1826938935707e-120	0.839994006476634	0.468	0.321	2.34055121537642e-116	c14	PIM2
3.39733071422208e-120	2.34445887524765	0.061	0.015	6.7233174834455e-116	c14	LRRC32
1.33811037246175e-113	1.36402115370278	0.146	0.061	2.6481204271018e-109	c14	CCR8
2.84849012933903e-113	1.12698441388112	0.206	0.1	5.63716196596194e-109	c14	LAYN
1.04588388987272e-112	0.681911174859626	0.602	0.488	2.06980421805812e-108	c14	AES
5.31250293524667e-112	0.544230892393425	0.729	0.606	1.05134433088532e-107	c14	SAT1
9.28291318206134e-111	0.754694755885016	0.605	0.478	1.83708851872994e-106	c14	RPS27L
1.70164929115766e-109	0.280259349874301	0.987	0.96	3.36756394720102e-105	c14	PFN1
9.99204384296819e-107	1.61862822645417	0.131	0.054	1.97742547652341e-102	c14	F5
1.97427178847198e-106	1.99789057074995	0.092	0.031	3.90708386938604e-102	c14	FANK1
3.8971146861553e-106	0.742835565911506	0.293	0.165	7.71238996390133e-102	c14	GK
4.79678402250141e-105	0.299556337469241	0.951	0.916	9.4928355805303e-101	c14	EEF1D
3.85686439083019e-103	0.392256411513598	0.913	0.85	7.63273462945295e-99	c14	MYL6
4.14234577862519e-103	0.235225256409362	0.993	0.977	8.19770229589924e-99	c14	RPL12
1.90543525376663e-102	0.453175707400272	0.728	0.592	3.77085636720416e-98	c14	SPOCK2
2.39892335739056e-101	0.661637255622961	0.56	0.434	4.74746932427591e-97	c14	SMAP2
2.87912251947963e-100	0.380789951054779	0.875	0.793	5.69778346605019e-96	c14	ATP5MC2
1.1106178168427e-99	0.205530269465321	0.992	0.975	2.1979126595317e-95	c14	RPS13
2.28444231816182e-97	0.186762835798966	0.995	0.984	4.52091134764225e-93	c14	RPS15
2.1041403954318e-95	1.2327465445893	0.225	0.124	4.16409384255953e-91	c14	MAL
8.23400248142835e-95	0.404403530772296	0.821	0.725	1.62950909107467e-90	c14	SUMO2
1.33167788626777e-94	0.835763930126793	0.405	0.282	2.63539053692392e-90	c14	CMTM7
1.94866748024639e-93	0.453400215681957	0.747	0.65	3.85641294340761e-89	c14	GABARAP
2.9297671899529e-93	0.497611741536202	0.743	0.643	5.79800926891679e-89	c14	UBE2B
7.933622042227e-93	0.53403321245636	0.662	0.552	1.57006380215672e-88	c14	GMFG
1.52215661361099e-92	1.30155050466158	0.185	0.095	3.01234793833615e-88	c14	METTL8
1.76891798329983e-92	0.548111198504114	0.626	0.504	3.50068868895037e-88	c14	PARK7
5.90986829833541e-92	0.841072642875324	0.349	0.229	1.16956293624058e-87	c14	FAS
4.5523220176125e-91	0.664400451328491	0.477	0.349	9.00904527285514e-87	c14	IL10RA
7.80276069270795e-88	0.403882061004008	0.785	0.711	1.5441663410869e-83	c14	EIF3K
1.10978968790141e-87	1.6827724013308	0.109	0.045	2.19627379235689e-83	c14	ICA1
1.71935814253946e-87	0.585098736565032	0.588	0.47	3.40260976408559e-83	c14	CDKN1B
1.52737941341124e-86	0.659216151836623	0.522	0.41	3.02268385914084e-82	c14	RAP1A
1.31613559718703e-85	1.40911556301003	0.123	0.054	2.60463234683314e-81	c14	PLCL1
1.98250218856907e-85	0.471560625307256	0.685	0.579	3.9233718311782e-81	c14	COX5B
2.47161457816007e-84	0.589287564652305	0.553	0.442	4.89132525017877e-80	c14	SKAP1
4.95248861226857e-84	0.684074782627576	0.42	0.299	9.80097496367949e-80	c14	CD28
6.09522956288764e-83	0.220654897140103	0.976	0.951	1.20624593049546e-78	c14	RPL5
2.06245206923662e-82	1.22308915527092	0.184	0.097	4.08159264501927e-78	c14	MAGEH1
2.4228589832672e-81	0.184284956628763	0.995	0.979	4.79483792788578e-77	c14	RPL18
2.89085189356517e-80	3.54019360675654	0.012	0.001	5.72099589736547e-76	c14	CEACAM4
6.37003409330035e-80	0.988828418771421	0.288	0.185	1.26062974706414e-75	c14	CCM2
6.35339580297234e-79	0.712183371524366	0.42	0.306	1.25733702940823e-74	c14	GBP2
8.91276974025561e-78	0.204850205331552	0.982	0.955	1.76383713159659e-73	c14	RPL24
1.19533897884441e-77	0.91900306173769	0.316	0.215	2.36557583913309e-73	c14	REXO2
1.16518524832761e-76	0.280285366113834	0.963	0.941	2.30590160644035e-72	c14	SARAF
2.13220716839037e-76	0.852296034136933	0.273	0.171	4.21963798624455e-72	c14	SESN3
5.07397116676042e-74	1.76499160280989	0.09	0.036	1.00413889390189e-69	c14	HACD1
6.88468000778685e-73	1.46772927123921	0.122	0.057	1.36247817354102e-68	c14	CUL9
8.37989841702249e-73	1.01086787266821	0.21	0.122	1.65838189672875e-68	c14	ZC3H12D
1.37642857876275e-72	0.499911816799819	0.624	0.522	2.72395215737147e-68	c14	SEPT6
8.91512250851951e-72	0.735841306916151	0.478	0.38	1.76430274443601e-67	c14	KLF2
1.72364902883563e-71	0.380526832493404	0.787	0.714	3.4111014280657e-67	c14	UQCRB
3.98597202201052e-71	0.553769599165789	0.552	0.447	7.88823863155882e-67	c14	CALM3
4.39479165548381e-71	0.186379640311623	0.99	0.971	8.69729268620246e-67	c14	RPL6
7.62522442298201e-71	0.704838245809112	0.4	0.296	1.50903191330814e-66	c14	P2RY10
9.61162317783057e-71	0.206289191863259	0.986	0.969	1.90214022689267e-66	c14	RPL37
1.53390291009976e-70	0.281127103912163	0.87	0.807	3.03559385908742e-66	c14	EEF1G
3.93673140717276e-70	0.310564431646579	0.897	0.856	7.79079145479489e-66	c14	EEF2
9.33989790069374e-70	0.262786927114465	0.882	0.82	1.84836579454729e-65	c14	RPL7
1.8569698915417e-69	0.815365369170342	0.289	0.19	3.67494341536103e-65	c14	CD4
1.24883772972692e-68	1.02535985385476	0.223	0.136	2.47144986712958e-64	c14	TIFA
2.55247039392745e-67	0.363186558134268	0.79	0.721	5.05133890958243e-63	c14	CIRBP
8.26507600483735e-67	0.564888686182638	0.549	0.446	1.63565854135731e-62	c14	NDUFV2
1.05740407928951e-66	0.337970340524943	0.849	0.769	2.09260267291394e-62	c14	SOD1
3.33735671935755e-66	0.140939196087288	1	0.997	6.6046289476086e-62	c14	EEF1A1
8.41737523054006e-66	1.6652939638986	0.102	0.046	1.66579855812388e-61	c14	IKZF4
9.57496152900367e-66	1.51599024168991	0.09	0.038	1.89488488658983e-61	c14	SETD7
1.11514604059874e-65	0.550909179881776	0.509	0.409	2.20687401434491e-61	c14	PRDX2
1.98422317965508e-65	0.805975832517406	0.292	0.197	3.9267776725374e-61	c14	DUSP16
4.89812297018316e-65	0.227249385812685	0.971	0.945	9.69338535799248e-61	c14	FTL
6.06180913185576e-65	0.184241883609418	0.983	0.965	1.19963202719425e-60	c14	RPL15
1.03431156621712e-64	0.566699525464767	0.504	0.407	2.04690258954369e-60	c14	SH3BGRL
1.03995253740732e-64	0.654390106410613	0.418	0.318	2.0580660715291e-60	c14	TTC39C
3.06931276803272e-63	0.437264469155095	0.655	0.557	6.07416996793676e-59	c14	COX8A
4.95189932707721e-63	0.397145272584555	0.755	0.695	9.79980876828581e-59	c14	LEPROTL1
5.93438643924246e-63	0.996351094171182	0.204	0.123	1.17441507632608e-58	c14	FBLN7
7.36862344723233e-63	0.298109193976396	0.879	0.834	1.45825058020728e-58	c14	H3F3A
1.0562650887905e-62	0.390078199385564	0.753	0.652	2.0903486107164e-58	c14	CD7
1.20708270150293e-62	0.427933326016136	0.796	0.711	2.3888166662743e-58	c14	CREM
6.14478109057716e-62	0.790998197971303	0.363	0.269	1.21605217782522e-57	c14	WDR74
9.85455469020539e-62	0.154093583454713	0.995	0.979	1.95021637319165e-57	c14	RPL34
1.99099573728792e-61	0.355909525081274	0.765	0.693	3.9401805640928e-57	c14	C12orf57
2.05662215247206e-61	0.562837917085062	0.499	0.406	4.07005523974221e-57	c14	YPEL3
2.57867406445701e-61	0.3306415497345	0.792	0.727	5.10319597356042e-57	c14	COMMD6
7.20802327471648e-61	1.31287547503568	0.114	0.056	1.42646780606639e-56	c14	LY96
1.66822030138811e-60	0.238715797631092	0.911	0.865	3.30140797644708e-56	c14	PFDN5
3.14345959296493e-60	0.185612840870239	0.997	0.995	6.22090653447759e-56	c14	HLA-A
4.13557606018305e-60	1.29317201629078	0.103	0.048	8.18430502310225e-56	c14	SLC12A6
7.64387958333351e-60	0.279137838860176	0.903	0.853	1.5127237695417e-55	c14	ATP5F1E
1.20031388897183e-59	1.18945820573712	0.141	0.076	2.37542118627525e-55	c14	BEX3
1.20284141399243e-59	0.606738548616376	0.364	0.265	2.38042315829102e-55	c14	TMEM173
2.51065215486e-59	0.168019340464522	0.996	0.979	4.96858061446794e-55	c14	RPS3A
3.93139137151005e-59	0.38487749843963	0.707	0.627	7.7802235242184e-55	c14	LCK
3.00278569905382e-58	0.488115447115287	0.473	0.371	5.94251289842751e-54	c14	RHBDD2
3.37658946378182e-57	0.868484191766079	0.249	0.164	6.68227054882421e-53	c14	HTATIP2
4.6452650510053e-56	0.744801631151782	0.335	0.246	9.19297953593948e-52	c14	EVI2A
7.05200635842578e-56	0.62800278254445	0.351	0.257	1.39559205833246e-51	c14	EPB41
2.11722956170468e-55	0.698944421649195	0.351	0.264	4.18999730261357e-51	c14	R3HDM4
2.34188882817888e-55	0.431084828652105	0.634	0.555	4.63459799096601e-51	c14	UBE2D2
5.84744836061297e-55	0.458268907105609	0.566	0.487	1.15721003056531e-50	c14	GYPC
6.78156223978986e-55	0.620995460053337	0.412	0.319	1.34207116725441e-50	c14	FLT3LG
8.79857545851889e-55	0.152892695828093	0.986	0.973	1.74123808324089e-50	c14	RPL14
2.50453782439877e-54	0.312137870763429	0.781	0.719	4.95648035448517e-50	c14	ARPC3
3.8535386176135e-54	0.282440018434357	0.849	0.793	7.62615292425712e-50	c14	CCNI
7.49961524128879e-54	0.390852131271317	0.661	0.591	1.48417385625105e-49	c14	HCLS1
9.64428222132985e-53	0.345512543835669	0.704	0.638	1.90860345160118e-48	c14	EIF3F
1.38427542646657e-52	0.236613290398629	0.92	0.88	2.73948106897734e-48	c14	BTF3
1.91913062388853e-52	0.372490672393678	0.65	0.573	3.7979595046754e-48	c14	GSTK1
4.31676763661744e-52	0.355770794542262	0.514	0.403	8.54288315286591e-48	c14	ICOS
5.00924351401325e-52	0.343408787639578	0.695	0.617	9.91329291423221e-48	c14	JAK1
2.34459958774727e-50	0.655304876639426	0.327	0.241	4.63996258415184e-46	c14	TLK1
4.93665352955992e-50	0.405468431216238	0.601	0.507	9.76963733499909e-46	c14	RHOH
1.02013611142595e-49	0.737824721993135	0.311	0.229	2.01884936451196e-45	c14	CASP1
8.01192350610242e-49	0.476483703255583	0.525	0.444	1.58555966185767e-44	c14	ATP5IF1
1.02764969953297e-48	0.572261706787077	0.425	0.342	2.03371875537575e-44	c14	NOP10
1.70272671706461e-48	1.24319223847244	0.114	0.06	3.36969617307086e-44	c14	ZC2HC1A
1.94900128356295e-48	1.23878299247636	0.137	0.078	3.85707354017107e-44	c14	AKIP1
2.11462765744453e-48	0.265336285815498	0.83	0.777	4.18484813408273e-44	c14	COX7C
4.77330434492781e-48	2.35108659579892	0.041	0.014	9.44636929861214e-44	c14	GNG8
4.98328546140514e-48	0.409074301339651	0.533	0.439	9.86192192812078e-44	c14	TNFRSF1B
8.40540643112443e-48	0.517652425521366	0.466	0.382	1.66342993271952e-43	c14	MAT2B
1.95006451077984e-47	0.437464271897942	0.543	0.466	3.8591776668333e-43	c14	ICAM3
2.74805033070874e-47	1.53095566732705	0.065	0.027	5.43839160447259e-43	c14	LGMN
3.04821117628713e-47	0.692037354183533	0.216	0.141	6.03240991787222e-43	c14	ID3
1.17170778923511e-46	0.398174462027077	0.615	0.546	2.31880971489628e-42	c14	EIF3H
1.9960704641306e-46	0.471640463227336	0.52	0.445	3.95022344851446e-42	c14	NSD3
5.95361017913419e-46	1.19744706140821	0.134	0.077	1.17821945445066e-41	c14	CD79B
1.16210746244065e-45	0.557824865440653	0.351	0.263	2.29981066817005e-41	c14	AQP3
1.42698612337496e-45	1.00470358340491	0.15	0.089	2.82400553815905e-41	c14	IL12RB2
1.89121802417507e-45	0.454688408792344	0.393	0.3	3.74272046984247e-41	c14	SNX9
7.05129129699983e-45	0.685572284297285	0.184	0.115	1.39545054767627e-40	c14	TNFRSF9
1.28892214372328e-44	1.91653081212472	0.038	0.013	2.55077692242838e-40	c14	MEOX1
1.86513948183261e-44	0.23891271531876	0.847	0.782	3.69111103454673e-40	c14	MIF
1.99004162520386e-44	0.359487347651664	0.649	0.58	3.93829237627843e-40	c14	ELOB
2.20799617859395e-44	0.308243653380128	0.724	0.65	4.36962443743742e-40	c14	ALDOA
7.66014888385541e-44	0.15775430426622	0.979	0.958	1.51594346411498e-39	c14	RPL36
8.40067639578448e-44	0.406516740507658	0.541	0.465	1.66249385872575e-39	c14	UQCR10
1.84389025962652e-43	0.417864416527927	0.586	0.519	3.64905882380089e-39	c14	ETS1
6.78715275800483e-43	0.937527221276258	0.196	0.131	1.34317753080916e-38	c14	SNRNP35
7.85321307462975e-43	0.569647463527742	0.449	0.374	1.55415086746923e-38	c14	SCAND1
1.05120723616459e-42	0.438314912613123	0.516	0.438	2.08033912036973e-38	c14	FKBP1A
1.62135383525616e-42	1.66453365876195	0.057	0.024	3.20865923997195e-38	c14	C15orf53
1.73003167039664e-42	0.252548991202045	0.859	0.816	3.42373267571494e-38	c14	RAC2
3.96416021096287e-42	0.212088256761477	0.93	0.895	7.84507305749552e-38	c14	SERF2
9.16253395762921e-42	0.338683880199546	0.641	0.573	1.81326547021482e-37	c14	COX6B1
1.01324482990371e-41	0.257563245844222	0.816	0.755	2.00521151837945e-37	c14	SRP14
1.199536953014e-41	0.360328025492844	0.646	0.575	2.37388363001471e-37	c14	ARL6IP5
2.2851538089614e-41	0.21450726003895	0.893	0.843	4.52231938793461e-37	c14	COX4I1
2.82076148463953e-41	0.405783024170885	0.538	0.468	5.58228697810163e-37	c14	EIF3L
4.33103462297341e-41	0.780349595137198	0.138	0.081	8.57111751886438e-37	c14	TTN
8.64809345117862e-41	0.701273729281163	0.249	0.176	1.71145769398825e-36	c14	ACP5
8.73150978550838e-41	0.516492255638974	0.431	0.357	1.72796578655211e-36	c14	USP15
3.52454226178683e-40	0.487048839958943	0.402	0.322	6.97506913607614e-36	c14	FAM129A
5.78568542014238e-40	0.333631994638602	0.679	0.616	1.14498714464618e-35	c14	ATP6V1G1
6.07704479696595e-40	0.442694433581997	0.477	0.403	1.20264716531956e-35	c14	CHURC1
9.67244452766382e-40	2.25217419329903	0.027	0.008	1.91417677202467e-35	c14	METTL27
1.34263968676456e-39	0.939047193735714	0.188	0.126	2.65708394010706e-35	c14	SHMT2
4.88322696539952e-39	0.62224130758423	0.302	0.229	9.66390616452565e-35	c14	NDUFC1
8.54317085809773e-39	2.10004285615727	0.028	0.009	1.69069351281754e-34	c14	BFSP2
1.22543000028775e-38	0.669860500355602	0.297	0.226	2.42512597056945e-34	c14	VAMP5
1.37417703393728e-38	0.616131420673472	0.308	0.236	2.71949635016187e-34	c14	SFT2D1
2.35556369418233e-38	0.532349711471544	0.397	0.324	4.66166055078682e-34	c14	TNFRSF14
2.52988934193393e-38	2.42813220944053	0.017	0.004	5.00665100768726e-34	c14	DNAH8
3.70405249487703e-38	0.360569537453486	0.595	0.537	7.33031988736164e-34	c14	PRR13
6.44420902060206e-38	0.410776533071215	0.493	0.417	1.27530896517715e-33	c14	PSMB3
1.13504478991852e-37	0.426053966864604	0.509	0.44	2.24625363924875e-33	c14	OCIAD2
1.56510374935161e-37	0.323164797824724	0.661	0.597	3.09734031996684e-33	c14	NDUFA4
1.60025305833995e-37	0.233981643008256	0.83	0.778	3.16690080245476e-33	c14	ATP5MG
2.51070720439924e-37	0.144874973162175	0.996	0.991	4.9686895575061e-33	c14	TMSB4X
3.07883207785952e-37	0.49226674438621	0.418	0.346	6.09300868208399e-33	c14	SELPLG
3.57552287582057e-37	0.937699504580669	0.138	0.085	7.07595977124892e-33	c14	MARCH3
6.54375385251366e-37	0.142181277530984	0.982	0.957	1.29500888741245e-32	c14	GAPDH
7.15292075786234e-37	0.298436767054014	0.713	0.666	1.41556301798096e-32	c14	DAZAP2
8.39563366793841e-36	0.275223452648152	0.787	0.726	1.66149590288501e-31	c14	TAGLN2
1.02344226745025e-35	0.130613113738299	0.978	0.961	2.02539224728405e-31	c14	RPL17
1.1186419729669e-35	0.925727496980209	0.102	0.057	2.21379246450149e-31	c14	FCRL3
1.40444637143044e-35	0.840817039273191	0.183	0.125	2.77939936906085e-31	c14	UXS1
1.47151668040575e-35	1.7052769476273	0.044	0.018	2.91213151052298e-31	c14	METTL7A
1.5341144170885e-35	0.497970442553646	0.359	0.286	3.03601243141813e-31	c14	CNIH1
1.65024409801182e-35	0.29504245990011	0.71	0.64	3.26583306996538e-31	c14	CYTIP
1.84259810892606e-35	1.05520041703024	0.114	0.067	3.64650165756466e-31	c14	RRS1
1.91799026030679e-35	0.803830092703574	0.18	0.121	3.79570272514713e-31	c14	CCDC66
2.11550163158141e-35	0.498188664878537	0.517	0.448	4.18657772889961e-31	c14	COX5A
2.67851643903612e-35	0.498089998764195	0.445	0.374	5.30078403285247e-31	c14	BCL3
3.85146963229664e-35	0.380972999174076	0.527	0.46	7.62205840231504e-31	c14	BRK1
4.48198403545276e-35	0.542562275704924	0.359	0.289	8.869846406161e-31	c14	NAMPT
4.89732096704958e-35	0.996697378146039	0.12	0.071	9.69179819379112e-31	c14	IL6R
6.49666458292106e-35	0.626459357098884	0.277	0.21	1.28568992096008e-30	c14	ADK
8.52092045935569e-35	1.97482385474161	0.031	0.011	1.68629015890649e-30	c14	TSHR
9.52009003781025e-35	0.902640120485877	0.168	0.112	1.88402581848265e-30	c14	MAP3K1
1.06218774662945e-34	0.120347833972187	0.984	0.975	2.10206955057968e-30	c14	RPS6
1.42370332213944e-34	1.06443267323061	0.106	0.061	2.81750887451395e-30	c14	VAV3
1.56262853058092e-34	0.180764830208471	0.868	0.824	3.09244186201965e-30	c14	RPS11
2.61163612811544e-34	0.141211600619867	0.957	0.933	5.16842789754045e-30	c14	UBA52
2.62192464458593e-34	0.4157171286692	0.48	0.415	5.18878887163555e-30	c14	PAK2
7.25969418523234e-34	0.894904110609971	0.164	0.11	1.43669347925748e-29	c14	TMEM154
1.13471084428547e-33	0.308320537488452	0.622	0.57	2.24559276084094e-29	c14	EIF3G
2.95056050373543e-33	0.688119544955927	0.241	0.176	5.83915923689241e-29	c14	KLF3
3.27001900172532e-33	0.73501054221034	0.213	0.153	6.47136760441442e-29	c14	PLSCR3
5.91078494914084e-33	0.393217606252022	0.528	0.464	1.16974434143497e-28	c14	C9orf16
8.64903459643398e-33	0.420973243661888	0.503	0.446	1.71164394663428e-28	c14	CUTA
1.20218772888383e-32	0.912669167768096	0.144	0.093	2.3791295154611e-28	c14	TIAM1
1.44366325602428e-32	0.201858944369351	0.938	0.921	2.85700958367205e-28	c14	ACTG1
2.35974638908522e-32	1.20590888606503	0.085	0.047	4.66993810399965e-28	c14	SGPP2
2.45665187034094e-32	0.24218699076378	0.94	0.885	4.86171405140471e-28	c14	RPS26
3.02429874629705e-32	0.33624703556281	0.592	0.539	5.98508721892186e-28	c14	UBXN1
3.26522829627399e-32	0.760413535276843	0.226	0.167	6.46188679832623e-28	c14	ADI1
3.59090808302875e-32	0.394963292351446	0.463	0.396	7.10640709631389e-28	c14	CSK
3.7603436867075e-32	1.47189818261645	0.055	0.026	7.44172015599414e-28	c14	IL1R1
7.15255337689984e-32	0.405843524886119	0.53	0.475	1.41549031328848e-27	c14	SMCHD1
7.71772650343415e-32	0.114616723679761	0.993	0.98	1.52733807502962e-27	c14	RPS28
8.99223029029608e-32	0.407406116266218	0.475	0.411	1.77956237444959e-27	c14	VAMP8
1.3665341815107e-31	0.200461425679838	0.786	0.729	2.70437114520968e-27	c14	LSP1
1.97924462477975e-31	0.28980023477415	0.598	0.534	3.91692511243913e-27	c14	EIF3E
2.72545255272249e-31	1.04611035186248	0.118	0.073	5.39367060183782e-27	c14	HAPLN3
3.50760686373402e-31	0.134473929252931	0.962	0.936	6.94155398332962e-27	c14	RPL9
3.83044219180128e-31	0.255988562432705	0.74	0.691	7.58044509757474e-27	c14	COX6A1
5.56661152469653e-31	0.386404161634767	0.51	0.455	1.10163242073744e-26	c14	PAIP2
1.06671634325235e-30	0.478556661922603	0.384	0.322	2.1110316432964e-26	c14	CCNDBP1
1.10020460040245e-30	0.585620575284584	0.335	0.27	2.17730490419645e-26	c14	SOD2
1.63860065390882e-30	0.284900741401403	0.64	0.588	3.24279069408556e-26	c14	ATP6V0E1
2.93792710368744e-30	0.29044912184821	0.637	0.581	5.81415773819744e-26	c14	UQCR11
5.51575396670276e-30	1.66254131138575	0.036	0.015	1.09156771001048e-25	c14	CARD17
8.6954775572185e-30	0.405720175466347	0.493	0.437	1.72083500857354e-25	c14	ISCU
9.29967107852049e-30	0.931470892297387	0.136	0.089	1.84040490643921e-25	c14	ETV7
1.32464824833802e-29	0.315657212692569	0.668	0.625	2.62147888346094e-25	c14	LIMD2
1.98224275353234e-29	0.522181859431423	0.311	0.248	3.92285840924051e-25	c14	TBCC
2.2691819443184e-29	1.09038216032464	0.11	0.068	4.49071106780611e-25	c14	PKIA
2.62306891362092e-29	0.250634608579144	0.72	0.672	5.19105338005579e-25	c14	EDF1
4.3331047876318e-29	0.510981232396193	0.362	0.301	8.57521437472333e-25	c14	LAPTM4A
5.49769258962981e-29	0.169463154406735	0.892	0.865	1.08799336348774e-24	c14	RPL4
5.5807127626572e-29	0.567004350292604	0.264	0.203	1.10442305572986e-24	c14	DGKA
6.54101878866973e-29	0.255457810020102	0.742	0.704	1.29446761827774e-24	c14	SLC25A6
8.65227969777169e-29	0.565642066302369	0.322	0.263	1.71228615218902e-24	c14	S1PR4
1.70691491619539e-28	0.672122801097143	0.215	0.159	3.37798461915067e-24	c14	TPP1
2.25127594240113e-28	0.410465368023695	0.427	0.367	4.45527509001183e-24	c14	UFC1
2.6232302141104e-28	0.400544693153074	0.47	0.411	5.19137259372448e-24	c14	CAST
3.48082979810001e-28	0.494858732909139	0.351	0.286	6.88856217043991e-24	c14	EPSTI1
3.52196144775623e-28	1.36595018555987	0.026	0.009	6.96996170510958e-24	c14	PMCH
4.06783225152275e-28	0.306401670023527	0.567	0.509	8.05024002576352e-24	c14	PPP1CA
4.80311324608854e-28	0.345492741526523	0.539	0.489	9.50536111400922e-24	c14	CD247
8.73096549897494e-28	0.578060142495247	0.267	0.209	1.72785807224714e-23	c14	NDUFB5
1.01814663282186e-27	0.411245356511434	0.382	0.318	2.01491218635446e-23	c14	RCSD1
1.75444670200214e-27	0.275180437811241	0.637	0.592	3.47205002326224e-23	c14	STK4
2.08774401305195e-27	1.11459422766494	0.077	0.043	4.13164540182981e-23	c14	CPNE2
2.28948112903881e-27	0.926856375995355	0.105	0.065	4.5308831543678e-23	c14	GPHN
4.72269538806795e-27	0.273687933450772	0.642	0.592	9.34621417298647e-23	c14	COX7A2
4.84837641821999e-27	0.104904406619932	0.996	0.988	9.59493693165736e-23	c14	PTMA
5.91112581401967e-27	1.393807432733	0.047	0.022	1.16981179859449e-22	c14	SWAP70
7.06576965184318e-27	0.244465148757134	0.607	0.539	1.39831581409976e-22	c14	PKM
1.13897506058893e-26	0.934419970871755	0.119	0.077	2.25403164490549e-22	c14	HS3ST3B1
1.69925554871421e-26	1.20818212088897	0.052	0.026	3.36282673090543e-22	c14	DPEP2
3.60983007470537e-26	1.34825724008019	0.053	0.027	7.14385371784192e-22	c14	RENBP
3.63386063184117e-26	0.430003521295371	0.424	0.37	7.19141019041368e-22	c14	DYNLRB1
4.17160026596509e-26	0.5436524121263	0.269	0.21	8.2555969263449e-22	c14	RAB11FIP1
4.32556591190736e-26	1.90828162734751	0.023	0.008	8.56029493966466e-22	c14	FAM19A2
4.60872518726497e-26	0.336076507395204	0.511	0.456	9.12066714559737e-22	c14	ANXA11
5.761401324443e-26	0.501884168569283	0.331	0.275	1.14018132210727e-21	c14	GTF3C6
6.16415868049228e-26	0.829207986573232	0.127	0.083	1.21988700286942e-21	c14	NINJ2
6.31471283568287e-26	0.391855720776832	0.424	0.368	1.24968167018164e-21	c14	ATP5F1A
9.84426588424713e-26	0.345686748114039	0.525	0.471	1.94818021849251e-21	c14	PSMB1
1.5424922167893e-25	0.398613312196601	0.412	0.356	3.05259209702602e-21	c14	LAMTOR4
1.73779267120565e-25	0.37309383768201	0.46	0.406	3.43909169631599e-21	c14	TRAPPC1
2.28154094264035e-25	0.528106787619617	0.306	0.251	4.51516952548526e-21	c14	RCAN3
2.78782137922341e-25	0.637858969345107	0.225	0.171	5.51709850948313e-21	c14	PHTF2
3.1769537024037e-25	0.333936474419246	0.49	0.437	6.28719137705692e-21	c14	TECR
3.39138767051191e-25	1.24298753727447	0.057	0.03	6.71155619994306e-21	c14	FXYD1
3.83435803370304e-25	2.01607785745526	0.023	0.008	7.58819454869831e-21	c14	CSF2RB
4.00618263625025e-25	0.655759227905306	0.207	0.155	7.92823543713924e-21	c14	BACH1
5.0291946377566e-25	0.278982151192781	0.61	0.55	9.95277618812031e-21	c14	ENO1
6.53388318813146e-25	0.432135431532022	0.379	0.325	1.29305548293122e-20	c14	FIS1
8.48574926925315e-25	0.576625578634847	0.183	0.132	1.6793297803852e-20	c14	FAAH2
9.19210819712989e-25	2.10821643398289	0.014	0.004	1.819118212212e-20	c14	GJB6
9.19980057047692e-25	1.20166931904297	0.069	0.038	1.82064053289738e-20	c14	PPP1R3F
1.1147884577878e-24	0.452517510647716	0.412	0.354	2.20616635796206e-20	c14	SYNGR2
1.17400882573713e-24	1.14229428012068	0.069	0.039	2.32336346613377e-20	c14	IL1R2
2.10344786159791e-24	0.800736521460885	0.133	0.09	4.16272331810226e-20	c14	MAST4
2.34929129638349e-24	0.563160489460497	0.198	0.146	4.64924747554293e-20	c14	PELI1
2.99429448822722e-24	0.743725758600547	0.163	0.117	5.92570879220167e-20	c14	SNX20
4.7375452095364e-24	1.09499829153619	0.092	0.057	9.37560196967254e-20	c14	EPHX2
2.45020919868577e-23	0.362937559242364	0.45	0.401	4.84896400419914e-19	c14	SUMO1
2.85847183256982e-23	0.912703220131817	0.108	0.07	5.65691575665568e-19	c14	GRPEL2
3.40691600839418e-23	0.616377021627644	0.217	0.167	6.74228678061209e-19	c14	SLC44A2
4.88070072557285e-23	0.210445876392282	0.767	0.733	9.65890673590867e-19	c14	CNBP
4.91163555703648e-23	0.189612310883173	0.778	0.736	9.72012676737519e-19	c14	SKP1
5.08264383786974e-23	0.310279454515225	0.505	0.454	1.00585521551442e-18	c14	NDFIP1
5.16807207952036e-23	0.425565401347798	0.518	0.465	1.02276146453708e-18	c14	CTSC
6.61890324084628e-23	0.75844852251367	0.169	0.122	1.30988095136348e-18	c14	OAS1
8.16433824649608e-23	0.357274635456708	0.437	0.39	1.61572253898157e-18	c14	GABARAPL2
9.76058123673964e-23	0.538982478061686	0.284	0.233	1.93161902675077e-18	c14	CHMP2A
1.55354394306791e-22	0.227698043405728	0.473	0.418	3.0744634633314e-18	c14	SYNE2
1.86802805330228e-22	0.614435348792003	0.206	0.157	3.6968275174852e-18	c14	MAD1L1
2.3663777653192e-22	0.358702693103018	0.417	0.361	4.6830615975667e-18	c14	TRIM22
2.53822419332964e-22	0.391570754196522	0.412	0.357	5.02314567859935e-18	c14	PPM1G
2.67058820727437e-22	0.273718304411683	0.581	0.54	5.28509406219598e-18	c14	SNU13
2.70237698721233e-22	0.680230596247463	0.087	0.053	5.3480040576932e-18	c14	AC119396.1
4.71873255583416e-22	0.635646865588213	0.183	0.135	9.3383717279958e-18	c14	LSR
5.80148719560249e-22	0.309011215394543	0.481	0.428	1.14811431600973e-17	c14	RNASET2
5.94350877785609e-22	0.205296222071221	0.771	0.749	1.17622038713772e-17	c14	CD37
6.96286662038592e-22	0.494324237635956	0.376	0.328	1.37795130417437e-17	c14	CMTM6
8.43597242197637e-22	0.109070238992585	0.973	0.947	1.66947894230912e-17	c14	RPSA
9.61099962393691e-22	0.586353203135945	0.241	0.193	1.90201682557711e-17	c14	NECAP2
1.07803458999619e-21	0.438627729945678	0.4	0.351	2.13343045360246e-17	c14	NSMCE3
1.27315913999019e-21	0.327510445110763	0.486	0.439	2.51958193804059e-17	c14	ERH
1.41492201255406e-21	0.618989413806171	0.214	0.166	2.80013066284448e-17	c14	IGFLR1
1.60085535922406e-21	0.411097065762444	0.419	0.363	3.16809275590442e-17	c14	ISG15
1.66354972627663e-21	0.378152737258591	0.422	0.374	3.29216490830146e-17	c14	ZNF706
1.71540973484981e-21	0.506803292412872	0.306	0.257	3.39479586526777e-17	c14	C4orf48
2.35315455174378e-21	0.93291997150137	0.071	0.041	4.65689285790095e-17	c14	CCDC141
2.49488652302065e-21	1.61980333331045	0.026	0.011	4.93738042905786e-17	c14	SNED1
2.49957485597052e-21	0.149916327255928	0.883	0.853	4.94665863996566e-17	c14	CORO1A
3.11315498485656e-21	1.77019702411711	0.03	0.013	6.16093371503114e-17	c14	PTGIR
3.66581852236071e-21	0.168455215032563	0.837	0.79	7.25465485575184e-17	c14	S100A6
4.4573012371515e-21	0.64687257721531	0.161	0.117	8.82099914832282e-17	c14	TOX2
5.12250846701975e-21	0.16492452212109	0.825	0.791	1.01374442562321e-16	c14	ARPC2
5.81581055824218e-21	0.603867351962154	0.206	0.159	1.15094890947613e-16	c14	CRTAP
5.85877495240254e-21	0.320079838313923	0.461	0.412	1.15945156308046e-16	c14	ATP5MF
6.17809631197402e-21	0.600341395862034	0.28	0.232	1.22264526013966e-16	c14	PHPT1
9.57955019128431e-21	0.755384554854138	0.181	0.137	1.89579298285516e-16	c14	MRPL1
1.009639709902e-20	0.217359299832173	0.713	0.665	1.99807698589605e-16	c14	SLC25A3
1.15583899699654e-20	0.283140652383895	0.531	0.48	2.28740537505615e-16	c14	PSMB8
1.25412422167892e-20	0.519979310031733	0.261	0.213	2.48191183470258e-16	c14	MRPS18C
1.27724102434642e-20	0.268169209130587	0.56	0.516	2.52765998718157e-16	c14	ANAPC16
1.30837809066325e-20	1.395974140042	0.048	0.025	2.58928024142257e-16	c14	ADTRP
1.6417251710262e-20	0.323885364630982	0.453	0.407	3.24897411346086e-16	c14	PSMB6
2.51873032150631e-20	1.16036676503457	0.048	0.025	4.98456730626098e-16	c14	NR1D1
2.57934212790964e-20	0.861892759483165	0.122	0.085	5.10451807113318e-16	c14	NPDC1
3.00073099522721e-20	0.261051963146296	0.586	0.544	5.93844663955466e-16	c14	ATP5F1D
3.13265830938359e-20	0.280056796478084	0.532	0.485	6.19953079427013e-16	c14	NME2
3.63015189807372e-20	1.10595171163551	0.057	0.032	7.1840706062879e-16	c14	IFNGR2
4.89193538625242e-20	1.70201874485407	0.016	0.006	9.68114012939354e-16	c14	GCNT4
5.49937430160405e-20	0.330116908099996	0.405	0.352	1.08832617428744e-15	c14	PIK3IP1
5.65588586346619e-20	2.04912445062458	0.01	0.003	1.11929981237996e-15	c14	ROPN1L
6.15636218948234e-20	0.546720402648302	0.227	0.18	1.21834407729855e-15	c14	CNST
7.29319616316853e-20	0.444409404581237	0.306	0.258	1.44332352069105e-15	c14	VOPP1
7.43463609817743e-20	0.622457679327099	0.206	0.161	1.47131448382931e-15	c14	SLAMF1
8.54260756047842e-20	0.764556716290706	0.135	0.097	1.69058203621868e-15	c14	ACOT9
8.74188621437334e-20	0.474103013515549	0.313	0.265	1.73001928182448e-15	c14	RILPL2
1.01598975159472e-19	1.5834781995941	0.027	0.011	2.01064371840595e-15	c14	DLGAP1
1.03813171605984e-19	0.743104205660363	0.136	0.097	2.05446266608242e-15	c14	ACTA2
1.21034665737898e-19	0.331780735934026	0.425	0.375	2.39527603495299e-15	c14	PSAP
1.33211916823068e-19	0.186990977345217	0.755	0.705	2.63626383392851e-15	c14	CLIC1
2.20367867917515e-19	0.753995565291479	0.119	0.082	4.36108010608763e-15	c14	ENTPD1
3.06134089976192e-19	0.377144721256131	0.339	0.288	6.05839364062883e-15	c14	CTSA
3.11924087210682e-19	0.524357016422396	0.258	0.21	6.1729776858994e-15	c14	SIRPG
4.53708276228901e-19	0.272560728313096	0.472	0.419	8.97888678656994e-15	c14	EID1
4.94673937470538e-19	0.304919484993182	0.478	0.435	9.78959722254195e-15	c14	RTRAF
5.29718750711e-19	0.282348470107252	0.488	0.442	1.04831340765707e-14	c14	SELENOW
5.51118892069516e-19	0.977504745837306	0.093	0.061	1.09066428740557e-14	c14	NETO2
6.06754251076811e-19	0.158504154831911	0.768	0.72	1.20076666288101e-14	c14	S100A10
6.60435395393643e-19	0.664422152527672	0.181	0.139	1.30700164748402e-14	c14	CD320
8.57161284432346e-19	0.78287350176658	0.099	0.065	1.69632218189161e-14	c14	UTS2
9.60781266144374e-19	0.104821815842341	0.946	0.923	1.90138612569972e-14	c14	CFL1
1.18036433701752e-18	1.21076291290587	0.044	0.023	2.33594102295767e-14	c14	ANKS1B
1.45833283182979e-18	0.774035993558637	0.133	0.096	2.88604067419115e-14	c14	POU2F2
1.62316990498452e-18	0.378816937952241	0.361	0.317	3.21225324196437e-14	c14	PSMC5
1.68779138704224e-18	1.2505977956613	0.044	0.023	3.34013915495659e-14	c14	GPR15
1.91152226151676e-18	0.375431758222641	0.344	0.297	3.78290255554167e-14	c14	TSTD1
2.16539748688928e-18	0.812711059920016	0.093	0.061	4.28532162655389e-14	c14	DCP1B
2.21460855622635e-18	0.306410486163942	0.452	0.405	4.38271033277194e-14	c14	WDR1
2.32483055118655e-18	0.107661061242056	0.878	0.857	4.60083966079817e-14	c14	PABPC1
3.25620031748008e-18	0.275472754014768	0.574	0.541	6.44402042829307e-14	c14	HIGD2A
3.57466406587318e-18	0.239151500314885	0.58	0.537	7.07426018636302e-14	c14	UQCRH
3.78029263632614e-18	0.174063472353609	0.828	0.788	7.48119912728944e-14	c14	HINT1
3.92573661509681e-18	0.489083548694549	0.223	0.177	7.76903276127658e-14	c14	SRSF8
4.85631396924794e-18	0.327426782738636	0.441	0.397	9.61064534514167e-14	c14	CSNK2B
5.25655834018317e-18	0.445578468658731	0.278	0.232	1.04027289552225e-13	c14	LRP10
6.33470264519614e-18	0.535006389382399	0.231	0.188	1.25363765348432e-13	c14	NDUFB1
6.57647947266801e-18	0.161797855139135	0.827	0.788	1.301485287641e-13	c14	CHCHD2
7.15401305070314e-18	0.704029603495771	0.169	0.13	1.41577918273415e-13	c14	PHACTR2
8.02311658007488e-18	0.294245468406449	0.46	0.417	1.58777477119682e-13	c14	NDUFB9
9.15379862395764e-18	0.691845552653063	0.116	0.081	1.81153674768122e-13	c14	RIC3
1.1415888685701e-17	1.673159737437	0.016	0.006	2.25920437090023e-13	c14	PI16
1.14938770706024e-17	0.403143779117626	0.333	0.29	2.27463827227221e-13	c14	TMEM219
1.61060735209724e-17	0.770706563470337	0.111	0.077	3.18739194980045e-13	c14	TULP4
1.79155193751374e-17	0.374575443831269	0.355	0.312	3.54548128433968e-13	c14	SDF4
2.07540455501404e-17	0.289002640888189	0.326	0.272	4.10722561437278e-13	c14	PMAIP1
2.25827618035949e-17	1.94825341724183	0.011	0.003	4.46912856093143e-13	c14	CCR10
2.30966464426814e-17	0.407496397005702	0.321	0.277	4.57082633100665e-13	c14	ANXA7
2.3165000030786e-17	0.416166054864172	0.308	0.264	4.58435350609254e-13	c14	ZNHIT1
2.66346901453011e-17	0.182460751937723	0.722	0.687	5.27100517975509e-13	c14	OST4
3.42237924257807e-17	0.249121811357745	0.576	0.543	6.772888521062e-13	c14	MORF4L1
3.4466789097589e-17	0.309804129416993	0.421	0.38	6.82097756241287e-13	c14	SSU72
4.14968302616914e-17	0.249315668034664	0.605	0.569	8.21222270878874e-13	c14	COX6C
4.88208182387372e-17	0.376116964490695	0.354	0.307	9.66163992944609e-13	c14	RBM38
5.18713036289631e-17	0.618010768720608	0.151	0.113	1.02653309881718e-12	c14	CRTC3
6.61281440539082e-17	0.855735832060927	0.069	0.043	1.30867597082684e-12	c14	OLFM2
8.66034147462642e-17	0.722061801465553	0.11	0.077	1.71388157782857e-12	c14	SH3YL1
9.13343244511168e-17	1.59545403493031	0.03	0.014	1.8075062808876e-12	c14	TNFRSF13B
1.09585122120785e-16	0.459866922122704	0.272	0.23	2.16868956677033e-12	c14	MRPS24
1.15566836732951e-16	2.06020512231181	0.01	0.003	2.28706769894511e-12	c14	PNMA5
1.21455309228934e-16	0.754286963343349	0.099	0.068	2.40360056964061e-12	c14	DBNDD2
1.22057205462289e-16	0.375841014138345	0.34	0.297	2.4155120960987e-12	c14	DYNLT1
1.29070052595992e-16	0.177242648909969	0.751	0.715	2.55429634087469e-12	c14	SUB1
1.30711302785072e-16	0.457324573297826	0.201	0.158	2.58677668211657e-12	c14	GOLGA8B
1.31163716492492e-16	0.262110388514454	0.564	0.533	2.59572994938642e-12	c14	SPCS1
1.395885407002e-16	1.20707648751319	0.037	0.019	2.76245722045696e-12	c14	ADAM12
2.14566737103343e-16	0.277506728654706	0.368	0.324	4.24627572727515e-12	c14	ITGB1
2.57534663470668e-16	0.244419765077049	0.539	0.5	5.09661099008451e-12	c14	ANP32B
3.04309826110884e-16	0.695104404611125	0.134	0.099	6.02229145873439e-12	c14	BCL2L11
3.80088447908093e-16	0.200409497272431	0.571	0.531	7.52195038410116e-12	c14	CD53
4.10352155489858e-16	0.252372797218458	0.569	0.539	8.1208691571443e-12	c14	RNASEK
4.28502358206299e-16	0.406682321146375	0.333	0.292	8.48006166890265e-12	c14	CMTM3
4.80838614545873e-16	0.353848849747359	0.372	0.33	9.51579618186283e-12	c14	ECH1
5.70028356736233e-16	0.376771085809103	0.346	0.304	1.128086117981e-11	c14	CYLD
5.78715093098395e-16	0.316102758210277	0.437	0.396	1.14527716924172e-11	c14	IL2RG
5.8486420149821e-16	0.173648836446574	0.698	0.672	1.15744625476496e-11	c14	NOP53
5.97540225472604e-16	0.623628743742192	0.197	0.159	1.18253210621028e-11	c14	ATOX1
6.00957400262155e-16	0.445518793823556	0.24	0.197	1.18929469511881e-11	c14	TNFRSF25
7.14961241637025e-16	0.300976426771499	0.437	0.392	1.41490829719967e-11	c14	TPM4
1.00357317786062e-15	0.303743483823086	0.369	0.325	1.98607131898617e-11	c14	TMEM123
1.04761378493107e-15	0.27675797873272	0.452	0.41	2.07322768037858e-11	c14	PSMD8
1.16442374203588e-15	0.157570885090021	0.62	0.567	2.30439458548901e-11	c14	PRDX1
1.29086399687344e-15	0.322311164945204	0.379	0.337	2.55461984981254e-11	c14	ITK
1.44822920682521e-15	0.607010781713242	0.184	0.147	2.86604560030709e-11	c14	UBL7
1.55532624197403e-15	0.253932829912618	0.612	0.586	3.0779906328666e-11	c14	EMP3
1.73912457821236e-15	1.1704815821298	0.039	0.021	3.44172754028226e-11	c14	ACVR1
1.77405432777802e-15	0.53940760610487	0.209	0.168	3.5108535146727e-11	c14	GCHFR
1.85002969767765e-15	0.255444528260485	0.499	0.463	3.66120877170407e-11	c14	C19orf53
1.8947255949524e-15	0.380768030123152	0.433	0.401	3.7496619524108e-11	c14	BCAS2
2.12765823715633e-15	0.253662288648973	0.485	0.449	4.21063565133237e-11	c14	FKBP8
3.02900027694392e-15	0.422588432448433	0.294	0.256	5.99439154807201e-11	c14	PGLS
3.20660668703353e-15	0.614829902475052	0.137	0.102	6.34587463363935e-11	c14	ZNF101
3.84126007964977e-15	1.275361461211	0.038	0.021	7.6018536976269e-11	c14	MGST2
4.00880862346952e-15	0.321887136514216	0.422	0.387	7.93343226584617e-11	c14	NDUFB4
4.46303096213245e-15	0.890846155764939	0.078	0.052	8.83233827406012e-11	c14	GCA
6.27235874547201e-15	0.242513892357452	0.491	0.454	1.24129979572891e-10	c14	CSTB
9.41525576481398e-15	1.08614983110779	0.04	0.022	1.86327911585669e-10	c14	TNFAIP8L2
1.26976877666435e-14	0.311717356994456	0.381	0.343	2.51287240901874e-10	c14	OTUB1
1.30782634928379e-14	0.226829493372468	0.556	0.531	2.58818834523262e-10	c14	TMEM59
1.31776576132862e-14	0.402631653542254	0.311	0.274	2.60785844166934e-10	c14	LAMTOR1
1.62287856339411e-14	0.465734141722111	0.217	0.179	3.21167667695695e-10	c14	PIH1D1
1.94287580235244e-14	0.771605536228152	0.088	0.061	3.84495121285547e-10	c14	TCP11L2
1.94967747165724e-14	0.723790864090643	0.076	0.05	3.85841171640967e-10	c14	NCR3
2.07001864874294e-14	0.681070549191608	0.136	0.103	4.09656690586228e-10	c14	PAPSS1
2.11917105268138e-14	0.407147834529025	0.297	0.257	4.19383951325645e-10	c14	PET100
2.34153997352699e-14	1.16596310074636	0.034	0.018	4.63390760760992e-10	c14	PPP1R2C
2.35955788725972e-14	0.668009128097495	0.114	0.082	4.66956505888699e-10	c14	SH3TC1
2.83903069624931e-14	0.319782368988559	0.393	0.357	5.61844174787738e-10	c14	EIF3D
2.96009048952956e-14	0.647903652839193	0.122	0.09	5.85801907877899e-10	c14	MAP3K5
3.03541176927541e-14	1.28868141228854	0.021	0.01	6.00707989139603e-10	c14	SMPD3
3.67540256786876e-14	0.162464451141599	0.73	0.704	7.27362168181228e-10	c14	TRIR
4.02221169308964e-14	0.976400331398588	0.048	0.029	7.9599569406244e-10	c14	TRIM16
5.06795331661212e-14	0.633508328449	0.172	0.138	1.00294796135754e-09	c14	AP1S2
5.35278228032168e-14	0.253662092598104	0.523	0.494	1.05931561327566e-09	c14	LAT
5.56178126017537e-14	0.255733019637801	0.384	0.341	1.10067651138871e-09	c14	TRAF3IP3
5.61700357453139e-14	0.612167557153234	0.167	0.133	1.11160500739976e-09	c14	CD59
5.8271662872948e-14	0.573079899963811	0.155	0.121	1.15319620825564e-09	c14	SGMS1
6.72658833918961e-14	0.299303347819686	0.445	0.414	1.33119183232562e-09	c14	TBCA
7.20484043973068e-14	0.236852011222018	0.52	0.485	1.4258379230227e-09	c14	APBB1IP
7.66958176713193e-14	0.262095643319033	0.448	0.412	1.51781023171541e-09	c14	MZT2A
9.66708775378875e-14	0.458268306865101	0.171	0.134	1.91311666647479e-09	c14	IPCEF1
1.1037149537571e-13	0.311649709761182	0.385	0.35	2.1842518934853e-09	c14	SYF2
1.15900784792404e-13	1.2937295441979	0.034	0.018	2.29367653104168e-09	c14	IL7
1.28176997695922e-13	0.288502766769619	0.419	0.386	2.5366227844023e-09	c14	SF3B6
1.35165960565924e-13	0.546751257182923	0.178	0.143	2.67493435959963e-09	c14	TACC3
1.40526898875192e-13	0.397494265827107	0.315	0.279	2.78102732874004e-09	c14	TNIP1
1.42573300223748e-13	0.445204381833575	0.238	0.2	2.82152561142797e-09	c14	HEBP2
1.48395389348689e-13	0.409086599204994	0.288	0.251	2.93674475521055e-09	c14	OXA1L
1.54564462003471e-13	0.960105281602361	0.042	0.024	3.05883070304869e-09	c14	CD177
1.59977551127115e-13	0.335362124138876	0.294	0.255	3.1659557368056e-09	c14	PARP1
1.97819423722684e-13	0.792063226295054	0.082	0.056	3.91484639547191e-09	c14	RAB30
2.29094873823785e-13	0.303017294396383	0.384	0.348	4.5337875529727e-09	c14	MDH2
2.38073541185241e-13	0.3223428965877	0.384	0.35	4.71147538005591e-09	c14	MINOS1
2.54166516441646e-13	0.446771670620275	0.232	0.194	5.02995536038017e-09	c14	HLA-DMA
2.57340735211733e-13	0.253876351402965	0.551	0.518	5.09277314984019e-09	c14	GPX4
2.84316547111867e-13	0.125122705993664	0.799	0.775	5.62662446734385e-09	c14	CD3D
3.36958115796161e-13	0.308033488475348	0.235	0.193	6.66840111160602e-09	c14	PYHIN1
3.49755829951283e-13	0.404121805059485	0.269	0.232	6.92166787473589e-09	c14	NDUFA11
3.60997162916417e-13	0.178341783976226	0.647	0.617	7.1441338541159e-09	c14	UBL5
3.70420031100273e-13	0.42934948770408	0.162	0.126	7.3306124154744e-09	c14	RASGRP2
3.97521855333233e-13	0.386391976318279	0.235	0.196	7.86695751704467e-09	c14	CTSS
4.23811429338643e-13	0.320861536023629	0.34	0.304	8.38722818661175e-09	c14	AP2M1
4.34123551090896e-13	0.473605791809348	0.227	0.192	8.59130507608883e-09	c14	BECN1
5.11189878884878e-13	0.450535016007965	0.245	0.21	1.01164477031317e-08	c14	NUDT5
5.22158877948759e-13	0.341396246617744	0.363	0.33	1.03335241946059e-08	c14	MRPL54
5.31194692896752e-13	0.339636956815818	0.31	0.273	1.05123429724267e-08	c14	IMP3
5.49798955221559e-13	0.567593005992717	0.192	0.158	1.08805213238346e-08	c14	CCDC167
5.919429334549e-13	0.557978995645681	0.109	0.08	1.17145506530725e-08	c14	PXN
6.51096137772789e-13	1.45323107121963	0.018	0.008	1.28851925665235e-08	c14	ATP6V0A1
6.73136124376085e-13	1.24122726978124	0.027	0.014	1.33213639014027e-08	c14	HRH2
1.04403158607355e-12	0.64284651860931	0.145	0.114	2.06613850883955e-08	c14	TMEM140
1.19452157679745e-12	0.930567892743405	0.052	0.033	2.36395820048216e-08	c14	RGPD2
1.38633321166998e-12	0.759315485733139	0.077	0.053	2.74355342589489e-08	c14	DBP
1.43854909569358e-12	0.282497970196538	0.394	0.361	2.84688866037759e-08	c14	C1orf43
1.58907259754099e-12	0.542212846913791	0.196	0.162	3.14477467053362e-08	c14	GLCCI1
1.62019481921489e-12	0.415326997184325	0.246	0.211	3.20636554722626e-08	c14	MIEN1
1.76776536426456e-12	1.35588889407797	0.026	0.013	3.49840765587956e-08	c14	PDE9A
1.80681536967144e-12	0.42946977610385	0.314	0.274	3.57568761657979e-08	c14	IFI6
1.83701211267555e-12	0.841325168452008	0.073	0.05	3.63544697098491e-08	c14	NFE2L3
2.20885937107185e-12	0.518145236810903	0.189	0.156	4.3713326953512e-08	c14	PTRHD1
2.65339109901712e-12	0.58616175202773	0.13	0.1	5.25106098495488e-08	c14	U2AF1L4
2.7893803117137e-12	0.489131823218545	0.154	0.122	5.52018363688141e-08	c14	ANKH
2.91467774033453e-12	0.386016455705069	0.291	0.259	5.76814724812203e-08	c14	SNRPC
3.09419408410848e-12	0.232343289656214	0.531	0.497	6.12341009245068e-08	c14	RAC1
3.26537048610727e-12	0.33342036361235	0.337	0.304	6.46216819200629e-08	c14	MRPL57
3.28360494342402e-12	0.516880791164697	0.216	0.184	6.49825418303613e-08	c14	HPRT1
3.41415265094602e-12	0.393921132804552	0.443	0.419	6.75660809622218e-08	c14	BAX
3.61100618175342e-12	0.318141438801323	0.393	0.364	7.14618123369002e-08	c14	TBCB
4.21031004823618e-12	1.20052853798942	0.02	0.009	8.3322035854594e-08	c14	RAP1GAP2
4.38208691355378e-12	0.186724933202066	0.568	0.54	8.67215000192293e-08	c14	APRT
4.89843233237583e-12	0.571053760193219	0.166	0.134	9.69399758577176e-08	c14	MIIP
5.00232639349727e-12	1.09769087973004	0.041	0.024	9.89960393273109e-08	c14	APOLD1
5.18447532468962e-12	1.31991939158471	0.031	0.017	1.02600766675607e-07	c14	CEACAM1
5.58413703974457e-12	0.433194564014303	0.221	0.186	1.10510072016545e-07	c14	NPC2
5.60414104362764e-12	0.269821087581773	0.415	0.382	1.10905951253391e-07	c14	PSMA6
5.68346233485652e-12	0.373112631679589	0.29	0.257	1.12475719606811e-07	c14	CNOT7
6.5134745401449e-12	0.743343905571049	0.073	0.05	1.28901661149467e-07	c14	TCEAL4
6.62823445478429e-12	0.260752321052163	0.336	0.296	1.31172759860181e-07	c14	IL6ST
6.63783348546108e-12	0.283036662185018	0.389	0.354	1.31362724677275e-07	c14	PSIP1
6.72225876676317e-12	1.13322759406419	0.035	0.02	1.33033500994243e-07	c14	VWA5A
6.73036659689629e-12	0.489663864105692	0.204	0.17	1.33193954952578e-07	c14	BCL2
6.98381556777963e-12	0.445865075847189	0.231	0.197	1.38209710086359e-07	c14	SUSD3
7.56537452890519e-12	0.289554596878973	0.389	0.357	1.49718761927034e-07	c14	GTF3A
8.42110951324853e-12	0.320349121164653	0.351	0.318	1.66653757267188e-07	c14	NDUFA13
8.63864754894271e-12	0.259253682378202	0.263	0.221	1.70958834993576e-07	c14	HLA-DQB1
9.15150920199225e-12	0.382863551379933	0.278	0.242	1.81108367107427e-07	c14	SC5D
1.1593350098902e-11	1.06380861918471	0.029	0.016	2.2943239845727e-07	c14	CFP
1.2683993864887e-11	0.312709885704478	0.354	0.32	2.51016238586113e-07	c14	CLTB
1.36098980566422e-11	1.30086119376162	0.022	0.011	2.69339882540949e-07	c14	SLC16A10
1.36381716489115e-11	0.278518772094528	0.382	0.35	2.69899416931958e-07	c14	ATP6V1F
1.4433429887926e-11	1.09551740702202	0.016	0.007	2.85637577482056e-07	c14	C16orf74
1.54147346211594e-11	1.1383871689725	0.045	0.028	3.05057598152745e-07	c14	TBC1D8
1.54528059014945e-11	0.741205408164417	0.06	0.04	3.05811028790576e-07	c14	ACTN1
1.61090381307612e-11	0.972393371387064	0.045	0.028	3.18797864607764e-07	c14	CD79A
1.61342354562631e-11	0.589547475791117	0.113	0.085	3.19296519679446e-07	c14	IKBKE
1.6597556880629e-11	0.231256913408743	0.465	0.434	3.28465650667648e-07	c14	POMP
1.68077027768488e-11	0.499972642116234	0.162	0.132	3.32624437953838e-07	c14	MTMR6
1.90891720424887e-11	0.360606403094758	0.283	0.249	3.77774714720851e-07	c14	ABI1
2.22730577991144e-11	0.251508688038598	0.463	0.435	4.40783813844473e-07	c14	RGS10
2.32948547112407e-11	0.275526827609355	0.502	0.469	4.61005174735453e-07	c14	SH2D2A
2.47595016982484e-11	0.656488033209008	0.075	0.053	4.89990538608336e-07	c14	CORO2A
2.69230769522625e-11	0.305996876886937	0.329	0.296	5.32807692885275e-07	c14	GTF2A2
2.7147190923631e-11	0.877847764515414	0.07	0.048	5.37242908378658e-07	c14	SLC35E3
2.73062391160165e-11	0.406708023957425	0.274	0.243	5.40390472105966e-07	c14	ADD3
2.75528805053636e-11	0.490335872759083	0.211	0.179	5.45271505201146e-07	c14	SMS
2.87921792882281e-11	0.650109998013529	0.116	0.089	5.69797228114033e-07	c14	ZNF688
3.27113418085462e-11	0.670590707705666	0.11	0.084	6.4735745439113e-07	c14	HOXB2
3.5581250535944e-11	0.388523972592923	0.354	0.324	7.04152948106332e-07	c14	FOXP1
3.64095485255817e-11	0.484022579305101	0.202	0.17	7.20544965321263e-07	c14	SEC14L1
4.22209376603661e-11	0.756603543686273	0.082	0.058	8.35552356298645e-07	c14	MAPK13
4.28692821471853e-11	0.184835052415339	0.501	0.461	8.48383093692797e-07	c14	TXN
4.34625103316238e-11	0.193215176992594	0.603	0.582	8.60123079462835e-07	c14	ANKRD12
4.41725534001605e-11	0.348434211763393	0.289	0.257	8.74174831789177e-07	c14	IGBP1
5.60784959408504e-11	0.154282006785727	0.666	0.64	1.10979343466943e-06	c14	RPL23
7.65159684656601e-11	0.21997533272578	0.457	0.425	1.51425101593541e-06	c14	DBI
8.59804867032151e-11	0.536837960817822	0.155	0.125	1.70155383185663e-06	c14	HERC5
1.07482597748526e-10	0.33274866178081	0.298	0.267	2.12708060944332e-06	c14	POLR3GL
1.11904146102067e-10	0.499771849423247	0.142	0.113	2.2145830513599e-06	c14	MAN2B1
1.13675017033349e-10	0.457197666771992	0.208	0.176	2.24962858708999e-06	c14	TRAF1
1.15352498108695e-10	0.307440380769175	0.341	0.311	2.28282593757107e-06	c14	NDUFA12
1.18975773648646e-10	0.316164303558125	0.249	0.215	2.3545305605067e-06	c14	SYTL1
1.20552735356146e-10	0.601641874248122	0.124	0.097	2.38573863269812e-06	c14	SGTB
1.3584586916708e-10	0.80632273901735	0.064	0.044	2.68838975081651e-06	c14	CRIP2
1.40732295637336e-10	0.797593172168746	0.083	0.061	2.78509213066287e-06	c14	LAPTM4B
1.44502243427408e-10	0.164463838039442	0.654	0.642	2.8596993974284e-06	c14	SF1
1.5957670441517e-10	0.604618849133759	0.118	0.091	3.15802298037621e-06	c14	DGKE
1.76159192835928e-10	0.620401244767977	0.126	0.1	3.48619042622301e-06	c14	ECI1
1.85803721544097e-10	1.35125569315433	0.016	0.007	3.67705564935768e-06	c14	SLC35F3
2.57228714397196e-10	0.573508760925026	0.097	0.073	5.09055625792051e-06	c14	CASK
2.5743809987333e-10	0.280309697158204	0.279	0.242	5.09469999649321e-06	c14	MT1E
2.59113765358771e-10	0.165185666958765	0.716	0.7	5.12786141645007e-06	c14	CD2
2.71430416821085e-10	0.272726149221722	0.39	0.363	5.37160794888928e-06	c14	UBE2N
2.7442388934202e-10	0.570812309779267	0.106	0.08	5.43084877007857e-06	c14	TRIB2
2.74482737651107e-10	0.855336092946187	0.053	0.036	5.43201337811541e-06	c14	LFNG
2.78245064340978e-10	1.16856690780917	0.027	0.015	5.50646982330795e-06	c14	SLC9A7
3.54880474989633e-10	0.426630613107148	0.244	0.214	7.02308460004483e-06	c14	PCED1B
3.58046324125933e-10	0.756081209630086	0.072	0.051	7.08573675445222e-06	c14	PTP4A3
3.79444624183999e-10	0.36019420070957	0.313	0.286	7.50920911260134e-06	c14	SUPT4H1
4.34578836264343e-10	0.461298650935734	0.196	0.167	8.60031516967134e-06	c14	LYPLA1
4.75470882606472e-10	0.422196445728127	0.167	0.137	9.40956876678208e-06	c14	TOM1
5.16111208552507e-10	0.322973128773854	0.289	0.258	1.02138408172541e-05	c14	MRPS34
5.31977338832591e-10	0.547673752759799	0.147	0.12	1.0527831535497e-05	c14	CCDC28A
5.41952532694099e-10	0.619707798582976	0.084	0.061	1.07252406220162e-05	c14	FBH1
5.67815785264829e-10	0.231530697898418	0.445	0.419	1.1237074390391e-05	c14	ATP5PF
5.78212480206649e-10	0.17206731667018	0.592	0.569	1.14428249832896e-05	c14	RPS17
5.79873876513163e-10	0.347436872930546	0.173	0.142	1.14757040161955e-05	c14	RASA3
5.85765656547258e-10	0.198960372587607	0.5	0.474	1.15923023430702e-05	c14	WDR83OS
6.04937435875606e-10	0.230223598838823	0.458	0.433	1.19717118559782e-05	c14	SMDT1
6.13924870712189e-10	0.195676211747305	0.491	0.467	1.21495731913942e-05	c14	TOMM20
6.20019460309863e-10	0.323140986234969	0.333	0.306	1.22701851195322e-05	c14	NDUFS6
6.71473980317378e-10	0.267055534448225	0.386	0.358	1.32884700704809e-05	c14	SEC11A
6.9478856908567e-10	0.532690681795997	0.181	0.153	1.37498657822054e-05	c14	USF2
7.28830270662468e-10	0.717076067996321	0.029	0.017	1.44235510564102e-05	c14	SLC14A1
7.74765142531402e-10	0.578085094803845	0.148	0.121	1.53326021706964e-05	c14	GNG10
8.45306574475816e-10	0.361717304429984	0.258	0.228	1.67286171088764e-05	c14	MRPL43
8.50369197891493e-10	0.172512485526684	0.515	0.484	1.68288064262726e-05	c14	ATP5MC3
8.60678993828004e-10	0.357299724623856	0.272	0.243	1.70328372878562e-05	c14	EAPP
8.9061299678903e-10	0.216673798630375	0.274	0.238	1.76252312064549e-05	c14	MX1
9.20697794978247e-10	0.161876704088574	0.677	0.654	1.82206093626195e-05	c14	HNRNPK
9.7206882853316e-10	1.32452573990501	0.027	0.015	1.92372421166712e-05	c14	SUOX
9.81540825121533e-10	0.41011589351008	0.155	0.126	1.94246929291551e-05	c14	RNPEPL1
1.01881045744132e-09	0.860109480307522	0.079	0.058	2.01622589527638e-05	c14	MYL6B
1.05690697976994e-09	0.682370735017798	0.084	0.062	2.0916189129647e-05	c14	TMEM60
1.06975418297846e-09	0.403819671986916	0.191	0.161	2.11704352811437e-05	c14	CRLF3
1.38128943825212e-09	0.418982073418203	0.199	0.169	2.73357179830096e-05	c14	GBP4
1.39073493734385e-09	0.755790437099076	0.083	0.062	2.75226444100348e-05	c14	RAB33A
1.4063600129741e-09	0.281021718754677	0.282	0.251	2.78318646567575e-05	c14	ZNF292
1.48645447125294e-09	0.464254429927353	0.164	0.137	2.94169339860958e-05	c14	ZC3H7A
1.64732105449815e-09	0.389245579472713	0.243	0.214	3.26004836685184e-05	c14	EMC6
1.66921244030767e-09	0.23213243729749	0.414	0.384	3.30337141936888e-05	c14	ATP5PB
1.72476264983091e-09	0.411392279590128	0.239	0.211	3.41330528401536e-05	c14	PRDX3
1.80735553806952e-09	0.157780422911791	0.707	0.679	3.57675660983958e-05	c14	PCBP1
1.93360920579942e-09	0.266312245008489	0.44	0.418	3.82661261827705e-05	c14	SNX3
1.94860054839803e-09	0.345318292887367	0.261	0.234	3.8562804852797e-05	c14	NUTF2
2.24870966680287e-09	0.454323979181419	0.278	0.251	4.45019643060288e-05	c14	BTG3
2.30694104120916e-09	0.284294636330495	0.324	0.293	4.56543632055292e-05	c14	HNRNPLL
2.4053336812527e-09	0.78169242217774	0.108	0.084	4.76015535519909e-05	c14	LTA
2.59218413249288e-09	0.249233231954249	0.418	0.394	5.12993239820342e-05	c14	TCEA1
2.80745151409228e-09	0.393047874067089	0.237	0.21	5.55594654638862e-05	c14	PPP1R7
3.02542449049421e-09	0.364748416680382	0.277	0.25	5.98731506668805e-05	c14	TMBIM4
3.07643823836805e-09	0.182909747980035	0.574	0.548	6.08827127373038e-05	c14	SERBP1
3.09823684429608e-09	0.589104678750355	0.128	0.103	6.13141071486194e-05	c14	IRS2
3.15731878365737e-09	0.828639275453521	0.061	0.043	6.24833387285794e-05	c14	FAM184A
3.20812321297592e-09	0.974258632393382	0.051	0.035	6.34887583847934e-05	c14	SLCO4A1
3.26940263395781e-09	0.233063872925873	0.443	0.42	6.47014781260251e-05	c14	BUB3
3.39692166903276e-09	0.323701342294423	0.253	0.223	6.72250798301583e-05	c14	JAK3
3.47576929105028e-09	0.258304307147858	0.394	0.371	6.87854742698849e-05	c14	AURKAIP1
3.50082979345984e-09	0.27216238906429	0.364	0.339	6.92814216125703e-05	c14	ANAPC11
3.79402419077013e-09	0.244089052896094	0.357	0.328	7.50837387353408e-05	c14	NAP1L4
3.80025425425225e-09	1.10854478943958	0.014	0.007	7.52070316916519e-05	c14	C8orf44
3.90889303283631e-09	0.275581414728494	0.486	0.475	7.73569931198306e-05	c14	RPS4Y1
4.08687920577639e-09	0.322665630523078	0.258	0.228	8.08793394823148e-05	c14	GPCPD1
4.49879419848662e-09	0.28103115715506	0.299	0.27	8.90311371880502e-05	c14	EIF2S3
4.65521233343757e-09	0.34716529462841	0.25	0.221	9.21266520787295e-05	c14	GRK6
4.78518230827192e-09	0.406664178128048	0.185	0.157	9.46987578807013e-05	c14	MTERF4
4.8426257223582e-09	0.542732748213838	0.111	0.087	9.58355630454687e-05	c14	TRIM14
5.07757084415398e-09	0.85202274735575	0.078	0.058	0.000100485127005807	c14	CRADD
5.52527103009729e-09	0.341132398061321	0.215	0.186	0.000109345113685625	c14	TSPAN5
5.63578233522117e-09	0.38613028793486	0.25	0.224	0.000111532132414027	c14	FDFT1
6.34233123741221e-09	0.336083481149267	0.305	0.278	0.000125514735188388	c14	ISCA1
6.42670232190267e-09	0.457199968105553	0.156	0.13	0.000127184438950454	c14	OGDH
6.78931303481985e-09	0.249886112062035	0.239	0.209	0.000134360504959085	c14	GADD45A
6.9283519098662e-09	0.339891369218796	0.313	0.288	0.000137112084296252	c14	COX17
7.04672665502186e-09	0.896080082626121	0.062	0.044	0.000139454720502883	c14	LMCD1
7.53089143909822e-09	0.210023304318037	0.455	0.429	0.000149036341579754	c14	UBE2I
7.93184690073548e-09	0.325150223978531	0.278	0.25	0.000156971250165555	c14	SCP2
8.09836922702179e-09	0.531646741319734	0.147	0.121	0.000160266727002761	c14	LGALS9
8.41913330162757e-09	0.519004485439072	0.139	0.114	0.00016661464803921	c14	MEI1
8.70448750052609e-09	0.387848187523418	0.177	0.149	0.000172261807635411	c14	ABTB1
8.96106596309375e-09	0.242162521011602	0.342	0.313	0.000177339495409625	c14	PPP1CC
9.90983391413107e-09	0.407652983013619	0.177	0.15	0.000196115613160654	c14	CCDC69
1.03529453961051e-08	0.837802842079723	0.054	0.037	0.00020488478938892	c14	TRAF3IP2
1.06728942588765e-08	0.440231737689524	0.198	0.172	0.000211216577383166	c14	TRAPPC2L
1.23066353378333e-08	0.264324967170577	0.363	0.34	0.00024354831333572	c14	PHB2
1.37075737684324e-08	0.446929854913858	0.165	0.138	0.000271272884877278	c14	RGL4
1.39059974501461e-08	0.24877293066866	0.392	0.369	0.000275199689538392	c14	RBX1
1.46550477387932e-08	0.288909077266647	0.334	0.307	0.000290023394750718	c14	PPP1CB
1.61229765502244e-08	0.231119091387633	0.435	0.415	0.000319073705928941	c14	VPS28
1.6143601363953e-08	0.297694112254641	0.392	0.368	0.000319481870992631	c14	PDCL3
1.61928130864843e-08	0.319393407328652	0.259	0.232	0.000320455770981524	c14	PPP6C
1.65047092166698e-08	0.113472643829556	0.636	0.611	0.000326628195397896	c14	EVL
1.66620033379667e-08	0.315951003810015	0.306	0.283	0.00032974104605836	c14	MDH1
1.77502428353997e-08	0.337824859880237	0.224	0.195	0.000351277305712561	c14	PTTG1
1.79326341347811e-08	0.230268481203571	0.388	0.366	0.000354886829527317	c14	NOL7
1.79654063503606e-08	0.405873814666972	0.209	0.183	0.000355535391673637	c14	TRAPPC4
1.80233949671644e-08	0.190304415553025	0.489	0.469	0.000356682986400184	c14	EIF4B
2.01466365834409e-08	0.242315993870872	0.422	0.402	0.000398701937986296	c14	MAPK1IP1L
2.28391394315554e-08	0.684632174567065	0.08	0.061	0.000451986569350481	c14	CHST7
2.45163183169096e-08	0.239053570324803	0.394	0.372	0.00048517793949164	c14	ATP5PD
2.48468527815425e-08	0.50938398097728	0.114	0.091	0.000491719216546726	c14	GLB1
2.48611272587575e-08	0.253641015598461	0.368	0.345	0.000492001708450811	c14	NDUFS7
2.52802832403645e-08	0.198730154859953	0.49	0.47	0.000500296805326813	c14	COPE
2.67415505007269e-08	0.595383946243652	0.123	0.1	0.000529215284409384	c14	PDCL
2.7024064274701e-08	0.571385693739108	0.09	0.069	0.000534806231996333	c14	GLMP
2.75298395522946e-08	0.314106542204384	0.286	0.259	0.00054481552473991	c14	NME3
2.82148238634838e-08	0.218143688564502	0.404	0.379	0.000558371364258344	c14	PRELID1
3.08533185929123e-08	0.371703063090248	0.246	0.22	0.000610587174953735	c14	SRPK2
3.14365754499008e-08	0.391352889906283	0.22	0.194	0.000622129828153536	c14	MPC1
3.24990012216752e-08	0.449868973956854	0.18	0.155	0.000643155234176952	c14	PFKL
3.30441027432375e-08	1.06280960310483	0.026	0.015	0.00065394279328867	c14	ATG9B
3.46413432662194e-08	0.385078730069607	0.231	0.206	0.000685552183238482	c14	FOXN3
3.51689848946619e-08	0.404315968894543	0.185	0.159	0.000695994211065359	c14	CERK
3.91938827107238e-08	0.434352439309329	0.136	0.112	0.000775646938845223	c14	ABCC1
4.07428402437053e-08	0.200544324499093	0.487	0.464	0.000806300808422928	c14	TMEM258
4.32233609771154e-08	1.02286123675475	0.042	0.029	0.000855390313737114	c14	NET1
4.38241118219703e-08	0.147882032889422	0.386	0.353	0.000867279172956793	c14	RORA
4.61540788102414e-08	0.800548643545852	0.064	0.047	0.000913389219654678	c14	EPHB6
4.76447532870326e-08	0.522021272119003	0.085	0.064	0.000942889667550374	c14	TMEM63A
4.88392515207462e-08	0.550418869552244	0.096	0.075	0.000966528787595567	c14	IL18R1
4.9129762917969e-08	0.380535700051714	0.211	0.184	0.000972278008146607	c14	MORC3
4.94415540037051e-08	0.207224898772343	0.467	0.449	0.000978448353733324	c14	NDUFA1
5.04379454652413e-08	0.487603371815335	0.073	0.054	0.000998166940757126	c14	CBX7
5.04973012715663e-08	0.397654615776102	0.229	0.205	0.000999341592164297	c14	C14orf119
5.26146747658234e-08	0.261018485885019	0.287	0.258	0.00104124441361565	c14	ZBTB38
5.3438044465234e-08	0.259035895804568	0.366	0.343	0.00105753889996698	c14	NDUFA6
5.42666012277151e-08	0.534445217983525	0.094	0.073	0.00107393603829648	c14	SETD1B
5.57013612264088e-08	0.46605716968381	0.118	0.095	0.00110232993867063	c14	YPEL2
5.57604503241847e-08	0.398483250454658	0.173	0.148	0.00110349931191562	c14	FAM173A
6.32222338069263e-08	0.649083788138623	0.093	0.073	0.00125116800703907	c14	DAPP1
6.62973430316095e-08	0.863827545540205	0.04	0.027	0.00131202441859555	c14	MFGE8
6.75033632162533e-08	0.360829798199869	0.216	0.189	0.00133589155804965	c14	FAM162A
7.19027390013666e-08	0.415787268575558	0.209	0.185	0.00142295520483705	c14	ETHE1
7.78748723284489e-08	0.731953623119525	0.048	0.033	0.00154114372338	c14	ADAT2
7.81292351286352e-08	0.396024956770128	0.209	0.185	0.00154617756319569	c14	TADA3
8.21205563702196e-08	0.184911480961082	0.49	0.47	0.00162516581056665	c14	SEPT9
8.24336436472388e-08	0.369334399515758	0.244	0.221	0.00163136180777886	c14	COPZ1
8.38147217656748e-08	0.226051940679987	0.402	0.38	0.0016586933437427	c14	PRDX5
8.38220768848831e-08	0.336460604233615	0.249	0.224	0.00165883890155184	c14	BNIP3L
8.54734693538955e-08	0.248653461941499	0.411	0.394	0.00169151995851359	c14	RSL24D1
8.87805259328102e-08	0.552825864241564	0.129	0.107	0.00175696660821031	c14	PAFAH1B3
9.56766960300666e-08	0.291709967457714	0.331	0.307	0.00189344181443502	c14	POLD4
9.8146683280946e-08	0.480051890618874	0.078	0.059	0.00194232286212992	c14	GPR155
9.81716282889868e-08	0.579078085869159	0.132	0.11	0.00194281652383905	c14	STN1
9.93589579402474e-08	0.398427166971241	0.165	0.14	0.0019663137776375	c14	PACS1
9.97838261807877e-08	1.48083876723698	0.012	0.006	0.00197472192011779	c14	CPA5
1.02871063401151e-07	0.104715928130027	0.786	0.759	0.00203581834470878	c14	RHOA
1.0448062027216e-07	0.228927610920855	0.404	0.383	0.00206767147518605	c14	OPTN
1.12320329221699e-07	0.137047429001016	0.569	0.552	0.00222281931529743	c14	KRTCAP2
1.13246668972735e-07	0.228359623317461	0.326	0.298	0.00224115157897042	c14	SLFN5
1.13836044115931e-07	0.307705973673914	0.283	0.259	0.00225281531305427	c14	TMEM179B
1.15695515997756e-07	0.252636790119197	0.358	0.335	0.00228961426159559	c14	DPP7
1.22964236607814e-07	0.247509184794332	0.334	0.312	0.00243346224246865	c14	RAB11B
1.45916879222025e-07	0.454165318455195	0.184	0.16	0.00288769503980387	c14	CYB5B
1.50040741124579e-07	0.416338177085752	0.101	0.08	0.00296930626685542	c14	NBPF15
1.56210752987404e-07	0.861581288110913	0.031	0.02	0.00309141080162073	c14	CLN5
1.58438184380301e-07	0.431625896736205	0.149	0.126	0.00313549166888615	c14	UGCG
1.59375278197788e-07	0.219069217298772	0.388	0.366	0.00315403675553423	c14	CLTA
1.60480662473366e-07	0.195709608799916	0.382	0.358	0.00317591231034791	c14	CD47
1.61891574309452e-07	0.168927004052001	0.453	0.431	0.00320383425558406	c14	ELOVL5
1.84694727659106e-07	0.159370880168282	0.463	0.437	0.00365510866037371	c14	ABRACL
1.86876899794637e-07	0.531834400004344	0.09	0.071	0.00369829384693587	c14	TCEAL8
1.91469469153866e-07	0.276501843299027	0.324	0.305	0.00378918079455501	c14	MAX
1.98663236798759e-07	0.253683989662445	0.363	0.344	0.00393154545624745	c14	MRPS21
2.0253898657426e-07	0.286980097206254	0.28	0.251	0.0040082465443046	c14	CXCR6
2.10667143531674e-07	1.13741979119318	0.016	0.008	0.00416910277049183	c14	GPR146
2.17719315862356e-07	0.193616981907176	0.478	0.461	0.00430866526091603	c14	XRCC6
2.24699722958593e-07	0.285256021618841	0.287	0.264	0.00444680751735056	c14	COX14
2.30344708307655e-07	1.0130294870588	0.023	0.013	0.00455852177740849	c14	NIPAL2
2.4101549910415e-07	0.145135996449044	0.666	0.627	0.00476969672727113	c14	CACYBP
2.42858344703946e-07	0.370070402354977	0.187	0.163	0.00480616664169109	c14	GLOD4
2.47343183541872e-07	0.467205631208774	0.172	0.15	0.00489492160229364	c14	ZNRF1
2.4985761627987e-07	0.356578653292519	0.222	0.198	0.00494468222617862	c14	ETFB
2.94967237132301e-07	0.137073117502409	0.566	0.548	0.00583740162284823	c14	NDUFB11
2.97858289047813e-07	0.472613086615527	0.143	0.121	0.00589461554025622	c14	C15orf61
3.16564018362726e-07	0.365924536749222	0.198	0.174	0.00626480192339835	c14	TRAPPC6A
3.68844265156129e-07	0.336434855017003	0.226	0.202	0.00729942800743979	c14	FOXO1
3.92811078370663e-07	1.39674344825047	0.01	0.004	0.00777373124095543	c14	PLB1
4.00331374659539e-07	0.330280305192043	0.273	0.25	0.00792255790451228	c14	YWHAH
4.22246354402129e-07	0.312237692136467	0.335	0.312	0.00835625535361813	c14	PLIN2
5.06177997409306e-07	0.714536531129578	0.061	0.045	0.0100172625687302	c14	IFNAR2
5.1359012333135e-07	0.407132478716956	0.135	0.113	0.0101639485407274	c14	ASAH1
5.46854137460324e-07	0.200775701965712	0.447	0.429	0.0108222433803398	c14	NAP1L1
5.83566390748968e-07	1.05756978756735	0.02	0.012	0.0115487788729221	c14	HDAC9
5.84558489440597e-07	0.309283938845267	0.236	0.213	0.0115684125060294	c14	LSM3
5.9627936796323e-07	0.385776169597992	0.186	0.163	0.0118003686919923	c14	LSM10
6.05707728366791e-07	0.389618644925664	0.135	0.112	0.0119869559443788	c14	KIAA0040
6.28016999579942e-07	0.658242734061726	0.055	0.04	0.0124284564216871	c14	AKAP2
6.47784093551662e-07	0.131103713597676	0.611	0.597	0.0128196472113874	c14	CAPZB
6.53646741368976e-07	0.517692717977934	0.118	0.097	0.012935669011692	c14	TRMT6
6.60471860734889e-07	1.30532357515843	0.012	0.006	0.0130707381239435	c14	RGPD1
6.65463380377219e-07	1.1632813916019	0.03	0.02	0.0131695202976652	c14	CLEC7A
6.93823336590695e-07	0.254473375193277	0.356	0.339	0.0137307638311299	c14	ATP5F1C
7.12514240873052e-07	0.341416544389333	0.223	0.199	0.0141006568268777	c14	CASP8
7.59505575447498e-07	0.418860609202374	0.183	0.162	0.015030615338106	c14	HADHB
8.54917456109069e-07	0.145601585658546	0.565	0.545	0.0169188164563985	c14	HERPUD1
8.63904717030089e-07	0.274508980592911	0.292	0.271	0.0170966743500255	c14	ANP32A
8.75733184720916e-07	0.713498789539629	0.08	0.063	0.0173307597256269	c14	KLHL2
8.78804488518887e-07	0.227044780816688	0.317	0.295	0.0173915408277888	c14	TALDO1
8.80685832807227e-07	0.240204361313413	0.355	0.337	0.017428772631255	c14	MRPL41
8.92844667524888e-07	0.189201835363872	0.477	0.462	0.0176693959703175	c14	PEBP1
9.59394847463425e-07	0.664563225369111	0.08	0.063	0.0189864240313012	c14	HSDL2
9.88988389126001e-07	0.280635355221025	0.323	0.304	0.0195720802208036	c14	NDUFA3
1.00995404861671e-06	0.208441073996626	0.404	0.39	0.0199869906221248	c14	SSBP1
1.04257158567272e-06	0.367502451599316	0.225	0.205	0.0206324916804631	c14	UFD1
1.05577904721373e-06	0.302770029385009	0.221	0.198	0.0208938673443598	c14	TM9SF2
1.07050699085892e-06	1.35928477655882	0.018	0.01	0.0211853333490981	c14	ZG16B
1.15571835043216e-06	0.299565614875413	0.239	0.215	0.0228716661550524	c14	VPS51
1.19701893061954e-06	0.444039189017947	0.227	0.205	0.0236890046369607	c14	TYMP
1.22344986056792e-06	0.402790710876438	0.121	0.1	0.0242120727406391	c14	ZNF831
1.23393347966165e-06	0.158910667861002	0.549	0.539	0.0244195435625041	c14	CDC42
1.34231104440421e-06	0.552643763017621	0.094	0.076	0.0265643355687593	c14	NCK2
1.38058747293148e-06	0.466632890444344	0.096	0.078	0.0273218260893141	c14	DGLUCY
1.43876085207235e-06	0.394508160175958	0.189	0.168	0.0284730772625119	c14	DPY30
1.45377162280279e-06	0.155752051686465	0.393	0.367	0.0287701404152672	c14	CD5
1.61112925618038e-06	0.219017322436413	0.365	0.347	0.0318842479798098	c14	PPP4C
1.62069425287515e-06	0.256512755686425	0.347	0.33	0.0320735392643992	c14	NDUFAB1
1.64810566399823e-06	0.86720525493089	0.026	0.016	0.032616011090525	c14	VSIG1
1.67864567055165e-06	0.308615602870851	0.282	0.263	0.0332203978202172	c14	MRPL33
1.85022162594215e-06	0.461169249918278	0.054	0.04	0.0366158859773951	c14	SLC8B1
1.8771431032623e-06	0.257438813830248	0.337	0.321	0.0371486620135609	c14	PDCD6
1.8842043671465e-06	0.617650207443398	0.032	0.021	0.0372884044258293	c14	CDHR3
1.92087664871874e-06	0.318481180770539	0.279	0.259	0.0380141488781439	c14	ATP5ME
1.9568942220366e-06	0.219999945975123	0.371	0.353	0.0387269366541044	c14	ATP5MPL
1.99462681352666e-06	0.313713031874144	0.219	0.197	0.0394736646396926	c14	LMBRD1
2.06874745660195e-06	0.120003077856652	0.509	0.48	0.0409405121661526	c14	PGAM1
2.12897909106298e-06	0.495401627655686	0.125	0.105	0.0421324962121363	c14	CTSZ
2.20596045277445e-06	0.340678853486239	0.208	0.186	0.0436559573604064	c14	MRPL34
2.30154516885769e-06	0.539635657481993	0.123	0.104	0.0455475788916936	c14	UNC119
2.32992372017364e-06	0.304838895915514	0.257	0.236	0.0461091904222364	c14	CLPP
2.36355350495899e-06	0.301501380508283	0.223	0.2	0.0467747238631385	c14	SELENOM
2.39448753766551e-06	0.638615521465792	0.067	0.052	0.0473869083704005	c14	COQ8A
2.40744818658432e-06	0.274379053688519	0.304	0.286	0.0476433996125037	c14	NDUFB7
