gene	p_val	avg_log2FC	pct.1	pct.2	p_val_adj
HLA-C	1.51179800402484e-140	0.458881912222265	0.997	0.98	2.99184824996516e-136
RPS27	1.59241885608012e-125	0.591081648759133	0.997	0.982	3.15139691618256e-121
MT-ATP6	6.73405177392902e-101	0.438050763652453	0.996	0.981	1.33266884606055e-96
TMSB4X	2.44537146762515e-96	0.463680970093691	0.999	0.993	4.83939013443017e-92
RPS29	1.364379663731e-95	0.798199886385415	0.893	0.811	2.70010735452365e-91
RPL41	1.14263477826106e-86	0.572730830357768	0.951	0.918	2.26127422617864e-82
MT-ND3	2.15909580093031e-77	0.421446627361197	0.983	0.941	4.27285059004109e-73
RPL37A	2.7673129456136e-76	0.479265491721576	0.939	0.864	5.47651231936932e-72
CRIP1	5.57727487334123e-75	0.699810844499725	0.948	0.882	1.10374269743423e-70
MT-ND5	1.38869830756206e-74	0.399422108281827	0.975	0.946	2.74823395066531e-70
CD52	2.33606979248806e-73	0.730626475306495	0.849	0.763	4.62308211933387e-69
EIF1	1.64346502648655e-70	0.353610106341265	0.997	0.978	3.25241728741689e-66
RPS26	5.12432755821875e-70	-0.613050761495317	0.906	0.916	1.01410442377149e-65
AKR1C2	1.0840837835642e-67	-10.1598899048605	0	0.063	2.14540180767356e-63
UBE2S	4.41085815036659e-59	0.899416456273405	0.662	0.51	8.72908827957549e-55
RPS28	4.9631706624071e-53	0.320846999997465	0.995	0.972	9.82211474090365e-49
SATB1	9.4235151911905e-52	-1.03902245150735	0.23	0.407	1.8649136563366e-47
RPS21	1.81340160460499e-51	0.401430583880697	0.976	0.933	3.58872177551328e-47
HSPD1	2.67111961512757e-50	-0.655025299908818	0.788	0.869	5.28614571833745e-46
FXYD3	4.67018687153085e-50	-6.03605524342194	0.001	0.05	9.24229981875955e-46
HES4	7.3167933603876e-50	-2.045319816101	0.057	0.168	1.44799340602071e-45
ANXA1	1.37500682848903e-48	0.836734404497917	0.68	0.56	2.72113851357978e-44
KRT5	6.93808095260407e-48	-7.8256850530508	0	0.044	1.37304622052035e-43
RPL38	8.14210402752967e-48	0.474755024251959	0.867	0.799	1.61132238704812e-43
MT-ND1	1.73044323727741e-47	0.295701608638342	0.991	0.967	3.424547166572e-43
GPX2	2.22238193969185e-47	-8.58972284008248	0	0.044	4.39809385865017e-43
HNRNPU	2.72064855148509e-47	-0.644620594807133	0.634	0.771	5.38416348338898e-43
HLA-B	4.68012330074931e-47	0.346050549428938	0.998	0.999	9.26196401218289e-43
NOP58	1.10158351971332e-46	-0.671357317170143	0.51	0.668	2.18003378551267e-42
RGCC	3.00527214628011e-46	0.631170514769737	0.897	0.84	5.94743357748833e-42
SEC14L1	9.3300075564752e-46	-1.03387604219989	0.231	0.39	1.84640849542644e-41
RPL27A	4.10963547906815e-44	0.397570920021642	0.892	0.81	8.13296861307586e-40
SPP1	8.48601321894386e-44	-2.80466570533105	0.022	0.097	1.67938201602899e-39
LMNA	1.11689732240287e-43	0.901800657557998	0.707	0.59	2.21033980103527e-39
B2M	3.06396928389134e-41	0.160195123264128	1	0.999	6.06359521282096e-37
FOSB	3.77872237492126e-41	0.803633315422792	0.653	0.521	7.47809157996917e-37
HSPH1	6.69799613447921e-40	-0.562592735424346	0.766	0.859	1.32553343501343e-35
RPL34	7.82438703260934e-40	0.29754827428716	0.995	0.969	1.54844619375339e-35
TMSB10	8.0175696835668e-40	0.354654105255478	0.981	0.961	1.58667704037787e-35
STAT3	1.88449483814185e-39	-0.534067508290637	0.609	0.751	3.72941528468271e-35
DDIT4	1.94222192740316e-39	-0.644121453311942	0.699	0.807	3.84365719433086e-35
ALDH3A1	3.01823578650819e-39	-7.98259139027196	0	0.037	5.9730886214997e-35
RPL39	3.42110113412913e-39	0.270532714018718	0.994	0.982	6.77035914444155e-35
S100A4	3.9625003035822e-39	0.312752359090303	0.918	0.847	7.84178810078917e-35
MT-ATP8	7.44570105629991e-39	0.320812491811324	0.977	0.955	1.47350423904175e-34
RPS25	2.10059436131858e-38	0.271411131832931	0.991	0.965	4.15707624104947e-34
RPL23A	5.34455198180893e-38	0.282555651134202	0.986	0.965	1.05768683719999e-33
MGST1	6.81708475300498e-38	-3.8649773343487	0.01	0.063	1.34910107261969e-33
MYH9	7.61538573195112e-38	-0.617703017473885	0.691	0.804	1.50708483635313e-33
MT-ND4L	1.49756070716564e-37	0.202264249508358	0.998	0.989	2.9636726394808e-33
HCST	1.50720541299055e-37	0.619087109765822	0.715	0.63	2.98275951230829e-33
MYADM	3.22660033290477e-36	0.523942742809018	0.687	0.548	6.38544205881855e-32
TSC22D3	7.03919956357312e-36	0.567199813936868	0.933	0.887	1.39305759363112e-31
GNA15	2.46056508913919e-35	-0.903566025457147	0.224	0.362	4.86945831140646e-31
G3BP2	6.26602730122101e-35	-0.571021394907962	0.612	0.745	1.24004680291164e-30
TUBA1A	1.55037588430773e-34	0.657164178334342	0.742	0.665	3.068193875045e-30
RPLP2	1.79644479242689e-34	0.27327032729948	0.989	0.966	3.55516424421281e-30
CITED2	1.87238703061924e-34	0.92972931533817	0.557	0.434	3.70545393359548e-30
REL	2.52068396324058e-34	-0.64537272020528	0.582	0.71	4.98843356325312e-30
NAMPT	3.72527241307046e-34	-0.677113298699028	0.383	0.539	7.37231410546644e-30
SPOCK2	1.44147355168227e-33	-0.456600913711003	0.718	0.83	2.85267615877921e-29
AKR1B10	8.25048869896317e-33	-9.55974633439114	0	0.029	1.63277171352481e-28
AKR1C1	1.04798597768217e-32	-6.59836197843057	0.001	0.032	2.07396424983301e-28
SFTPB	1.21001635917268e-32	-2.85210625363034	0.009	0.057	2.39462237480274e-28
PTGR1	1.5657398021596e-32	-5.2678706509633	0.001	0.035	3.09859906847384e-28
S100A14	3.55363989723298e-32	-5.36980398398669	0.002	0.037	7.03265335662406e-28
FOS	7.30426144401154e-32	0.885940315537975	0.701	0.617	1.44551333976988e-27
SFTPA1	8.18580599924458e-32	-3.03892198661867	0.004	0.042	1.6199710072505e-27
IL2RA	1.70966998399917e-31	-1.18081253890615	0.201	0.318	3.38343689833436e-27
KRT19	4.9986915038135e-31	-3.02011133923838	0.01	0.058	9.89241048604691e-27
RPL30	8.49825183904081e-31	0.231453304558625	0.997	0.988	1.68180403894618e-26
CD7	1.5441377315984e-30	-0.491490166686509	0.647	0.775	3.05584857083322e-26
RASGEF1B	2.12107311493625e-30	1.01512370217357	0.319	0.192	4.19760369445884e-26
ELF3	2.41733613008026e-30	-4.68643849223061	0.003	0.039	4.78390820142883e-26
MYL12A	2.52253973442144e-30	0.352337011009523	0.883	0.824	4.99210613442004e-26
LY6D	3.08307193947427e-30	-9.7218913729707	0	0.027	6.10139936821959e-26
BIRC3	3.624344882172e-30	-0.528000210291225	0.579	0.705	7.17257852181838e-26
KRT6A	3.01207682365927e-29	-5.92396256562779	0.001	0.031	5.9609000340217e-25
PTMA	4.87626104447137e-29	0.193445128577338	1	0.994	9.65012060700883e-25
KRT17	5.76872091840114e-29	-4.64978357915757	0.003	0.037	1.14162986975159e-24
CALM2	7.54314501508331e-29	0.356700949446035	0.866	0.809	1.49278839848499e-24
TNFRSF4	1.69967241954824e-28	-0.882331969644643	0.353	0.473	3.36365171828597e-24
PABPC1	3.34459099224797e-28	-0.342520254696255	0.927	0.963	6.61894557365874e-24
NUP98	4.52024983345397e-28	-0.718652238322791	0.291	0.421	8.94557442040541e-24
BATF	5.10454900343181e-28	-0.659003798235593	0.462	0.591	1.01019024777916e-23
SFN	8.1163780457504e-28	-4.54645433937808	0.003	0.034	1.606231215254e-23
HES1	3.60865607107737e-27	-2.4787215950385	0.017	0.066	7.14153036466212e-23
MT-ND2	4.27006147814148e-27	0.305916590081189	0.947	0.909	8.45045166524198e-23
RPL36	4.96488098234813e-27	0.248902982501539	0.981	0.955	9.82549946406694e-23
DUSP1	7.98185380234976e-27	0.49289258772336	0.904	0.871	1.57960886748502e-22
RPL36A	2.14580126406312e-26	0.546715433476239	0.619	0.535	4.24654070158092e-22
TOMM7	2.48079379675366e-26	0.406500658840578	0.823	0.779	4.9094909237755e-22
ENO1	2.68088312805164e-26	-0.572672788439325	0.606	0.71	5.3054677104142e-22
MT-ND6	3.12593206943243e-26	0.308162649341986	0.721	0.64	6.18621956540679e-22
FKBP4	3.87879676922756e-26	-0.65848054381536	0.384	0.508	7.67613880630134e-22
SLC7A5	5.46427190019665e-26	-0.64777146786063	0.365	0.494	1.08137940904892e-21
U2AF1L5	8.92938547577851e-26	-2.03344061186882	0.012	0.056	1.76712538565657e-21
NME2	1.77283188861576e-25	-0.486617544413307	0.502	0.624	3.50843430757059e-21
PDE4D	4.37135889554475e-25	-0.667518346584977	0.379	0.503	8.65091925428306e-21
HSPA4	4.44844150134148e-25	-0.660667003694225	0.333	0.459	8.80346573115479e-21
EEF2	5.3316622103156e-25	-0.272086787808662	0.921	0.945	1.05513595142146e-20
ICAM2	6.94613782230635e-25	-0.721779185196905	0.244	0.364	1.37464067503443e-20
IL21R	8.4924030885369e-25	-0.739547648997777	0.271	0.39	1.68064657122145e-20
HIST1H1C	1.42750466241896e-24	-0.973483384182838	0.116	0.209	2.82503172692712e-20
RPL9	3.10782860757546e-24	0.254402604177648	0.972	0.932	6.15039281439183e-20
HSP90AB1	4.19322861802841e-24	-0.337742030247203	0.958	0.98	8.29839943507823e-20
S100A2	8.42392323087018e-24	-4.52620121782845	0.006	0.039	1.66709440738921e-19
HSPA6	8.84819657304267e-24	-1.27834365380178	0.105	0.191	1.75105810180514e-19
DDX21	1.04837807154783e-23	-0.587300043959557	0.367	0.487	2.07474020359315e-19
RARRES3	1.97629005862549e-23	0.539852748366434	0.578	0.477	3.91107802601984e-19
IL1R2	2.53577903738291e-23	-1.15965978539361	0.103	0.19	5.01830671498079e-19
IFNGR2	3.31002960819023e-23	-1.42567136684443	0.032	0.089	6.55054859460846e-19
RELB	3.38840575997392e-23	-0.501678424348501	0.401	0.526	6.70565499898838e-19
SERTAD1	6.91787444609562e-23	0.703939729686648	0.481	0.385	1.36904735288232e-18
SOCS3	1.27731734020132e-22	-0.560047606911522	0.377	0.498	2.52781101625842e-18
MTHFD2	1.3265308373632e-22	-0.489289836103873	0.426	0.556	2.62520452714177e-18
RPS15A	1.6480241049962e-22	0.179919001980105	0.998	0.985	3.26143970378749e-18
RANGAP1	1.86698342757258e-22	-0.730942292940256	0.172	0.275	3.69476020316614e-18
PCBP3	1.89633722441313e-22	-1.82386175472646	0.021	0.068	3.75285136711358e-18
ALOX5AP	1.92824718651139e-22	0.540164436056673	0.488	0.38	3.81600118210603e-18
TFPI2	2.11827489954551e-22	-3.38911070467821	0.003	0.029	4.19206602620057e-18
RPL37	2.25973628220449e-22	0.227173604021015	0.985	0.98	4.47201810248268e-18
CLDN1	2.84382476291594e-22	-6.12691038270253	0	0.021	5.62792920581064e-18
LSP1	3.98272242356117e-22	0.337286294156244	0.804	0.755	7.88180767622755e-18
NFKB2	4.4852146696139e-22	-0.655788941500957	0.289	0.406	8.8762398311659e-18
FAAH2	4.97382462647882e-22	-0.861558224669995	0.187	0.289	9.84319893580158e-18
SH3BGRL3	5.21622910225976e-22	0.265301843772487	0.954	0.928	1.03229173933721e-17
CHD1	8.00354828657207e-22	-0.503146764323842	0.439	0.569	1.58390220591261e-17
UGP2	9.4601962861339e-22	-0.639735633132241	0.329	0.446	1.8721728450259e-17
HSPB1	9.61985050421862e-22	-0.417183902936061	0.576	0.695	1.90376841478486e-17
CPT1A	1.09489647049664e-21	-1.440632279065	0.056	0.122	2.16680011511285e-17
TGFB1	1.86579283115118e-21	0.525993714417591	0.637	0.552	3.69240401284818e-17
CD99	1.86834487582276e-21	0.314846673239879	0.778	0.704	3.69745450925324e-17
USP11	2.4106954292157e-21	-0.675028384517665	0.173	0.276	4.77076625441786e-17
LMNB1	3.65534668060141e-21	-0.885129591041341	0.197	0.296	7.23393108091018e-17
RPL35A	5.09766477406737e-21	0.190970729787786	0.992	0.981	1.00882785878793e-16
HIST1H1E	5.51038796995453e-21	-0.676339463164439	0.165	0.264	1.090505779254e-16
TNFRSF18	9.30645452524364e-21	-0.66365679272856	0.35	0.456	1.84174735054572e-16
SCML4	1.02773073852023e-20	0.867172920532224	0.298	0.197	2.03387913153154e-16
RPL21	1.37304208397881e-20	0.196729889883099	0.976	0.942	2.71725028419406e-16
DUSP16	1.50096716149769e-20	-0.550045667002063	0.298	0.413	2.97041401260394e-16
NAB1	1.94362531715949e-20	-0.78568552081899	0.143	0.234	3.84643450265864e-16
MKI67	2.68190301017064e-20	-2.10779562741202	0.085	0.157	5.3074860571277e-16
RPL17	4.54165649354917e-20	0.197090208764251	0.985	0.964	8.98793820073381e-16
TNFRSF9	7.52847342105647e-20	-0.878006375328211	0.176	0.268	1.48988489002708e-15
NFKBIZ	7.98134604648376e-20	-0.521308585850365	0.407	0.521	1.57950838259914e-15
LDHA	1.35390675382661e-19	-0.308654202485356	0.816	0.889	2.67938146582286e-15
JAK3	1.68179806109719e-19	-0.567492142283638	0.269	0.379	3.32827836291134e-15
NDUFA4L2	2.49345084065164e-19	-3.39180668875739	0.003	0.027	4.93453921364959e-15
CIRBP	2.63271992399405e-19	0.36056145292432	0.788	0.75	5.21015272958423e-15
FURIN	3.33250628861858e-19	-0.919910732459492	0.072	0.141	6.59502994517616e-15
PRDM1	3.7274320270001e-19	-0.586123995438882	0.273	0.38	7.3765879814332e-15
CCT6A	3.90102842524979e-19	-0.414686575853382	0.479	0.6	7.72013525356934e-15
ARID5A	4.81012651253324e-19	-0.446845208413549	0.527	0.632	9.51924036830328e-15
RSBN1	4.8433075304731e-19	-0.603676320484491	0.281	0.387	9.58490560280627e-15
RHOG	4.89332106895871e-19	-0.359350648192616	0.539	0.653	9.68388239546928e-15
TUBB4B	6.03133054622898e-19	0.416485339557435	0.797	0.765	1.19360031509872e-14
TPI1	6.08516420919446e-19	-0.43345097393182	0.727	0.812	1.20425399699958e-14
RPL26	6.12896072816827e-19	0.169108848173322	0.995	0.97	1.2129213281045e-14
SMAP2	7.21802405972225e-19	-0.406643903689569	0.558	0.664	1.42844696141903e-14
IL1R1	7.69230050472427e-19	-1.23856819333426	0.056	0.118	1.52230626988493e-14
CCL5	8.68330955602797e-19	0.589587029603657	0.534	0.436	1.71842696113794e-14
CXCR4	9.86543030770746e-19	0.287568868025899	0.935	0.927	1.95236865789531e-14
ZNF282	1.23644716729965e-18	-1.16628558092313	0.061	0.123	2.44692894408601e-14
CDK16	1.39923539609915e-18	-0.736583181996051	0.132	0.217	2.76908684888022e-14
FRMD4B	1.53177245408684e-18	-0.634945313902241	0.231	0.33	3.03137768663786e-14
UCHL1	1.84661809511599e-18	-4.99419086968339	0.001	0.021	3.65445721023455e-14
UBE2D3	1.95381941155331e-18	-0.267598386738861	0.78	0.834	3.866608615464e-14
SBNO2	2.28229541057091e-18	-0.910739820574591	0.095	0.168	4.51666261751984e-14
RPS4Y1	2.95296296709245e-18	0.430842738511197	0.441	0.323	5.84391371187596e-14
ASPM	3.2317667948841e-18	-1.91984982485834	0.069	0.132	6.39566648707563e-14
CES1	3.26654729343642e-18	-3.89640102595407	0.003	0.024	6.46449709371068e-14
JAK1	4.2392195554259e-18	-0.37055719812345	0.718	0.782	8.38941550018785e-14
RRS1	4.46388219511802e-18	-0.848975122187073	0.073	0.14	8.83402286413856e-14
RPS27A	4.76949133275948e-18	0.161802517399219	0.996	0.985	9.438823347531e-14
BCL3	5.31077419911549e-18	-0.357357169697654	0.484	0.603	1.05100221400496e-13
SNX9	5.418465025766e-18	-0.380046776264303	0.454	0.568	1.07231422859909e-13
GK	5.67824056691012e-18	-0.568612991411084	0.264	0.369	1.12372380819151e-13
SRGN	6.81903690994408e-18	0.205058134602109	0.986	0.982	1.34948740447793e-13
GSPT1	8.75650911875574e-18	-0.385182365958149	0.57	0.678	1.73291315460176e-13
UGCG	9.75393568965435e-18	-0.751775091923943	0.155	0.241	1.9303038729826e-13
RPS3	1.21305989349588e-17	0.159958573161972	0.997	0.996	2.40064552922834e-13
CTSC	2.05360096097117e-17	-0.613059367076713	0.525	0.611	4.06407630176195e-13
CENPF	2.07698475477207e-17	-1.45945437371688	0.103	0.173	4.11035282969392e-13
VDR	2.23528750457956e-17	-0.954906037574479	0.102	0.175	4.42363397156294e-13
BACH1	2.25758974843592e-17	-0.573573414642452	0.246	0.346	4.46777011215468e-13
ARHGDIB	2.6924205324705e-17	0.192505426745786	0.947	0.918	5.32830023375911e-13
NEU1	2.9910776904307e-17	0.452406569543572	0.425	0.327	5.91934274936237e-13
NINJ1	3.66824301410074e-17	-0.582369107791947	0.272	0.369	7.25945292490537e-13
SLC16A1	3.84337762890554e-17	-0.73585366261567	0.151	0.235	7.60604432760407e-13
TNFRSF1B	3.86865185218617e-17	-0.426008676402733	0.561	0.661	7.65606201547642e-13
KDM6B	5.465226707672e-17	-0.548039591978249	0.324	0.429	1.08156836544829e-12
ENTPD1	5.87317360459646e-17	-0.823937240860519	0.148	0.231	1.16230105634964e-12
PELI1	6.82371288450811e-17	-0.538645113266103	0.248	0.347	1.35041277984415e-12
GZMM	8.44166081500617e-17	0.581755709984031	0.413	0.324	1.67060467528972e-12
SELPLG	1.01207312926207e-16	-0.70289901196126	0.349	0.44	2.00289272280964e-12
TKT	1.06748337191003e-16	-0.630987150116201	0.287	0.387	2.11254959300995e-12
WFDC2	1.08724770258111e-16	-1.59917195656212	0.015	0.05	2.15166320340801e-12
COL1A1	1.12614425680185e-16	1.79103680655133	0.078	0.026	2.22863948421085e-12
IQGAP1	1.46724771632999e-16	-0.645727584240096	0.527	0.619	2.90368323061706e-12
TOP2A	1.82741075971531e-16	-1.23619205450489	0.08	0.144	3.6164458934766e-12
GPRIN3	1.89753992135372e-16	-0.568784727456369	0.368	0.477	3.75523150435901e-12
HSPA1A	2.79890628704743e-16	-0.438430157031632	0.74	0.81	5.53903554206686e-12
SLC1A4	2.80492953837335e-16	-1.2908450569184	0.105	0.173	5.55095555644086e-12
NFE2L2	3.12337556493652e-16	-0.364774925910842	0.487	0.597	6.18116024300937e-12
SLCO4A1	3.21553655468946e-16	-1.06839129815943	0.064	0.122	6.36354684173044e-12
CRLF2	3.46156091588841e-16	-2.12764554640098	0.006	0.03	6.85042905254316e-12
CFLAR	3.53775152126906e-16	-0.401028714807865	0.407	0.514	7.00121026059147e-12
SAMSN1	4.48317982404726e-16	0.338050089403432	0.757	0.725	8.87221287178952e-12
CCT8	4.80485792845172e-16	-0.423338820438792	0.381	0.485	9.50881384040594e-12
IL1B	5.27608024315696e-16	-2.8447594092622	0.007	0.033	1.04413628012076e-11
COL1A2	5.31968218378067e-16	2.07534052930814	0.062	0.016	1.05276510417019e-11
RAB11FIP1	5.94501617934167e-16	-0.646279334474098	0.308	0.406	1.17651870189172e-11
EIF4G1	6.3962795806664e-16	-0.549459773347206	0.264	0.361	1.26582372901388e-11
SAP18	7.00103760587728e-16	0.389651800935742	0.751	0.722	1.38550534220311e-11
MYC	7.80046109265671e-16	-1.02388265687066	0.053	0.107	1.54371125023676e-11
GAPDH	8.31003680783402e-16	-0.337030775682286	0.967	0.984	1.64455628427035e-11
RBBP8	9.66322480092223e-16	-0.821689915309725	0.14	0.217	1.91235218810251e-11
NR4A2	1.01556181148973e-15	0.320059511433803	0.777	0.727	2.00979682493817e-11
PASK	1.05451768942358e-15	-1.04522082277841	0.091	0.156	2.08689050736926e-11
TCN1	1.26417185948583e-15	-6.65410744022986	0	0.015	2.50179610992247e-11
STX11	1.38282036123125e-15	-0.611667948395073	0.216	0.305	2.73660149487665e-11
ZC3H12A	2.00618111571457e-15	-0.425101847608249	0.292	0.396	3.97023242799913e-11
HIF1A	2.09392812327896e-15	-0.55163178817659	0.291	0.388	4.14388375596906e-11
CPE	2.13929991687106e-15	-3.10456967244178	0.005	0.027	4.23367453548782e-11
COMMD6	2.67072930190321e-15	0.296094032403236	0.765	0.721	5.28537328846646e-11
PPP1R15A	2.72419413154372e-15	0.329971293873735	0.76	0.71	5.39118018632502e-11
SMC4	2.97416930968633e-15	-0.648447298567458	0.229	0.316	5.88588106386925e-11
AGPAT5	3.52470620790481e-15	-0.961872994997128	0.097	0.162	6.97539358544361e-11
SERBP1	4.08819535101156e-15	-0.290845602215756	0.626	0.72	8.09053859965188e-11
ZBTB1	4.80635580393143e-15	-0.501242312445122	0.328	0.428	9.51177813598029e-11
PLSCR1	5.75676103926854e-15	-0.775790037454874	0.14	0.213	1.13926300967124e-10
RASSF5	5.91508279730367e-15	-0.432071758704289	0.366	0.474	1.1705948855864e-10
CALML3	6.08727302848337e-15	-6.37174021718443	0	0.014	1.20467133233686e-10
NDUFV2	6.87364411485125e-15	-0.359640572310724	0.521	0.617	1.36029417032906e-10
SCO2	7.54383912141323e-15	-0.699993084785589	0.102	0.169	1.49292576212768e-10
CLTC	9.18476292954941e-15	-0.743277543671009	0.221	0.305	1.81766458375783e-10
FAS	1.44449079737388e-14	-0.545364157562481	0.302	0.396	2.85864728800291e-10
JCHAIN	1.53575089521633e-14	0.156946978437428	0.045	0.094	3.03925102163311e-10
TNFRSF11A	1.5712901548367e-14	-2.22604436947155	0.008	0.033	3.10958321642183e-10
ZFP36L1	2.07809500574104e-14	0.387392784733457	0.774	0.737	4.11255001636152e-10
FUS	2.14991400368201e-14	0.251533268456578	0.797	0.759	4.25467981328669e-10
COL3A1	2.23764502254019e-14	1.77162039493546	0.055	0.014	4.42829949960704e-10
PRDM2	3.37305202743643e-14	-0.579897590085683	0.253	0.342	6.67526996229669e-10
CCR8	3.7493096054149e-14	-0.828035333654048	0.146	0.218	7.41988370911608e-10
LRRFIP1	3.88412298196897e-14	-0.304769380395967	0.681	0.766	7.68667938131659e-10
SFTPA2	4.8702785880674e-14	-2.03092740308648	0.004	0.025	9.63828132578538e-10
STAM	4.9549599393448e-14	-0.571926347846967	0.249	0.335	9.80586571996337e-10
ST13	6.29133440673433e-14	-0.307234692346557	0.574	0.666	1.24505507909272e-09
TPX2	7.04376295741823e-14	-1.03837248899825	0.081	0.139	1.39396068927307e-09
S100A11	7.93489315729773e-14	0.2927282464759	0.798	0.755	1.57031535582922e-09
CD28	8.64602180019223e-14	-0.386317996242181	0.392	0.492	1.71104771425804e-09
NUSAP1	8.84786393275932e-14	-0.704533631745067	0.119	0.187	1.75099227229307e-09
JMJD1C	8.862478966899e-14	-0.48768616386508	0.391	0.485	1.75388458754931e-09
ZNF267	1.04053859193563e-13	-0.503073891722652	0.243	0.333	2.05922587344061e-09
DGKE	1.36939169775521e-13	-0.737836392005789	0.109	0.174	2.71002616985756e-09
ATP5F1E	1.56697356401911e-13	0.253158881808509	0.862	0.828	3.10104068319383e-09
NQO1	1.66932558776924e-13	-2.37541115049025	0.03	0.068	3.30359533819533e-09
XRN2	1.99495894575803e-13	-0.438346352775802	0.318	0.414	3.94802375365514e-09
PDCD1	2.01191799634149e-13	-0.529803720233452	0.257	0.342	3.98158571475981e-09
ZBTB32	2.34686136285937e-13	-0.894144966393535	0.09	0.148	4.6444386370987e-09
PNP	2.47908089958375e-13	0.714720444857564	0.379	0.309	4.90610110027623e-09
RANBP2	2.52695923368998e-13	-0.590521516873309	0.402	0.496	5.00085232347247e-09
PFKFB3	2.6146864658713e-13	-0.352825315674018	0.415	0.513	5.17446451595931e-09
MAP7	2.69287220651677e-13	-2.63709321448343	0.003	0.021	5.32919409669669e-09
HS3ST3B1	2.88695752424594e-13	-0.690545444134134	0.143	0.214	5.71328894048272e-09
CD9	2.95870649200795e-13	-1.50841535156437	0.057	0.105	5.85528014768374e-09
VCAM1	3.21263626536885e-13	-2.80657285615423	0.014	0.043	6.35780716916496e-09
FCRL3	3.57752716051467e-13	-0.900858774223593	0.046	0.092	7.07992625065853e-09
USP36	3.76590570077096e-13	-0.434532936539708	0.296	0.393	7.45272738182573e-09
HIVEP1	4.78570941311122e-13	-1.01723836948743	0.095	0.154	9.4709189285471e-09
CYTIP	5.0816627911337e-13	-0.220803889786604	0.717	0.79	1.00566106636536e-08
ANP32E	5.20449098630108e-13	-0.455930439250588	0.296	0.382	1.02996876618898e-08
TOP1	5.35029810144291e-13	-0.33055031372661	0.44	0.543	1.05882399427555e-08
PGK1	5.69371890763716e-13	-0.310998386467319	0.747	0.811	1.12678697182139e-08
GPCPD1	6.05225745280122e-13	-0.406480701074761	0.272	0.362	1.19774174990936e-08
PKM	7.08145048649982e-13	-0.341895144616829	0.632	0.701	1.40141905127832e-08
IFI16	7.62010140544076e-13	-0.388947682590683	0.358	0.451	1.50801806813673e-08
CCT3	7.88686902060704e-13	-0.297802264454157	0.486	0.588	1.56081137917813e-08
VDAC2	8.49964057716067e-13	-0.316951926979946	0.453	0.554	1.6820788702201e-08
CXCR6	8.52144514800909e-13	-0.438872011607656	0.311	0.401	1.686393994791e-08
S100A10	8.83757857929047e-13	0.294955844442228	0.834	0.807	1.74895680084158e-08
TCIRG1	9.22022270799209e-13	-0.47985442839239	0.212	0.294	1.82468207391163e-08
HSP90AA1	9.25121474288571e-13	-0.370944939641721	0.978	0.986	1.83081539761708e-08
CXCR3	1.01155774487824e-12	0.40375491360404	0.388	0.305	2.00187277711405e-08
RPS4X	1.18653100384533e-12	-0.124586753919302	0.995	0.987	2.34814485660992e-08
HPRT1	1.27148118044713e-12	-0.466990333688531	0.232	0.314	2.51626125610486e-08
FOSL2	1.49432885015855e-12	-0.260080350313443	0.5	0.599	2.95727679446377e-08
CCT2	1.51187855593607e-12	-0.387198345155188	0.42	0.51	2.99200766219748e-08
RPS18	1.57966149659262e-12	0.145189097997591	0.997	0.984	3.12615010175679e-08
SPARC	1.84789593343346e-12	1.89374765622214	0.045	0.011	3.65698605226481e-08
SUPT5H	1.86081764814228e-12	-0.38998318659256	0.258	0.346	3.68255812567358e-08
GARS	1.86963087949516e-12	-0.453418610051925	0.241	0.327	3.69999951052093e-08
KIF20B	1.89608392935062e-12	-0.677749058950653	0.146	0.215	3.75235009618488e-08
WDR43	1.91114291200247e-12	-0.58225124215929	0.12	0.185	3.7821518228529e-08
CLEC7A	2.06135146256359e-12	-1.20212285319105	0.034	0.073	4.07941454441334e-08
CD44	2.24597884977103e-12	0.110592917195598	0.813	0.782	4.44479214369688e-08
FAU	2.36361972845393e-12	0.147559974429044	0.996	0.963	4.67760344261033e-08
SPTBN1	2.38445396026067e-12	-1.01073242579941	0.167	0.237	4.71883438735587e-08
WNK1	2.59396241184011e-12	-0.440388981191848	0.39	0.479	5.13345161303159e-08
TMPRSS6	2.6612014247584e-12	-2.00225392323173	0.009	0.033	5.26651761959688e-08
RPL27	2.78456169450543e-12	0.174382359457218	0.932	0.904	5.51064759342625e-08
PBX4	3.15222312136153e-12	-0.334459435043585	0.368	0.466	6.23824955717447e-08
THADA	3.16836522551055e-12	-0.67189206699636	0.132	0.198	6.27019478128538e-08
EVL	3.23951814283906e-12	0.298531292408623	0.642	0.589	6.41100640467851e-08
EIF2S3	3.32132447923451e-12	-0.337618157483497	0.331	0.428	6.57290114440509e-08
SYTL3	3.54066791773124e-12	-0.220827324553692	0.458	0.555	7.00698180919013e-08
PLAGL2	3.66521342812083e-12	-0.634096716092091	0.081	0.136	7.25345737425113e-08
HLF	3.66967947049127e-12	-0.936372063806538	0.056	0.103	7.26229567210221e-08
TIGIT	4.02377538782473e-12	-0.3325407183692	0.369	0.459	7.96305149250514e-08
NSD3	4.35859356685623e-12	-0.321685477212325	0.504	0.603	8.62565666880847e-08
DAZAP2	4.43652878995546e-12	0.265049144774964	0.731	0.693	8.77989047532186e-08
AKAP13	4.49651366366977e-12	-0.333256390606577	0.623	0.709	8.89860054040248e-08
CTNNB1	4.99645082308696e-12	-0.515530675090019	0.246	0.326	9.8879761788891e-08
JMY	5.49454156817803e-12	-0.597424228580755	0.213	0.289	1.08736977634243e-07
YBX3	5.53665732375491e-12	-0.977563651951102	0.086	0.139	1.0957044843711e-07
KMT2E	5.545577383049e-12	-0.254323086286891	0.691	0.768	1.0974697641054e-07
ACADVL	5.73009651968588e-12	-0.479783974516516	0.243	0.323	1.13398610124584e-07
TSC22D1	5.9817457370641e-12	-1.54905680177351	0.024	0.057	1.18378748136499e-07
PRRC2C	6.08788739231765e-12	-0.349520930109071	0.685	0.764	1.20479291493966e-07
HBB	6.13552527010116e-12	1.20928128641884	0.199	0.132	1.21422045095302e-07
PTGES3	6.33423569396188e-12	-0.245221348991101	0.768	0.822	1.25354524383506e-07
STIP1	6.4226501478524e-12	-0.340650849200789	0.4	0.497	1.27104246425999e-07
SLC29A1	6.48353981528969e-12	-1.2128415044198	0.031	0.067	1.28309252944583e-07
MAPRE2	6.4864221681721e-12	0.502242150934611	0.36	0.284	1.28366294708126e-07
EZR	6.59425793687574e-12	-0.252424808847635	0.825	0.886	1.30500364570771e-07
PHB2	6.97285796917833e-12	-0.32867196258588	0.387	0.481	1.37992859210039e-07
MYEOV	7.2966915497008e-12	-7.15981264573781	0	0.011	1.44401525768579e-07
RPS6	8.00661929875427e-12	0.13780240329474	0.994	0.968	1.58450995922347e-07
HNRNPDL	8.36167912936637e-12	-0.250778524174433	0.691	0.776	1.6547762997016e-07
RHBDD2	9.1825129215237e-12	-0.351048916820766	0.466	0.552	1.81721930716954e-07
ZC2HC1A	9.44141357327263e-12	-0.901429035310091	0.113	0.172	1.86845574615065e-07
GSTP1	9.8195625062539e-12	-0.827476494942306	0.385	0.462	1.94329141998765e-07
PTHLH	1.0067440404924e-11	-2.91232330821965	0.005	0.024	1.99234645613447e-07
TRIB1	1.24465009410337e-11	-0.956836057347454	0.071	0.121	2.46316253623056e-07
NUCB1	1.2696420923828e-11	-0.355352812374899	0.306	0.397	2.51262170082557e-07
TNIP2	1.37150667927828e-11	-0.404429884239235	0.271	0.353	2.71421171829172e-07
CKLF	1.40058187162062e-11	0.476547037328641	0.481	0.431	2.77175152393721e-07
FDFT1	1.48818678648578e-11	-0.361781518575037	0.285	0.373	2.94512165045537e-07
SESN3	1.51441413972081e-11	-0.614604335961433	0.18	0.25	2.99702558250749e-07
AKR1C3	1.63508058632587e-11	-1.96993927983202	0.02	0.049	3.23582448033889e-07
CENPE	1.70497860709568e-11	-1.11633492456036	0.065	0.112	3.37415266344235e-07
HECTD1	1.79937707181689e-11	-0.456822933815322	0.204	0.282	3.56096722512562e-07
PCBD1	1.80974177979918e-11	-0.587713179533651	0.136	0.201	3.58147898222258e-07
CANX	1.81675200117976e-11	-0.679391645852782	0.365	0.449	3.59535221033475e-07
PPP1R15B	1.85193155995317e-11	-0.583102634967002	0.15	0.217	3.66497255714732e-07
ZNF101	1.889250418467e-11	-0.707325033817989	0.101	0.158	3.73882657814619e-07
KNL1	1.91742817239178e-11	-1.39231413117741	0.068	0.116	3.79459035316334e-07
MT2A	2.00992538860632e-11	-0.659907956176606	0.547	0.614	3.97764234405191e-07
LDHB	2.07384686621559e-11	-0.278187848239211	0.677	0.751	4.10414294824066e-07
CLEC2D	2.38086869523143e-11	-0.362813628138509	0.464	0.545	4.711739147863e-07
CHORDC1	2.42073535505833e-11	-0.399722256436122	0.49	0.551	4.79063526766044e-07
LAPTM4B	2.62574109592769e-11	-0.845683274429624	0.126	0.186	5.19634162884089e-07
SELL	2.74726991226931e-11	-0.452222847154071	0.265	0.348	5.43684715638097e-07
SOX9	2.76903995463521e-11	-4.26326672069735	0.001	0.012	5.47993007022308e-07
HSPA8	2.78057056216249e-11	0.170875389156587	0.989	0.985	5.50274914251957e-07
PSMD14	2.78227296182043e-11	-0.504629804104337	0.248	0.324	5.50611819144264e-07
USP47	2.89976465499985e-11	-0.443611749027357	0.237	0.313	5.7386342522447e-07
LAYN	2.942607370444e-11	-0.653187691858935	0.18	0.247	5.82341998610867e-07
LIME1	3.18742930467414e-11	0.56442081390834	0.32	0.251	6.30792259395012e-07
KIFC1	3.65841539747981e-11	-0.999602435794647	0.066	0.112	7.24000407161255e-07
MAGEH1	3.89856162274826e-11	-0.43596962730455	0.164	0.232	7.7152534514188e-07
SRSF4	3.94547077098531e-11	-0.378019182465543	0.332	0.419	7.80808665577993e-07
TUBA1B	4.03124429399892e-11	0.242860808520066	0.793	0.745	7.97783245782385e-07
ITM2B	4.38154451467311e-11	0.169302857318848	0.903	0.881	8.67107659453808e-07
SNCG	4.40831397252895e-11	-5.27544595572969	0.001	0.012	8.7240533516348e-07
SLC3A2	4.42301386478572e-11	-0.352740980285586	0.497	0.577	8.75314443841094e-07
PFDN5	4.47236290186067e-11	0.183051005985804	0.911	0.881	8.85080618278227e-07
NFKB1	4.68180366491497e-11	-0.410445053332854	0.332	0.415	9.26528945286672e-07
ARHGAP9	4.72517315312892e-11	-0.304875497516691	0.431	0.525	9.35111767004213e-07
EBI3	5.09250120691433e-11	-0.619643594118684	0.064	0.111	1.00780598884835e-06
TMEM18	5.10014161352541e-11	-0.366015134189157	0.174	0.247	1.00931802531668e-06
RACK1	5.10473029469964e-11	-0.145395482023742	0.976	0.962	1.01022612532106e-06
HIST1H1D	5.64375630236814e-11	-0.480573036742666	0.113	0.173	1.11689937223866e-06
GRAMD2B	6.03702943679446e-11	-0.743414466425357	0.082	0.133	1.19472812554162e-06
ZFP36L2	6.04446753649196e-11	0.199264428915123	0.936	0.923	1.19620012547176e-06
RPL36AL	6.09764899334529e-11	0.204312804324275	0.905	0.859	1.20672473578303e-06
AZIN1	6.72881568446326e-11	-0.357020959629309	0.285	0.367	1.33163262395528e-06
HTATIP2	6.94691400681505e-11	-0.509434730514244	0.251	0.322	1.3747942819487e-06
RPL3	7.20563236672798e-11	0.138797850687811	0.992	0.968	1.42599464537547e-06
GPI	7.43135976696696e-11	-0.459112469440096	0.385	0.465	1.47066609788276e-06
RPS24	7.58264497983980e-11	0.127648443547774	0.995	0.977	1.5006054415103e-06
COL9A2	7.87665629200193e-11	-0.885358339299767	0.049	0.09	1.55879028018718e-06
NUMA1	8.12581700660676e-11	-0.431794910719236	0.272	0.353	1.60809918560748e-06
TYMS	8.65570706647993e-11	-0.50150283979972	0.075	0.125	1.71296442845638e-06
MFSD6	8.6952985539457e-11	-0.890130414144684	0.096	0.149	1.72079958382585e-06
PSME1	8.88089296385296e-11	0.219866557032395	0.767	0.737	1.7575287175465e-06
ABCA1	9.42245664981682e-11	-1.38397195340416	0.016	0.042	1.86470417099875e-06
CMTM6	9.62880507946527e-11	-0.361225159981901	0.428	0.513	1.90554052522618e-06
CEP55	1.03064449280712e-10	-0.866702342407821	0.082	0.132	2.03964545126529e-06
HNRNPR	1.05786612461534e-10	-0.35856786624067	0.379	0.464	2.09351706061376e-06
NCKAP1L	1.11233272238621e-10	-0.495878926185588	0.231	0.306	2.20130645760231e-06
GLRX	1.17703668676498e-10	-0.455328561296206	0.327	0.403	2.32935560310789e-06
RSRC2	1.20059152790873e-10	-0.350674884167354	0.46	0.54	2.37597063373138e-06
PABPC4	1.25980213257112e-10	-0.435935264972412	0.245	0.32	2.49314842035824e-06
ZNF292	1.29076059026213e-10	-0.445196859680275	0.303	0.383	2.55441520812876e-06
TRAF1	1.3063362676211e-10	-0.472736936794364	0.266	0.341	2.58523947362215e-06
EIF3I	1.3119249407326e-10	-0.300333470560158	0.392	0.48	2.59629945770981e-06
SOD1	1.33920465844227e-10	-0.225142834255883	0.835	0.854	2.65028601905725e-06
S100A9	1.36872097975675e-10	-1.68798563308012	0.02	0.048	2.70869881893861e-06
HAVCR2	1.48790307962805e-10	-0.916378880171864	0.095	0.147	2.94456019458392e-06
SF3B3	1.52181386887051e-10	-0.474607745514181	0.165	0.232	3.01166964649473e-06
SH2D2A	1.52730211409493e-10	-0.218813840848475	0.546	0.636	3.02253088379386e-06
CPD	1.55250678613336e-10	-0.644488132767405	0.142	0.204	3.07241092975792e-06
RPS23	1.56393262540182e-10	0.121918667227506	0.994	0.979	3.0950226656702e-06
XAF1	1.58666895947942e-10	-0.651816688188068	0.212	0.278	3.14001787080977e-06
CTTN	1.65821127576077e-10	-2.8021650042009	0.009	0.029	3.28160011473056e-06
H2AFJ	1.68891607162634e-10	-0.480742448582134	0.185	0.254	3.34236490574852e-06
SF1	1.80209748969053e-10	0.262054259870725	0.746	0.722	3.56635093209756e-06
SRPRB	1.82095079495722e-10	-0.461830185207894	0.138	0.201	3.60366162322034e-06
NPPC	2.05887445714262e-10	-1.94442550964976	0.005	0.021	4.07451255068525e-06
AK4	2.06936907538613e-10	-3.283331896136	0.002	0.015	4.09528140018916e-06
SAT1	2.14321383697278e-10	-0.387403986650579	0.744	0.777	4.24142018336913e-06
RNF19A	2.21758504945543e-10	-0.22249121875399	0.43	0.518	4.38860081287229e-06
HDAC7	2.22900708856613e-10	-0.548285992850129	0.15	0.213	4.41120502827236e-06
YPEL5	2.29715387656619e-10	0.178740915781696	0.789	0.753	4.54606752172449e-06
FNDC3B	2.29723066426961e-10	-0.716201629580519	0.095	0.147	4.54621948458956e-06
MAST4	2.53064172277517e-10	-0.617133445956648	0.158	0.221	5.00813996937205e-06
DAD1	2.67722462253289e-10	0.364241611314103	0.508	0.454	5.29822752799259e-06
MOB3A	2.6885454046415e-10	-0.449142812776998	0.215	0.286	5.32063135578553e-06
FOXP3	3.03361216056400e-10	-0.222308874718749	0.246	0.33	6.00351846575615e-06
CCR6	3.11859145925378e-10	-0.403302737512948	0.284	0.358	6.17169249786324e-06
TWISTNB	3.1702964670832e-10	-0.496161116985069	0.158	0.225	6.27401670835765e-06
IGFBP2	3.43454032276375e-10	-1.68774645017589	0.012	0.034	6.79695529874945e-06
ELOVL5	3.43471910385371e-10	-0.229647615761001	0.565	0.672	6.79730910652649e-06
DNAJA4	3.54613102386011e-10	-0.637696815335558	0.107	0.162	7.01779329621915e-06
CD58	3.83774805812369e-10	-0.368838499336224	0.325	0.408	7.59490340702678e-06
ETV7	3.8479940026193e-10	-0.492580678213659	0.131	0.189	7.6151801311836e-06
TGS1	3.90813249211278e-10	-0.311275991104968	0.216	0.293	7.7341942018912e-06
SERINC1	4.07746439501351e-10	-0.316735552084199	0.434	0.524	8.06930203773174e-06
EIF2S2	4.1294053913397e-10	-0.304264805123161	0.338	0.423	8.17209326946127e-06
CD59	4.16429515995799e-10	-0.488112958937668	0.21	0.279	8.24114012155686e-06
PTPN1	4.26275616872599e-10	-0.373602294194579	0.326	0.406	8.43599445790874e-06
PPM1G	4.54802746204783e-10	-0.36022107946026	0.438	0.515	9.00054634739265e-06
TRAF4	5.15354579610541e-10	-0.617193930616374	0.15	0.21	1.01988671304926e-05
PIK3R1	5.31023051744916e-10	-0.407873393237695	0.398	0.477	1.05089461940319e-05
NCL	5.37768562769069e-10	-0.212882365036638	0.82	0.876	1.06424398571999e-05
DUSP2	5.78834161605198e-10	0.17293314060828	0.885	0.85	1.14551280581669e-05
RPP38	6.02940826554266e-10	-0.492501050720242	0.085	0.135	1.19321989575089e-05
FN1	6.33516435205439e-10	2.02202139473895	0.044	0.014	1.25372902527156e-05
TMA7	6.40121450725581e-10	0.225132995021343	0.766	0.746	1.26680035098593e-05
UBA52	6.44053877416492e-10	0.156181943634557	0.958	0.946	1.27458262340724e-05
SLC25A5	6.89597016249984e-10	-0.248071766051627	0.637	0.716	1.36471249515872e-05
DSP	6.95167852513580e-10	-2.77101842018831	0.003	0.015	1.37573718012437e-05
KLF6	6.97975995399962e-10	0.39456154143733	0.87	0.855	1.38129449489653e-05
ILF3	7.69040701310116e-10	-0.325310607877707	0.35	0.432	1.52193154789272e-05
IKZF2	7.85613390446886e-10	-0.55698127101396	0.173	0.238	1.55472889969439e-05
CLTA	7.90196128126876e-10	-0.29064270691501	0.418	0.501	1.56379813756309e-05
FLII	8.11405156077211e-10	-0.542596600416712	0.161	0.222	1.6057708038768e-05
PIM3	8.28436299271363e-10	-0.45232933241382	0.415	0.489	1.63947543625803e-05
TUBB2A	8.43274455604917e-10	0.607783053481959	0.245	0.183	1.66884014764213e-05
RPS3A	8.65785092964251e-10	0.132449942136232	0.995	0.983	1.71338869897625e-05
NCF1	8.71554446201086e-10	0.622054501634294	0.233	0.17	1.72480624903195e-05
TPM4	8.80860557764829e-10	-0.247322638030622	0.489	0.579	1.7432230438166e-05
SCGB3A2	8.88986953377738e-10	-4.64212739627651	0.001	0.01	1.75930518073454e-05
COPA	9.13109516810714e-10	-0.473068379282152	0.247	0.319	1.8070437337684e-05
MAN1A1	9.51092352239502e-10	-1.109133243876	0.058	0.099	1.88221176508197e-05
RPL32	1.03708384180085e-09	0.111462526394405	0.997	0.985	2.05238892292388e-05
EFNA1	1.04369537853598e-09	-4.32459008971126	0.001	0.013	2.0654731541227e-05
EXO1	1.09824792448694e-09	-1.42372861883298	0.02	0.046	2.17343264255966e-05
PSMD11	1.10728008405867e-09	-0.369460138866284	0.297	0.368	2.1913072863521e-05
ZCCHC2	1.10738229980186e-09	-0.809254526992682	0.046	0.084	2.19150957130788e-05
TNFSF10	1.14898813863318e-09	-0.735207110907691	0.196	0.258	2.27384752635505e-05
P4HA1	1.15508940238258e-09	-0.7140191860487	0.129	0.184	2.28592192731512e-05
ZDBF2	1.23055911010058e-09	-0.688227921532965	0.12	0.174	2.43527647888905e-05
TAX1BP1	1.28177112232341e-09	-0.25409814579461	0.491	0.579	2.53662505107802e-05
GPBP1	1.28771456213879e-09	-0.334165914311237	0.518	0.596	2.54838711847266e-05
H2AFX	1.321624028224e-09	0.429221542386736	0.414	0.358	2.6154939518553e-05
ISG20	1.3908195967876e-09	-0.220327399523314	0.6	0.675	2.75243198204266e-05
NOTCH1	1.42840336208339e-09	-0.90409552894088	0.05	0.088	2.82681025356302e-05
EIF3A	1.47694775822837e-09	-0.351483682855118	0.413	0.492	2.92287961353395e-05
GABARAPL1	1.48419835775711e-09	-0.347169674052449	0.333	0.412	2.93722855000132e-05
TIFA	1.55393754916088e-09	-0.493261377677181	0.168	0.231	3.07524240978939e-05
DNTTIP2	1.59738393115647e-09	-0.31603537548749	0.382	0.466	3.16122279975865e-05
IRAK3	1.6319507629655e-09	-1.31143582354343	0.014	0.037	3.22963055990872e-05
VPS37B	1.65895218494178e-09	-0.333042421969447	0.435	0.519	3.28306637399978e-05
INPP5D	1.65908951177736e-09	-0.40544422833148	0.208	0.277	3.28333814380739e-05
SH3YL1	1.7045604682895e-09	-0.57679845389488	0.084	0.132	3.37332516674491e-05
TBC1D9B	1.70722365655749e-09	-0.57683097931921	0.08	0.127	3.37859561632727e-05
IL2RB	1.86687401140989e-09	-0.410123914478435	0.425	0.498	3.69454366858017e-05
SLC25A6	1.96444559769587e-09	-0.208953056413054	0.765	0.805	3.88763783784013e-05
H2AFY	2.00997006287583e-09	-0.329004189107764	0.333	0.412	3.97773075443127e-05
TACC1	2.0780325241737e-09	-0.329213632988416	0.365	0.448	4.11242636533974e-05
PIM2	2.08814072584324e-09	-0.264492297047699	0.44	0.521	4.13243049644377e-05
INCENP	2.11076851530068e-09	-1.0302931853082	0.055	0.093	4.17721089178005e-05
PAPOLA	2.11604865165048e-09	-0.27005280979711	0.447	0.535	4.1876602816163e-05
CSNK1D	2.13986840948084e-09	-0.313651454787012	0.343	0.426	4.23479958236258e-05
MVP	2.15659390632914e-09	-0.374098859473879	0.27	0.346	4.26789934062537e-05
USP14	2.22188918920761e-09	-0.404320572252816	0.225	0.295	4.39711870544187e-05
POLR2A	2.33950526079783e-09	-0.29904804693651	0.351	0.436	4.62988091111891e-05
SELENOM	2.36156115325545e-09	0.708120167329461	0.226	0.17	4.67352952229254e-05
S100A16	2.49186641913497e-09	-2.62439542280799	0.005	0.02	4.93140364346811e-05
CXCL1	2.49479930652357e-09	-4.70840954666628	0.001	0.012	4.93720782761015e-05
GSTM3	2.54756876240451e-09	-1.15441498034606	0.042	0.076	5.04163858079853e-05
EML4	2.5543114507481e-09	-0.279692713807216	0.639	0.722	5.05498236103049e-05
TARS	2.63645374982602e-09	-0.500165380857988	0.212	0.278	5.21754197090569e-05
ARRDC2	2.65994030932386e-09	-0.437845067899324	0.223	0.293	5.26402187215192e-05
MMP9	2.7517907056712e-09	-1.40442382255881	0.02	0.045	5.44579380652331e-05
TPD52L1	2.80047101946413e-09	-4.63352479726168	0.001	0.01	5.5421321475195e-05
CMBL	2.80056774896910e-09	-2.37035127304183	0.007	0.025	5.54232357520984e-05
RAD21	2.89173730511296e-09	-0.341169862860533	0.464	0.545	5.72274812681854e-05
RAN	2.93706274294529e-09	-0.197085217768248	0.764	0.823	5.81244716828874e-05
TCEAL4	3.11609936495007e-09	-0.619961221055742	0.072	0.117	6.1667606432362e-05
SERPINH1	3.14856967939711e-09	-0.71979978058354	0.125	0.177	6.23101939552688e-05
NUDT21	3.17585669635931e-09	-0.328392833632593	0.298	0.373	6.28502040209508e-05
ANKRD17	3.21253362388303e-09	-0.421745882348273	0.176	0.24	6.35760404166451e-05
KIF2C	3.26499771518675e-09	-1.123294636213	0.05	0.087	6.46143047835458e-05
F12	3.3405587860294e-09	-2.11752825568906	0.005	0.019	6.61096583755218e-05
CHD4	3.41627017459434e-09	-0.594493017605553	0.217	0.283	6.7607986755222e-05
MARCH5	3.44459249399119e-09	-0.396033359123057	0.155	0.217	6.81684854560856e-05
ATP2A2	3.46622295456815e-09	-0.674324461006888	0.108	0.159	6.85965522709036e-05
TEX30	3.55904546308909e-09	-0.479435298142008	0.109	0.161	7.0433509714533e-05
MARCH7	3.56571008077751e-09	-0.40082780653575	0.245	0.313	7.0565402498587e-05
CISD2	3.69121615759064e-09	-0.337913557325189	0.293	0.37	7.30491677587188e-05
NCAPG2	3.77577062542142e-09	-1.15750452311533	0.058	0.097	7.47225006770899e-05
USP15	3.80918157734054e-09	-0.299829554270608	0.422	0.512	7.53837034155693e-05
HUWE1	3.84713448171817e-09	-0.524568195226338	0.227	0.296	7.61347913932026e-05
HADHA	3.89355932367724e-09	-0.319760321620723	0.345	0.42	7.70535390155725e-05
EPAS1	4.06809443131357e-09	-0.875368146199862	0.063	0.103	8.05075887956955e-05
SLAMF1	4.148677357667e-09	-0.445188235845793	0.268	0.337	8.210232490823e-05
RELT	4.36450535596918e-09	-0.792829020170668	0.056	0.094	8.637356099463e-05
YWHAB	4.37669452576331e-09	-0.194624200600164	0.81	0.845	8.6614784664856e-05
KIF15	4.5348645740135e-09	-1.33743293007227	0.043	0.077	8.97449699197271e-05
PPIA	4.53871219593731e-09	0.128162635660431	0.95	0.931	8.98211143575994e-05
PHF20L1	4.55859044674069e-09	-0.431202265827112	0.256	0.326	9.02145049409982e-05
KDM2B	4.75502883345613e-09	-0.476209089104164	0.15	0.208	9.41020206140967e-05
TCIM	4.77785995264671e-09	-2.62236145137485	0.002	0.014	9.45538484628784e-05
MCM4	4.7786976278321e-09	-1.21950044040216	0.049	0.085	9.45704260547973e-05
NME1	5.12613335752302e-09	-0.713042776832191	0.082	0.128	0.00010144617914538
DNAJA1	5.18023432326333e-09	0.186079942862188	0.927	0.898	0.000102516837257381
RPL8	5.34491768553797e-09	-0.132234866527988	0.994	0.982	0.000105775920996796
RPL24	5.39508268336895e-09	0.124817238165366	0.981	0.949	0.000106768686303872
ZC3H7A	5.42582630170657e-09	-0.404066820380043	0.205	0.271	0.000107377102510773
NOB1	5.44546618639929e-09	-0.362196573959055	0.141	0.2	0.000107765775828842
HIVEP2	5.5666050837997e-09	-0.548427766925318	0.16	0.218	0.000110163114608396
CBR1	5.83738979412346e-09	-0.756822937059727	0.134	0.187	0.000115521944025703
FAM184A	5.86079727778408e-09	-0.712949101880705	0.085	0.13	0.000115985178127347
MACF1	5.91286222335621e-09	-0.645157552675712	0.332	0.403	0.000117015543400219
ZNFX1	6.0400619003467e-09	-0.325337087167552	0.21	0.279	0.000119532825007861
ADTRP	6.2245928793233e-09	-0.982814217354811	0.036	0.068	0.000123184693081808
MALT1	6.35179921293884e-09	-0.358666097683109	0.279	0.351	0.00012570210642406
CXCL2	6.56141463805915e-09	-2.31737893962011	0.006	0.022	0.000129850395687191
SOCS2	6.98719538403385e-09	-1.03490051812548	0.033	0.063	0.00013827659665003
ODC1	7.12808484359342e-09	0.410028055766681	0.539	0.498	0.000141064799054714
PSMD7	7.69207398120553e-09	-0.259150335455815	0.384	0.47	0.000152226144088057
PLIN2	8.00004258019689e-09	-0.272654099595482	0.431	0.516	0.000158320842662097
TAGAP	8.59950391748856e-09	0.249380354596891	0.615	0.558	0.000170184182527099
BTAF1	8.79661463016898e-09	-0.440377509444329	0.153	0.211	0.000174085003531044
FLT1	9.11854216470311e-09	-1.00617844091165	0.018	0.042	0.000180455949439475
RPL35	9.15696969047858e-09	0.134645636287829	0.972	0.947	0.000181216430174571
SIAH2	9.27845398114326e-09	-0.304343508337937	0.358	0.434	0.000183620604286825
NDFIP2	9.55058648373108e-09	-0.383682458092786	0.208	0.275	0.000189006106513038
BTG3	9.57004076617771e-09	-0.313223126623222	0.359	0.437	0.000189391106762657
CCNT1	9.74229063836851e-09	-0.332367089368014	0.266	0.34	0.000192799931733313
EEF2K	1.0974261486729e-08	-0.759817790065785	0.052	0.088	0.000217180634822367
LTBR	1.12979482621321e-08	-3.05248541314222	0.004	0.016	0.000223586396107594
NANS	1.13128104436106e-08	-0.301757105254979	0.201	0.27	0.000223880518679055
LTC4S	1.1346136109106e-08	1.44597238433286	0.056	0.025	0.000224540033599209
ARID4B	1.16006390737413e-08	-0.285618272273816	0.545	0.628	0.000229576647269339
PTDSS1	1.18597365658281e-08	-0.34335044381196	0.253	0.324	0.000234704186637738
PHF11	1.19867319407327e-08	-0.294988060654259	0.29	0.366	0.000237217425107101
GIMAP5	1.28135304615297e-08	-0.814599010754913	0.068	0.109	0.000253579767833673
RRM2	1.29704573397801e-08	-0.759214312852031	0.059	0.097	0.000256685350754249
C1orf43	1.29953468930343e-08	-0.221706149974806	0.43	0.515	0.00025717791501315
ZC3H18	1.37968767518077e-08	-0.46686741683195	0.187	0.249	0.000273040190918274
KDM1A	1.40542276544855e-08	-0.674118269894985	0.075	0.118	0.000278133165282268
ZBTB38	1.40562809116033e-08	-0.337820479961253	0.321	0.395	0.00027817379924063
ZNF200	1.45600807991348e-08	-0.614881324324915	0.059	0.098	0.000288143999014877
BCL2L11	1.57931760858142e-08	-0.467426469204627	0.135	0.189	0.000312546954738263
IRF2BPL	1.60051367506988e-08	-0.590676805692557	0.075	0.118	0.000316741656296329
LAPTM4A	1.6014459896017e-08	-0.35297713208744	0.36	0.435	0.000316926161342176
ATP13A1	1.6065610575318e-08	-0.564699546883267	0.085	0.13	0.000317938433285544
MAP3K8	1.66229531191867e-08	-0.465964947439426	0.235	0.298	0.000328968242228705
UQCR11	1.77545095247771e-08	0.256477668117991	0.62	0.579	0.000351361743495339
TAF1D	1.81492385891313e-08	-0.273902527889324	0.468	0.544	0.000359173431678908
SLC4A1AP	1.82460094424984e-08	-0.362027866949102	0.148	0.207	0.000361088526867043
RIF1	1.87919604940519e-08	-0.556540731610902	0.195	0.256	0.000371892898177286
TMF1	1.89346280990536e-08	-0.35033586439887	0.343	0.416	0.00037471629008027
PPP1R16B	1.89469091115214e-08	-0.35634298057142	0.289	0.361	0.000374959331317009
NCAPG	1.96040725557879e-08	-0.895499255561556	0.064	0.103	0.000387964595879042
AHSA1	2.02020342434104e-08	-0.323248543643864	0.523	0.574	0.000399798257677092
BAG3	2.11274401381739e-08	-0.348514960352316	0.324	0.395	0.000418112040334461
PAK2	2.16179582243721e-08	-0.287858615577866	0.515	0.591	0.000427819393260324
DCP2	2.19801805976158e-08	-0.354590708351142	0.246	0.314	0.000434987774026816
CAPRIN1	2.22070409984356e-08	-0.397010084886774	0.248	0.315	0.00043947734135904
CYC1	2.24724926657952e-08	-0.37541564198806	0.244	0.312	0.000444730629856087
GTF2B	2.25616497521345e-08	0.323811372137055	0.622	0.596	0.000446495048594742
SLC5A3	2.2633244059795e-08	-0.708356815983177	0.171	0.226	0.000447911899943344
HNRNPL	2.32692838044101e-08	-0.289781547140788	0.45	0.52	0.000460499126489277
PPA1	2.34618170645802e-08	-0.277061863173757	0.365	0.441	0.000464309359708043
HIBCH	2.42381373179141e-08	-0.571516501421289	0.13	0.18	0.00047967273752152
RPLP0	2.44535789986103e-08	-0.160126789233093	0.991	0.978	0.000483936328382498
PNN	2.44666627920097e-08	-0.347801982978374	0.267	0.339	0.000484195256653871
TRAF3	2.52400980395427e-08	-0.44352972680604	0.226	0.29	0.00049950154020255
CCT5	2.56265335627276e-08	-0.374286566207769	0.387	0.456	0.000507149099206379
SHCBP1	2.58604092620693e-08	-1.09606494199288	0.036	0.067	0.000511777499296352
ATRX	2.63022320172747e-08	-0.280907406162776	0.413	0.499	0.000520521171621867
NPDC1	2.64520238818489e-08	-0.550659804110867	0.12	0.169	0.000523485552621789
DNPH1	2.65408042872779e-08	-0.233063867987516	0.353	0.429	0.00052524251684523
BLOC1S6	2.67790349791755e-08	-0.386042121238963	0.163	0.221	0.000529957102237883
IDS	2.75317742315701e-08	0.277935863325072	0.658	0.627	0.000544853812042773
CNOT6L	2.82382442180273e-08	-0.370724337813795	0.387	0.463	0.00055883485307476
TOR1AIP2	2.9225728047682e-08	-0.594538284464462	0.131	0.183	0.000578377158063626
RACGAP1	2.9504008823089e-08	-0.848586661308516	0.081	0.123	0.000583884334608932
CAPG	3.02614364576271e-08	0.473542040121128	0.295	0.238	0.000598873827496441
TUSC3	3.04643382140139e-08	-3.41150754773744	0.002	0.012	0.000602889253255336
ACOT9	3.2072293851479e-08	-0.418382297953647	0.152	0.208	0.000634710695320769
GLCCI1	3.38432699321448e-08	-0.376018822530169	0.217	0.28	0.000669758311957145
ABCC1	3.44728122237818e-08	-0.478414757565517	0.134	0.188	0.000682216953908641
APLP2	3.5659720926626e-08	-0.409709577870599	0.21	0.271	0.000705705877137929
CD37	3.66166274304141e-08	0.164048590852732	0.807	0.782	0.000724643056847896
GABPB1	3.67401402443714e-08	-0.434969358912377	0.177	0.235	0.000727087375436109
ANKLE2	3.78224891446074e-08	-0.450888465702663	0.158	0.214	0.00074850706017178
MED17	3.8284876872038e-08	-0.558252800076487	0.126	0.176	0.000757657713297632
NCAPD2	3.88605371457716e-08	-0.753355375019516	0.089	0.132	0.000769050030114821
RASA3	3.91843945055959e-08	-0.43985217384466	0.156	0.211	0.000775459167265743
SPEN	3.94478069860432e-08	-0.580098530286929	0.161	0.215	0.000780672100253795
DARS	3.9550386395969e-08	-0.279906183384016	0.306	0.379	0.000782702146776226
PPP1R3B	4.03238825254825e-08	-1.18871536222403	0.022	0.046	0.000798009635179299
HNRNPLL	4.1096751836194e-08	-0.265800919601494	0.349	0.426	0.000813304718838279
RBBP7	4.21026438862432e-08	-0.420825098114389	0.22	0.281	0.000833211322508753
ID2	4.24313489528193e-08	0.449099492127411	0.433	0.379	0.000839716395776293
IL1RN	4.33434964362801e-08	-1.60275922097854	0.014	0.034	0.000857767794473984
SMCHD1	4.36490926151115e-08	-0.293972303191255	0.554	0.623	0.000863815542853057
PDCD7	4.3742380770927e-08	-0.301343125407919	0.235	0.303	0.000865661715456646
ADAM10	4.61113193325284e-08	-0.424405668611314	0.228	0.291	0.000912543009590737
RRM1	4.72150498095843e-08	-0.486785443264926	0.183	0.241	0.000934385835731673
FAM124B	4.976933096098e-08	-1.74209392038826	0.009	0.025	0.000984935059717795
RAB33A	5.04408382670712e-08	-0.4581061568303	0.088	0.132	0.000998224189305339
UBL5	5.04761767868983e-08	0.230113994103921	0.652	0.634	0.000998923538612718
IRF4	5.11786413178214e-08	-0.650514077453621	0.148	0.2	0.00101282531167968
FXR1	5.22926666808822e-08	-0.294739093460045	0.333	0.409	0.00103487187361466
SDF4	5.42795981342459e-08	-0.296113042122156	0.417	0.489	0.00107419324707673
LIMS1	5.44971073919994e-08	-0.290853288958151	0.36	0.435	0.00107849775528767
ERGIC3	5.61640172757214e-08	-0.292802162621957	0.326	0.397	0.00111148590188653
ACLY	5.68739507815975e-08	-0.546012378283098	0.121	0.17	0.00112553548596782
BCAT1	5.96221485241316e-08	-1.793570095359	0.017	0.038	0.00117992231929256
ACAA2	6.0639105449365e-08	-0.450237084226561	0.196	0.252	0.00120004789684293
CD8B	6.33540556161208e-08	0.90513054665918	0.168	0.12	0.00125377676064303
EIF4EBP1	6.4992051353835e-08	-0.653762978806119	0.092	0.135	0.00128619269629239
TRIP13	6.60509365791551e-08	-0.945805425478864	0.031	0.058	0.00130714803490148
BRCA1	6.61546618984077e-08	-1.3482157284868	0.039	0.07	0.00130920075896949
PRKX	6.74450592135541e-08	-0.491929274205047	0.206	0.265	0.00133473772183624
NSF	6.90888929271949e-08	-0.478888770242511	0.16	0.215	0.00136726919102919
MAN2B1	7.00953813252055e-08	-0.459441797665094	0.152	0.206	0.00138718759642582
MPHOSPH10	7.42372752205138e-08	-0.35454137511381	0.171	0.229	0.00146915567661397
CLSPN	7.65455475899336e-08	-0.856452619828232	0.063	0.1	0.00151483638680479
HNRNPA3	7.66799533514534e-08	-0.228334827522388	0.559	0.639	0.00151749627682526
DUSP4	7.74587886768743e-08	-0.262441013154716	0.58	0.632	0.00153290942791534
MAP1S	7.96395732334125e-08	-0.603150715717112	0.077	0.118	0.00157606715428923
FANCI	7.98961639466964e-08	-0.988747141511135	0.064	0.101	0.00158114508450512
DBNDD2	8.14210315833239e-08	-0.569704456143189	0.077	0.117	0.00161132221503398
CENPP	8.29348046267369e-08	-1.129638700395	0.033	0.061	0.00164127978356312
ATP5MD	8.33884007665152e-08	0.350763035016014	0.458	0.418	0.00165025645116934
TAGLN2	8.44767997730283e-08	0.175245718848691	0.88	0.864	0.00167179586750823
ZNF410	8.75488515031154e-08	-0.254811359975436	0.206	0.27	0.00173259177124665
NDUFA3	8.95563884539864e-08	0.523644623167286	0.334	0.287	0.00177232092750439
NT5C	9.00947425338237e-08	-0.272865072833289	0.208	0.272	0.00178297495474437
STAT4	9.08364220774693e-08	-0.258223742905066	0.416	0.5	0.00179765279291312
HELB	9.24415474217376e-08	-0.50271535319974	0.143	0.194	0.00182941822347619
RAB10	9.34479138203213e-08	-0.333099757415033	0.307	0.378	0.00184933421450416
CCT7	9.411180907858e-08	-0.250981560503575	0.383	0.466	0.0018624727016651
GADD45A	9.48071110289706e-08	-0.560112572685839	0.328	0.388	0.00187623272726333
SUGT1	9.51439311572849e-08	-0.266828633824808	0.345	0.423	0.00188289839760267
UBB	9.59556906322311e-08	0.145862173995118	0.955	0.93	0.00189896311761185
GOLGA8A	9.67147136184865e-08	-0.696572119981977	0.066	0.103	0.00191398418250985
ODAPH	1.01284475269114e-07	-2.34064717755265	0.002	0.013	0.00200441976557577
TIMELESS	1.02805203077278e-07	-1.12310214756287	0.051	0.084	0.00203451496889934
TOB1	1.03925339339193e-07	0.447202520411303	0.415	0.365	0.00205668246552262
PCBP2	1.06094494219777e-07	-0.259155079858593	0.701	0.75	0.00209961004060939
SERPINB1	1.06358523047501e-07	-0.288378372519333	0.396	0.471	0.00210483517111005
ADAM19	1.08777192131776e-07	-0.686693162160546	0.145	0.194	0.00215270063228785
PPP2R5A	1.11158033440899e-07	-0.332775282396625	0.194	0.256	0.0021998174817954
CH25H	1.17960715037976e-07	-1.92871969623838	0.008	0.024	0.00233444255060154
PSMD4	1.18034034313404e-07	-0.29898461645307	0.297	0.365	0.00233589353906227
CNST	1.22338080346773e-07	-0.29005697290477	0.241	0.308	0.00242107061006263
LY9	1.24895066668137e-07	0.6895454313504	0.174	0.126	0.00247167336936243
PTMS	1.25508109877116e-07	-0.403823488788872	0.198	0.255	0.00248380549446812
CARD16	1.26386489502573e-07	-0.148513226445959	0.398	0.474	0.00250118862725592
PTP4A1	1.27970909284225e-07	-0.279434210740898	0.422	0.499	0.00253254429473481
LRRC41	1.28164329338317e-07	-0.406297696375498	0.123	0.173	0.0025363720776053
NFIL3	1.30165236396772e-07	-1.33571427508628	0.013	0.031	0.00257597002829212
CCDC88B	1.33261170707398e-07	-0.474654527998383	0.086	0.129	0.00263723856829941
DCN	1.37409594580271e-07	2.12909472547321	0.027	0.007	0.00271933587674356
SYNGR2	1.40907081656957e-07	-0.364314618823273	0.436	0.505	0.00278855114599119
UBE2B	1.41920321307003e-07	-0.186834783176381	0.726	0.799	0.00280860315866559
GTSE1	1.48085520967634e-07	-0.904960820573814	0.058	0.093	0.00293061245994947
EMD	1.503256480671e-07	-0.227340828066748	0.53	0.61	0.00297494457524792
C12orf75	1.5177772883902e-07	0.46423036851789	0.307	0.255	0.00300368125372421
MBOAT7	1.51911889107129e-07	-0.467552020894058	0.126	0.175	0.00300633628543009
GRN	1.54156262021371e-07	-0.452991552285479	0.117	0.165	0.00305075242540293
NUDC	1.58740213765343e-07	-0.233149923106836	0.439	0.514	0.00314146883041615
FAM160B1	1.60692396785382e-07	-0.540632808698394	0.145	0.195	0.00318010253238271
OLA1	1.63981633009526e-07	-0.365945971338809	0.248	0.31	0.00324519651725852
GBF1	1.70754766914559e-07	-0.558524042855574	0.135	0.184	0.00337923683723913
ADSL	1.7170866771928e-07	-0.258802461665452	0.226	0.289	0.00339811453416456
ZNF683	1.7892075052215e-07	1.31388614296187	0.076	0.043	0.00354084165283334
ARPC1B	1.79163879884295e-07	-0.2539429694934	0.718	0.757	0.0035456531829102
TNIP3	1.80422750803554e-07	-0.624921026656388	0.094	0.136	0.00357056623840234
SLPI	1.80890873318514e-07	-1.76821174161062	0.007	0.022	0.00357983038297338
TPR	1.8092975837995e-07	-0.271489381804322	0.431	0.503	0.00358059991833922
DTL	1.83997009370573e-07	-1.10191401556321	0.036	0.063	0.00364130081544364
TFRC	1.85155636125302e-07	-0.574357431897182	0.144	0.193	0.00366423003891972
TIMM23	1.85453791066868e-07	-0.353045808879431	0.182	0.24	0.00367013052521333
RPL18A	1.87760922194195e-07	-0.113604075306987	0.995	0.993	0.00371578865022311
TNRC18	1.922023451985e-07	-0.729766198928862	0.043	0.074	0.00380368441147832
RNF149	1.9461703689934e-07	-0.335022275814192	0.537	0.609	0.00385147116023793
PIR	1.96124325775587e-07	-3.36457804775596	0.005	0.017	0.00388130040709887
C19orf48	1.96439580728636e-07	-0.541663280081595	0.09	0.132	0.0038875393026197
CTLA4	1.96671342112613e-07	-0.268513162894389	0.391	0.463	0.00389212586040862
IL1RL1	2.02732757596104e-07	-1.75932602702832	0.006	0.02	0.0040120812728269
MTPN	2.05061074880136e-07	-0.329172243819376	0.287	0.355	0.00405815867187789
PRKCSH	2.05184119857243e-07	-0.376025811224802	0.231	0.292	0.00406059373197484
LNPEP	2.0683514506661e-07	-0.63779192738397	0.269	0.33	0.00409326752086822
IMPDH2	2.08691361658543e-07	-0.363818016159519	0.219	0.278	0.00413000204722256
TCF25	2.08817379975729e-07	-0.236147131033427	0.432	0.51	0.00413249594971968
CCNA2	2.12495198723336e-07	-0.810590026211963	0.061	0.096	0.00420527998273483
FOXO1	2.13857930716724e-07	-0.268613338683165	0.271	0.34	0.00423224844888397
DST	2.15131520511506e-07	-2.26436820861932	0.005	0.017	0.0042574527909227
ABCB7	2.16780461258715e-07	-0.467013550715337	0.102	0.146	0.00429008532830997
GADD45B	2.17874223493661e-07	0.497517974269029	0.431	0.382	0.00431173088293956
YARS	2.23846183165386e-07	-0.436454788325743	0.182	0.236	0.00442991596484299
SMC2	2.25575345397948e-07	-0.677285043641462	0.103	0.146	0.00446413608542539
POM121	2.32037135594865e-07	-0.518772944137137	0.16	0.211	0.00459201491342237
KIF14	2.34500825913001e-07	-1.43598976998416	0.04	0.069	0.00464077134481829
PGM2L1	2.40183501684122e-07	-0.743870784782598	0.134	0.181	0.00475323149832877
ADK	2.44011457009827e-07	-0.253120144710457	0.28	0.349	0.00482898673422447
CYBA	2.52335510978515e-07	0.121847509356407	0.898	0.881	0.00499371976226481
SLK	2.55370632369165e-07	-0.579794769178748	0.08	0.12	0.00505378481458578
HDLBP	2.56885281764809e-07	-0.408264757387009	0.203	0.26	0.00508375972612556
SHMT2	2.59488065696813e-07	-0.304300943819288	0.189	0.248	0.00513526882013992
HLA-F	2.60201116944546e-07	0.327936787893695	0.55	0.524	0.00514938010433256
IFIH1	2.61276094812124e-07	-0.52529486803694	0.104	0.147	0.00517065391633194
MGA	2.65971278792498e-07	-0.558357220400395	0.097	0.139	0.00526357160730353
SNRNP70	2.67240443581298e-07	-0.277435498572171	0.308	0.379	0.0052886883784739
CKAP5	2.70117262025824e-07	-0.70745521994068	0.131	0.178	0.00534562061549105
DTX1	2.73477961526059e-07	-2.11720822388414	0.002	0.012	0.00541212885860072
ARHGAP15	2.74521611910013e-07	0.326448659558031	0.49	0.445	0.00543278269969915
PPP4R3A	2.75165042414799e-07	-0.318579262413636	0.343	0.41	0.00544551618938888
SEC23B	2.79408667580428e-07	-0.364188982013987	0.176	0.232	0.00552949753141667
EIF3H	2.81959174734737e-07	-0.19157840497025	0.596	0.669	0.00557997206800044
PRDX4	2.84053222557026e-07	-0.535328099123957	0.109	0.154	0.00562141327440355
PPP1R12A	2.9893093967712e-07	-0.281983154685051	0.437	0.509	0.0059158432962102
CPPED1	2.99015459153089e-07	-0.694182595625408	0.046	0.076	0.00591751593663963
POSTN	3.02828186389017e-07	2.65028537999661	0.018	0.002	0.00599296980863864
MAP1LC3A	3.04116511275906e-07	-0.359249618104699	0.189	0.247	0.00601846575815017
ANKRD28	3.0643439700211e-07	0.735286769275189	0.172	0.127	0.00606433671667175
ARID5B	3.10260630643602e-07	-0.232038959875192	0.556	0.625	0.00614005788043689
DLGAP5	3.11031716602964e-07	-1.22306219525502	0.047	0.077	0.00615531767157265
JAGN1	3.1374350274753e-07	-0.295288180958255	0.135	0.186	0.00620898391937362
FANK1	3.13753270903698e-07	-0.53669370319372	0.078	0.117	0.00620917723118418
ZEB2	3.21888175351582e-07	-0.827412699251343	0.15	0.197	0.00637016699020781
PNPLA8	3.23242762881807e-07	-0.327378316705257	0.257	0.32	0.00639697427743096
TNIP1	3.2600469563372e-07	-0.236640717671447	0.365	0.446	0.00645163292659131
S100A8	3.26083429284243e-07	-2.02099379930725	0.005	0.018	0.00645319106553517
XPO1	3.29134264773264e-07	-0.619648982886586	0.148	0.197	0.00651356709986289
MTMR6	3.35933864388579e-07	-0.449565067613662	0.188	0.242	0.00664813117624998
RNF213	3.4521905186688e-07	-0.367784828477669	0.551	0.628	0.00683188503644555
CNP	3.46743890925355e-07	-0.504384343732783	0.098	0.14	0.00686206160141278
IQCN	3.49005192994814e-07	1.72253089113133	0.029	0.009	0.00690681276936737
MORC3	3.50012004388203e-07	-0.429043977356639	0.223	0.28	0.00692673756684253
NOLC1	3.59306230365672e-07	-0.302255265454032	0.235	0.296	0.00711067029893666
RGS16	3.6264604676557e-07	0.394251925508445	0.201	0.15	0.00717676526549062
POLR2L	3.65263488183113e-07	0.294955071533499	0.538	0.517	0.00722856443114381
MIF	3.73208845513907e-07	-0.237673239832059	0.834	0.856	0.00738580305272022
TBRG4	3.78446813402107e-07	-0.372618152490204	0.082	0.122	0.00748946243722771
MCM7	3.80328037038231e-07	-0.678694066089553	0.103	0.145	0.00752669185298659
ETS1	3.90562605594522e-07	-0.230031068983636	0.615	0.681	0.00772923396471559
VIM	3.94283293073836e-07	0.106311639914158	0.966	0.948	0.00780286636993121
GON4L	3.98774912868367e-07	-0.327402032447352	0.209	0.269	0.00789175552566498
HLA-E	3.99444056793174e-07	0.102914616229737	0.976	0.974	0.0079049978839369
SUPT6H	4.03913816378135e-07	-0.342689091722087	0.227	0.287	0.00799345442612329
CCT4	4.09138550649224e-07	-0.18216959194144	0.571	0.654	0.00809685191734815
CCDC117	4.12580458473845e-07	-0.388261038859646	0.157	0.209	0.00816496727319738
MRPS7	4.21310352313547e-07	-0.241784104223543	0.252	0.317	0.0083377318722851
ICAM1	4.24652620561835e-07	-0.669659123868806	0.106	0.148	0.00840387536091872
CDCA2	4.25048292725885e-07	-1.09910511301391	0.053	0.085	0.00841170571304527
STARD7	4.2921838445318e-07	-0.369347918772615	0.284	0.344	0.00849423182832844
CCNG2	4.29666710066093e-07	-0.397525902620033	0.146	0.195	0.00850310419220797
CD83	4.33333476600603e-07	-0.431961479940746	0.263	0.323	0.00857566950192594
H1F0	4.43584877213207e-07	-1.61627685898052	0.011	0.027	0.00877854472004936
UHRF1BP1L	4.44828378242456e-07	-0.593575369654513	0.099	0.141	0.0088031536054182
TMEM30A	4.54354711748097e-07	-0.625924953184518	0.139	0.186	0.00899167974549484
RTKN2	4.61814079577152e-07	-0.367586738822612	0.116	0.162	0.00913930063483184
SH2D3A	4.70288304037912e-07	-0.521729855699274	0.055	0.088	0.00930700553691028
CCND1	5.01146508137133e-07	-1.28354601520541	0.033	0.059	0.00991768939603387
HMGB3	5.02189262092262e-07	-0.994150128383168	0.062	0.095	0.00993832549680586
PACS1	5.04532359937577e-07	-0.254227939017358	0.171	0.228	0.00998469540316465
SRSF7	5.04611819669998e-07	-0.193701449692878	0.86	0.872	0.00998626791126925
GPR18	5.1711753358294e-07	-0.764693582429393	0.049	0.08	0.0102337559896064
DEDD2	5.21815167195919e-07	-0.342675791378016	0.353	0.407	0.0103267221588072
YES1	5.33590167899815e-07	-0.833199483780379	0.046	0.075	0.0105597494227373
BACE2	5.44273329451966e-07	-2.52883148169487	0.005	0.016	0.0107711691898544
RHOH	5.50897127249657e-07	-0.170962618470082	0.57	0.648	0.0109022541482707
RRN3	5.55663314306053e-07	-0.407675427122577	0.148	0.198	0.0109965769901168
QARS	5.57948139103518e-07	-0.415857146108207	0.133	0.18	0.0110417936728586
TAF15	5.66390832725852e-07	-0.383479774235852	0.336	0.397	0.0112088745796446
TMEM140	5.7476420805839e-07	-0.365485794778911	0.124	0.171	0.0113745836774755
FUT7	5.75374102490877e-07	-1.26082149851493	0.014	0.032	0.0113866534882945
DDX39A	5.75861568835173e-07	-0.303253454590755	0.31	0.371	0.0113963004472481
IFI6	5.7598215989447e-07	-0.431507304218733	0.272	0.329	0.0113986869443116
PHF3	5.7808136851433e-07	-0.303366183821163	0.312	0.379	0.0114402302828986
FXYD2	5.78292041242593e-07	1.47204193759442	0.07	0.039	0.0114443994961909
SNX5	5.83365207821705e-07	-0.320306485611402	0.298	0.36	0.0115447974627915
CLDN4	5.85635779610816e-07	-2.70754826245431	0.003	0.013	0.011589732078498
HSPA9	5.85895389369223e-07	-0.234164381294724	0.526	0.596	0.0115948697556169
BUB3	5.88688402213091e-07	-0.237335073421658	0.485	0.555	0.0116501434797971
GLIPR2	5.99089118768221e-07	0.513760733281484	0.245	0.197	0.0118559736604231
PDCD2L	6.03049211028024e-07	-0.711768978648097	0.025	0.048	0.0119343438862446
SPAG9	6.06213308528461e-07	-0.32067134935005	0.225	0.285	0.0119969613757782
ACCS	6.06891189465173e-07	-1.26478533104136	0.016	0.035	0.0120103766395158
MCM10	6.1271592506386e-07	-1.17668421180002	0.026	0.049	0.0121256481570138
COA4	6.1288903519105e-07	-0.38177767164032	0.16	0.212	0.0121290740064309
HEATR1	6.14477690305732e-07	-0.583639024395251	0.079	0.118	0.0121605134911504
XCL1	6.14719686483306e-07	1.13779365287602	0.077	0.044	0.0121653025955046
ZNF675	6.33528396918804e-07	-0.374345079292551	0.071	0.108	0.0125375269750231
ITGAM	6.34730847161566e-07	-1.65192572060229	0.007	0.021	0.0125613234653274
ACAP1	6.45721242567211e-07	0.293999280678186	0.574	0.554	0.0127788233904051
EPHB1	6.69651201986541e-07	-3.46119983076215	0.002	0.01	0.0132523972873136
EED	6.81771083603978e-07	-0.380770814633025	0.196	0.25	0.0134922497445227
NUDT4	6.83352395822961e-07	-0.24277198607231	0.263	0.327	0.0135235439133364
PTP4A3	6.94039628153114e-07	-0.553947660813995	0.081	0.119	0.0137350442411501
LDLR	7.11760743853905e-07	-0.71397146720459	0.126	0.169	0.0140857451208688
CD151	7.13815802075445e-07	-0.425064058205598	0.123	0.169	0.0141264147230731
PAICS	7.14007494206027e-07	-0.526841507661612	0.07	0.106	0.0141302083103373
LYST	7.15377070974238e-07	-0.556528692083738	0.244	0.298	0.0141573122345802
ALAS1	7.17247397760035e-07	-0.431888523555977	0.105	0.148	0.0141943260016711
OXA1L	7.24644640995338e-07	-0.238356567382704	0.288	0.355	0.0143407174452977
DOK2	7.31088153069368e-07	-0.223656888359712	0.461	0.529	0.0144682345492428
MRPL37	7.33544796009241e-07	-0.336199759317833	0.176	0.23	0.0145168515130229
ITGAE	7.35378531252062e-07	-0.440430460838501	0.252	0.312	0.0145531411334783
EI24	7.40008000473081e-07	-0.410324529596535	0.125	0.172	0.0146447583293623
PLK4	7.54415337258249e-07	-1.28794532612177	0.027	0.05	0.0149298795243407
CLNS1A	7.56950466176199e-07	-0.303004794826623	0.266	0.329	0.014980049725627
GSDMD	7.74091656904565e-07	-0.26153245362267	0.229	0.29	0.0153192738901413
NDC80	7.78270028802976e-07	-0.849429402062728	0.077	0.114	0.0154019638700109
SMARCC1	7.89533196774773e-07	-0.278804080459504	0.258	0.324	0.0156248619641728
RAB9A	8.02956659713391e-07	-0.248997767712996	0.245	0.306	0.015890512295728
CPNE3	8.21868917557109e-07	-0.317564826847775	0.182	0.236	0.0162647858784552
BEX3	8.31655049708406e-07	-0.532764710974868	0.1	0.14	0.0164584534337294
ILF2	8.36604584117765e-07	-0.195223238021486	0.438	0.513	0.0165564047196906
CRTC3	8.37031473424163e-07	-0.348590448192829	0.143	0.191	0.0165648528590642
HACD1	8.42815845968052e-07	-0.561733881078132	0.063	0.097	0.0166793255917078
KIF4A	8.47922182563433e-07	-1.29222319632057	0.039	0.066	0.0167803799929303
PPP6R3	8.48436756249372e-07	-0.313650672441429	0.183	0.239	0.0167905634061751
RAPGEF1	8.6082898961084e-07	-0.502978740977484	0.083	0.121	0.0170358057043985
BANF1	8.62513667040785e-07	-0.233751916964499	0.383	0.451	0.0170691454707371
VPS26A	8.63756909754029e-07	-0.325999789045676	0.186	0.24	0.0170937492440322
CASP1	8.64319898107944e-07	-0.241952809040294	0.284	0.346	0.0171048907835562
HSH2D	8.64677320212646e-07	-0.533028656234543	0.067	0.102	0.0171119641670083
RAB6A	8.6804786602467e-07	-0.260215158178229	0.253	0.317	0.0171786672686282
GOSR1	8.75507542088245e-07	-0.290034286617066	0.178	0.233	0.0173262942579264
TRPM7	8.81899983765921e-07	-0.543061612354698	0.155	0.204	0.0174528006787276
CDCA5	8.90703247127549e-07	-0.793103248650398	0.054	0.085	0.0176270172606542
CTNNA1	8.97397621815423e-07	-0.445406875265172	0.144	0.191	0.0177594989357272
SMNDC1	9.09851725420357e-07	-0.286901452045765	0.236	0.298	0.0180059656460689
GTF3C1	9.23015082523879e-07	-0.552435025733291	0.108	0.15	0.0182664684831476
CTSB	9.27983824269656e-07	-0.375646843318377	0.369	0.429	0.0183647998822965
HLA-DPB1	9.28125326685731e-07	0.229102933091341	0.455	0.409	0.0183676002151106
PDXK	9.47760999339741e-07	-0.340325725160877	0.193	0.247	0.0187561901769335
DESI1	9.50028634714537e-07	-0.340745465703446	0.173	0.226	0.0188010666810007
HLA-DRB5	9.53134810776998e-07	-0.430735946271572	0.174	0.224	0.0188625379052768
NOL8	9.67346475510522e-07	-0.31211087238338	0.134	0.181	0.0191437867503532
B3GNT2	9.70216954249776e-07	-0.383246240988633	0.214	0.27	0.0192005935246031
FABP4	9.79468286358464e-07	6.60899734760706	0.011	0	0.019383677387034
TBL1X	9.81985937833945e-07	-0.664490485315208	0.044	0.074	0.0194335017097338
DNAJB6	9.84710595391251e-07	-0.23672600064529	0.702	0.742	0.0194874226827928
SNRNP27	1.01389865798103e-06	-0.299226767803737	0.141	0.19	0.0200650544414446
MCM3	1.01623164216167e-06	-0.496143671027228	0.13	0.175	0.0201112241983795
CDKL2	1.02963248175006e-06	-1.137534567718	0.02	0.041	0.0203764268138338
LRRC59	1.0564914738024e-06	-0.305088812762115	0.244	0.305	0.0209079662665496
CCDC47	1.06644481635593e-06	-0.444240841842135	0.237	0.295	0.0211049429156839
EML2	1.077769310599e-06	-0.316864266986242	0.169	0.222	0.0213290546567543
PIGX	1.09302413802013e-06	-0.385751454732891	0.099	0.141	0.0216309476914184
SYNE2	1.10544209836493e-06	-0.563191382117333	0.483	0.553	0.021876699126642
PPP1R13L	1.14891012396867e-06	-1.33134336270034	0.011	0.027	0.02273693135334
RPS19	1.16475627031045e-06	0.116698498279955	0.998	0.997	0.0230505265894439
SORBS3	1.17211709383146e-06	0.963580388987092	0.087	0.054	0.0231961972869246
STK4	1.19738246568175e-06	0.237939909548433	0.674	0.651	0.0236961989958419
CYP7B1	1.20979030384246e-06	-0.934052880552299	0.018	0.038	0.0239417501130423
STAT5B	1.21319201614651e-06	-0.416545909867901	0.174	0.224	0.0240090699995393
THEMIS	1.24291705569483e-06	0.4322452531311	0.239	0.19	0.0245973285322007
MX1	1.25979009506498e-06	-0.582355397553541	0.201	0.25	0.0249312459813359
HLA-DQA2	1.26487268915149e-06	-1.81494671638271	0.012	0.029	0.025031830518308
CEBPG	1.28572311196429e-06	-0.275572145393681	0.179	0.232	0.0254444603857732
CHTOP	1.31562592456283e-06	-0.300153763989369	0.206	0.264	0.0260362370470984
F5	1.34372113154014e-06	-0.50977900223896	0.112	0.155	0.0265922411931794
MSH6	1.35738214926447e-06	-0.706921861209724	0.066	0.1	0.0268625927339438
RNF219	1.37172578377416e-06	-0.489952239199226	0.066	0.1	0.0271464532608905
ACSL1	1.37673689075415e-06	-0.724935703638943	0.073	0.108	0.0272456230680246
IL3RA	1.38276934927633e-06	-2.03681122322135	0.003	0.013	0.0273650054221785
KHSRP	1.38723101623183e-06	-0.504717755371578	0.062	0.095	0.027453301811228
MSL2	1.39395605018518e-06	-0.400872319889419	0.143	0.191	0.0275863902331647
CMAS	1.39480785098669e-06	-0.520479536788841	0.104	0.146	0.0276032473710265
UQCRC1	1.39657759269779e-06	-0.219105982358036	0.286	0.352	0.0276382705594893
KCNN4	1.40022948696845e-06	-0.639291215701492	0.089	0.127	0.0277105415471056
SERINC3	1.40706469771513e-06	-0.305287596417703	0.352	0.42	0.0278458103677825
PLK3	1.43530241138399e-06	0.32037217939104	0.503	0.465	0.0284046347212892
CFL1	1.43783934593324e-06	0.114267215581021	0.958	0.935	0.0284548406560188
LRRFIP2	1.44022966351601e-06	-0.325780773689878	0.211	0.269	0.0285021450409819
TGIF2	1.45349949053347e-06	-0.293433526503036	0.191	0.247	0.0287647549176574
AFF3	1.4595527400786e-06	-0.889156082394702	0.003	0.013	0.0288845487261554
BABAM2	1.46678007460162e-06	-0.328338020024142	0.193	0.247	0.0290275776763661
MARS	1.46976111164744e-06	-0.425305110282966	0.168	0.217	0.0290865723995027
TMEM184C	1.49431290459436e-06	-0.598061450556533	0.072	0.107	0.0295724523819223
LMAN1	1.52832895553008e-06	-0.310885404988191	0.313	0.377	0.0302456300299403
SMG7	1.53953888447193e-06	-0.420128495469187	0.113	0.156	0.0304674745236995
PPIG	1.5449943971828e-06	-0.195918628092654	0.441	0.521	0.0305754391202476
IL6ST	1.61003564332229e-06	-0.200324155884744	0.359	0.426	0.0318626053813481
PRC1	1.64076974679751e-06	-0.957309100499586	0.063	0.096	0.0324708332891228
MLF2	1.64230676438587e-06	-0.273508101995844	0.329	0.398	0.0325012508671964
MYO1G	1.65041182733547e-06	-0.308218503858217	0.268	0.327	0.032661650062969
TOP3A	1.6584619190753e-06	-0.821006063747983	0.046	0.074	0.0328209613785001
CACYBP	1.66602516087146e-06	-0.213874418484914	0.724	0.763	0.0329706379336462
CNIH1	1.66849752282558e-06	-0.157570586948974	0.377	0.452	0.0330195659767183
TACSTD2	1.672735371974e-06	-2.43630498016217	0.004	0.015	0.0331034330113655
HAUS3	1.67615974293129e-06	-0.332869824669992	0.174	0.225	0.0331712013126102
ARCN1	1.68195237335478e-06	-0.365998559890585	0.189	0.241	0.0332858374686911
ELOVL4	1.6897320385665e-06	-1.45746475884588	0.013	0.029	0.0334397970432311
BHLHE40	1.69449453243406e-06	-0.391317960480644	0.323	0.382	0.03353404679687
BRD8	1.7124377576517e-06	-0.61574746216697	0.087	0.124	0.0338891432239272
YIPF3	1.71688844154332e-06	-0.301864316502433	0.257	0.317	0.0339772222581422
NCOA5	1.72271889135193e-06	-0.953796552021567	0.12	0.161	0.0340926068598547
UBALD2	1.73096659116184e-06	-0.26825600441891	0.218	0.276	0.0342558288390929
ZWINT	1.74295719947796e-06	-0.582517684395454	0.069	0.103	0.0344931229776688
SLC35B1	1.74730161491744e-06	-0.39573192018844	0.125	0.17	0.0345790989592161
GOLGB1	1.76819430571917e-06	-0.373495144051298	0.319	0.382	0.0349925653101824
ACTN1	1.76947335883276e-06	-0.622428848782605	0.039	0.066	0.0350178777713003
YWHAE	1.79381683605838e-06	-0.274830645678794	0.385	0.452	0.0354996351855953
RAD51AP1	1.82837628457044e-06	-1.01574355031474	0.047	0.075	0.036183566671649
YTHDF2	1.84758823285682e-06	-0.22417602945333	0.323	0.39	0.0365637711282364
ACTL6A	1.8494770183211e-06	-0.621790419346277	0.114	0.155	0.0366011501925745
NCDN	1.85490449820494e-06	-0.453913259471978	0.064	0.097	0.0367085600194758
IER2	1.8575501281615e-06	0.262695803579709	0.613	0.575	0.0367609170363161
FCMR	1.88382685498986e-06	-0.160476320129178	0.368	0.444	0.0372809334602493
TP53INP1	1.92729068753703e-06	-0.463628837225684	0.074	0.109	0.0381410827063578
ZC3H13	1.93448548134748e-06	-0.325224381126443	0.226	0.285	0.0382834676758666
MTF2	1.97983954450906e-06	-0.254124019606579	0.183	0.237	0.0391810245858344
PARVB	1.98698904172339e-06	-0.663030753383882	0.098	0.136	0.0393225131357059
PLS3	2.02036638544118e-06	-1.83508175871885	0.006	0.018	0.039983050767881
UBE4A	2.03050987640414e-06	-0.365908393193403	0.157	0.206	0.0401837904540378
TC2N	2.06361479346034e-06	0.470810312223745	0.302	0.258	0.0408389367625801
VPS13C	2.06878376229577e-06	-0.39744349174059	0.257	0.317	0.0409412306558333
TRIB2	2.08308551368636e-06	-0.525672892931538	0.115	0.156	0.0412242623158531
HILPDA	2.09737761183553e-06	-0.943953982509119	0.021	0.042	0.0415071029382251
SFXN1	2.26799830808339e-06	-0.376281095541169	0.207	0.259	0.0448836865169703
CDT1	2.31130182503791e-06	-0.683956585883063	0.059	0.089	0.0457406631175001
PDE12	2.32825214118902e-06	-0.581883227577835	0.077	0.113	0.0460761098741308
DUSP11	2.35076889820352e-06	-0.238725263290396	0.243	0.305	0.0465217164954476
EIF3J	2.36396624442334e-06	-0.279494450856491	0.252	0.31	0.0467828919771379
NCAPH	2.44929709342042e-06	-0.554525497414507	0.088	0.125	0.0484715894787901
NIT1	2.45971341354556e-06	-0.410696268449758	0.083	0.12	0.0486777284540667
NAPRT	2.4810334793647e-06	-0.360865181981068	0.075	0.111	0.0490996525566274
NOC2L	2.50921412897054e-06	-0.269097645094562	0.152	0.202	0.0496573476123269
