p_val	avg_log2FC	pct.1	pct.2	p_val_adj	cluster	gene
0	1.70610312994357	0.898	0.339	0	c15	GZMK
0	1.74266741344631	0.95	0.418	0	c15	NKG7
0	2.03036393618932	0.692	0.216	0	c15	GZMH
0	1.35713790012634	0.923	0.45	0	c15	GZMA
0	1.21366619711127	0.831	0.369	0	c15	CCL4
0	1.29723652073174	0.805	0.375	0	c15	CD8A
0	1.27782062638047	0.989	0.579	0	c15	CCL5
0	1.5847217144384	0.981	0.614	0	c15	CST7
0	1.34904883051732	0.622	0.273	0	c15	CD8B
0	1.12685175805116	0.836	0.489	0	c15	HLA-DRB1
0	1.69866663137664	0.576	0.238	0	c15	ITM2C
0	1.2159200564363	0.808	0.48	0	c15	HLA-DPB1
0	1.47447434949468	0.567	0.239	0	c15	CCL4L2
0	1.14695920338592	0.8	0.481	0	c15	HLA-DPA1
0	1.36535210394331	0.617	0.302	0	c15	HLA-DRA
0	1.24849042010448	0.67	0.371	0	c15	APOBEC3G
0	1.30221526160879	0.43	0.18	0	c15	GZMB
0	1.13982655068627	0.738	0.498	0	c15	LITAF
0	2.32132162974659	0.3	0.064	0	c15	ENC1
0	0.996978207477786	0.824	0.589	0	c15	TUBA4A
0	1.59496095275029	0.333	0.111	0	c15	CRTAM
0	0.951340475604461	0.875	0.663	0	c15	COTL1
0	0.753338895936526	0.942	0.732	0	c15	DUSP2
0	1.36187521465573	0.315	0.117	0	c15	AOAH
0	1.66976511529218	0.254	0.084	0	c15	PLEK
0	1.07121691405404	0.986	0.875	0	c15	CD74
0	0.387768086955632	1	0.989	0	c15	RPS15A
5.31328572064796e-295	0.761852065081179	0.813	0.621	1.05149924411623e-290	c15	RARRES3
2.76282310459964e-286	1.12231017211788	0.475	0.237	5.46762692400268e-282	c15	HLA-DQA1
4.65862614410467e-283	0.988792445454324	0.645	0.422	9.21942113918314e-279	c15	GZMM
4.09782570149086e-281	1.5387894934441	0.246	0.084	8.10959706325042e-277	c15	CCL3L1
1.99292703882349e-265	1.0249914255703	0.477	0.245	3.94400260983169e-261	c15	CTSW
3.17120712896625e-258	1.33158516153374	0.427	0.223	6.27581890822421e-254	c15	CMC1
9.34179610889712e-245	0.924556185315172	0.632	0.409	1.84874144995074e-240	c15	CLEC2B
6.1442886180469e-240	0.296554032450635	1	0.992	1.21595471751148e-235	c15	RPL28
1.84687816976726e-226	1.16876123087217	0.414	0.216	3.6549718979694e-222	c15	HLA-DQB1
4.93398910935439e-224	0.477804412783752	0.955	0.887	9.76436444741233e-220	c15	PTPRCAP
1.61753246946318e-217	0.42414826688742	0.97	0.85	3.20109675706763e-213	c15	CXCR4
5.47459226476059e-210	0.57216929935015	0.833	0.679	1.08342180919612e-205	c15	HCST
1.82366502187991e-205	0.8996846554747	0.412	0.213	3.60903307830034e-201	c15	LAG3
7.95207963194681e-201	1.203110117602	0.29	0.129	1.57371655916227e-196	c15	KLRG1
1.79823047752463e-200	0.342319808068072	0.988	0.964	3.55869811502125e-196	c15	RPL23A
2.83198436050221e-197	1.1972493143606	0.39	0.212	5.60449704943387e-193	c15	SLA2
3.20849628446992e-196	0.588827335925958	0.834	0.69	6.34961414696596e-192	c15	PSMB9
3.20073472304886e-193	1.15884818122095	0.373	0.199	6.33425401691369e-189	c15	ABI3
1.76636898793837e-190	1.74725324587084	0.144	0.045	3.49564422713003e-186	c15	DKK3
2.43398707183606e-190	0.407061586558361	0.983	0.93	4.81686041516356e-186	c15	SH3BGRL3
3.95325857632092e-185	0.92899066555328	0.439	0.247	7.82349872253909e-181	c15	HLA-DRB5
8.56782973197712e-181	2.44776712813689	0.062	0.011	1.69557350395827e-176	c15	FGFBP2
7.96721713423087e-179	1.22706781807302	0.235	0.098	1.57671227086429e-174	c15	EOMES
1.03630589068344e-171	1.11282719954094	0.319	0.161	2.05084935766252e-167	c15	SAMD3
1.56109095150814e-170	0.819399768914082	0.456	0.269	3.08939899303461e-166	c15	PRF1
6.01363038188852e-168	0.833549818843686	0.446	0.261	1.19009745257574e-163	c15	FABP5
5.74843721325937e-164	0.51909003517566	0.839	0.733	1.13761572450403e-159	c15	PSME1
1.45557171507184e-163	1.28455760012958	0.184	0.071	2.88057642412716e-159	c15	SLAMF7
1.52085215331106e-160	0.389218076329962	0.725	0.495	3.00976641140259e-156	c15	DUSP4
5.74978321316325e-154	1.41114700003442	0.12	0.037	1.13788209788501e-149	c15	VCAM1
6.2766151358552e-154	1.03930069750814	0.345	0.19	1.24214213538574e-149	c15	HLA-DMA
4.41737993996778e-153	1.16632907268793	0.228	0.101	8.74199490119624e-149	c15	F2R
6.47742200418231e-153	0.877374155901244	0.461	0.293	1.28188181462768e-148	c15	SH2D1A
6.86144431019317e-152	1.07044334572016	0.27	0.129	1.35787982898723e-147	c15	MATK
2.52151020650043e-151	0.90444210671497	0.465	0.303	4.99006869866435e-147	c15	JMJD6
8.93253578000751e-148	0.578657586170939	0.826	0.729	1.76774883086349e-143	c15	LDHA
1.98226068331405e-147	0.810675241905971	0.567	0.41	3.92289389227851e-143	c15	PIK3R1
6.11099037346955e-147	0.967046261685393	0.414	0.255	1.20936499490962e-142	c15	C12orf75
5.20250964074191e-141	0.855978492498188	0.48	0.326	1.02957665790282e-136	c15	NFATC2
1.89496529246453e-140	0.391347061228006	0.922	0.852	3.7501363137873e-136	c15	CORO1A
3.78853262147486e-140	1.14814328320425	0.275	0.141	7.49750605789875e-136	c15	PLA2G16
7.25018701225917e-138	1.41283747659389	0.251	0.126	1.43481200972609e-133	c15	PPP1R14B
5.07493804750964e-137	1.90812942256943	0.083	0.022	1.00433023960216e-132	c15	PDLIM1
1.56633584430636e-134	0.233632423395128	0.993	0.96	3.0997786358823e-130	c15	PFN1
4.16933271213952e-133	1.61795273801142	0.114	0.038	8.25110943732411e-129	c15	C1orf21
2.49101278603843e-131	0.560247950135846	0.772	0.672	4.92971430357005e-127	c15	PSMA7
1.45390259651256e-130	0.190601008872773	0.999	0.995	2.87727323849835e-126	c15	HLA-A
1.95119634280167e-129	0.276767104719106	0.997	0.99	3.8614175624045e-125	c15	HLA-C
4.3496024443194e-127	1.20849224792935	0.204	0.093	8.60786323730808e-123	c15	PPP2R2B
6.43861835698806e-125	0.529939143973765	0.57	0.407	1.27420257284794e-120	c15	GSTP1
6.73892975154952e-125	1.00144316696925	0.264	0.136	1.33363419783165e-120	c15	AUTS2
1.01696826156173e-124	0.37546740525995	0.924	0.868	2.01258018963066e-120	c15	CYBA
1.31418494715386e-124	1.80788944289209	0.107	0.036	2.60077201041748e-120	c15	CHI3L2
1.55095023386058e-122	0.488880529143504	0.759	0.639	3.06933051281008e-118	c15	LCP1
1.50669236872803e-120	1.11724161397266	0.201	0.093	2.98174419771277e-116	c15	TNFSF9
1.87665170480178e-119	0.238300008379391	0.998	0.981	3.71389372380272e-115	c15	RPL7A
2.29273318617481e-118	1.73639426573811	0.089	0.027	4.53731897543995e-114	c15	NXPH4
1.26370038071602e-117	0.966292184440888	0.341	0.206	2.50086305343701e-113	c15	GYG1
8.03799019349938e-116	1.01590536287066	0.236	0.119	1.59071825929353e-111	c15	YBX3
4.52490849196822e-115	0.789405189447649	0.444	0.301	8.95479390560511e-111	c15	RUNX3
1.93259556697512e-114	0.359871327726611	0.919	0.853	3.82460662704376e-110	c15	ATP5F1E
5.0356449619289e-114	0.322405055133408	0.953	0.896	9.9655413796573e-110	c15	OAZ1
2.09044667259939e-112	1.16281795775382	0.177	0.08	4.1369939650742e-108	c15	FASLG
2.11020101063101e-110	0.569138816624169	0.665	0.539	4.17608780003876e-106	c15	CNN2
1.81613829223609e-109	0.518538620829108	0.411	0.261	3.59413768033522e-105	c15	OASL
1.31150964721108e-108	0.837735984610766	0.399	0.264	2.59547759183072e-104	c15	IDH2
8.14497163291673e-108	0.224494246820888	0.999	0.991	1.61188988615422e-103	c15	TMSB4X
7.16352311385991e-107	0.406695559344676	0.82	0.72	1.41766122423288e-102	c15	CD99
2.00382984838045e-97	0.76000280550224	0.3	0.176	3.96557926994491e-93	c15	ZEB2
6.6070887396406e-97	0.781188037720228	0.393	0.267	1.30754286157487e-92	c15	NAA50
1.19853148205021e-96	0.207725809936933	0.998	0.982	2.37189380297737e-92	c15	RPS7
1.28312139950837e-96	0.201092295269053	0.996	0.98	2.53929724962707e-92	c15	RPS24
1.42782432651031e-96	0.201473001413663	0.998	0.978	2.8256643421639e-92	c15	FAU
1.53542341911514e-96	0.754935925448817	0.465	0.344	3.03860294642886e-92	c15	SELPLG
5.53691363794196e-96	0.416097251119199	0.805	0.713	1.09575520894871e-91	c15	SUB1
1.0460885621869e-95	0.93242043627153	0.328	0.21	2.07020926456787e-91	c15	GLIPR2
1.43906850995265e-94	1.48436269773171	0.121	0.05	2.84791658119629e-90	c15	SMARCD3
2.21902334715442e-93	1.174109266625	0.175	0.085	4.39144720401861e-89	c15	CCR5
7.61669421324106e-93	1.01416172977084	0.284	0.173	1.50734378480041e-88	c15	MT1F
1.19407423023316e-92	1.52853346621679	0.081	0.027	2.36307290163143e-88	c15	PLCG2
1.23869254409076e-91	1.47422084920869	0.124	0.052	2.4513725447556e-87	c15	IL9R
1.68498140563508e-91	0.969579936348119	0.26	0.151	3.33457820175183e-87	c15	GGA2
9.32920698741573e-91	1.02916929518908	0.155	0.071	1.84625006280957e-86	c15	PECAM1
5.5305443221103e-90	0.480608964139954	0.697	0.607	1.09449472134563e-85	c15	GUK1
8.53536415660261e-89	0.366512466979473	0.838	0.758	1.68914856659166e-84	c15	MYL12B
1.85036449462147e-88	2.00643443193009	0.049	0.012	3.66187133485589e-84	c15	FGR
1.30777770552407e-87	0.761757262649519	0.401	0.277	2.58809207923214e-83	c15	TRAT1
1.52319455960186e-87	0.468150662573033	0.723	0.611	3.01440203345208e-83	c15	IRF1
6.25349886807636e-87	0.991505656074204	0.158	0.075	1.23756742599231e-82	c15	XCL2
1.50344755451704e-85	0.619952232482818	0.517	0.396	2.97532271038923e-81	c15	ANXA5
2.60030923771605e-85	1.30963265471233	0.135	0.061	5.14601198144006e-81	c15	HLA-DMB
1.45762651680917e-84	0.56226557758325	0.602	0.502	2.88464287676535e-80	c15	TERF2IP
5.16739382262071e-84	0.502928879351487	0.628	0.528	1.02262723749664e-79	c15	ITGB2
9.17692613886703e-84	1.04569798475519	0.145	0.067	1.81611368288178e-79	c15	DTHD1
1.40495692211997e-83	0.253074068513388	0.963	0.923	2.78040974887542e-79	c15	CFL1
2.51443325770231e-82	1.20542204196005	0.156	0.076	4.97606341699288e-78	c15	TNIP3
3.70794883693983e-81	0.453543955771406	0.669	0.558	7.33803074830392e-77	c15	PSME2
5.73458032191633e-81	0.506161776702341	0.606	0.502	1.13487344570724e-76	c15	PTP4A2
1.38588483871396e-78	1.15128139587376	0.183	0.098	2.74266609581493e-74	c15	EIF4EBP1
1.77002839300923e-78	0.886502821588325	0.303	0.198	3.50288618976526e-74	c15	APOBEC3C
1.64363622913207e-77	0.298663985134875	0.897	0.842	3.25275609745236e-73	c15	RPL36AL
4.8408097665419e-77	0.185221817995438	0.997	0.987	9.57996252798642e-73	c15	RPS27
5.50890724761706e-77	0.443085491787627	0.669	0.568	1.09021274430342e-72	c15	FYN
1.57324291399777e-76	0.679009014358978	0.504	0.404	3.11344772680159e-72	c15	CLDND1
2.3112499255365e-76	0.503766346940055	0.627	0.515	4.57396360263673e-72	c15	ITM2A
5.36358096758827e-74	0.594507107578359	0.496	0.383	1.06145267348572e-69	c15	SLA
7.49938597882557e-74	0.244664906965935	0.954	0.908	1.48412848520958e-69	c15	ARHGDIB
1.36644357501857e-73	1.29348853703695	0.077	0.028	2.70419183496175e-69	c15	FCRL6
1.92498346585746e-73	0.733359084945616	0.34	0.232	3.80954227893191e-69	c15	APMAP
9.20200743312561e-73	0.862860721386937	0.335	0.234	1.82107727101556e-68	c15	SRRT
2.72015445755909e-72	0.22242511320318	0.951	0.913	5.38318567150944e-68	c15	CD3E
8.26208443265862e-72	0.504896465849927	0.517	0.402	1.63506650922314e-67	c15	SYTL3
2.09819776134326e-69	0.49777443156515	0.521	0.405	4.1523333696983e-65	c15	CD27
7.62599082989223e-69	1.60117842686875	0.063	0.021	1.50918358523567e-64	c15	CD8B2
2.16452071249664e-68	0.49838609795592	0.562	0.47	4.28358649003086e-64	c15	RABAC1
2.85960151809855e-68	0.320160411278174	0.797	0.704	5.65915140431703e-64	c15	CLIC1
3.22171739849036e-68	1.13210015703949	0.129	0.062	6.37577873161243e-64	c15	MCOLN2
1.42122683566899e-67	0.335609109038388	0.796	0.718	2.81260790778893e-63	c15	ARPC3
1.98733133318662e-67	0.211302154886022	0.768	0.625	3.93292870837632e-63	c15	NR4A2
2.24135702536955e-67	0.593045265474426	0.423	0.31	4.43564555320633e-63	c15	CXCR3
1.90694455058338e-66	0.317103783872589	0.808	0.728	3.77384326560452e-62	c15	LSP1
2.33729319099223e-66	0.292916557673327	0.589	0.463	4.62550322497363e-62	c15	CTSC
1.30993058822129e-65	0.55963431642548	0.42	0.317	2.59235263408994e-61	c15	CEMIP2
1.43242556571311e-64	0.712652405099211	0.325	0.225	2.83477019454624e-60	c15	LYST
6.0050796050144e-64	1.17780849409436	0.142	0.074	1.18840525383235e-59	c15	METRNL
2.34338782103933e-63	1.02374559355837	0.161	0.087	4.63756449783684e-59	c15	CPNE7
4.78708632645817e-63	0.650889038106203	0.434	0.337	9.47364384006072e-59	c15	ORAI1
5.33783194096732e-62	0.272613183426112	0.763	0.654	1.05635694111743e-57	c15	YPEL5
2.42280992508168e-61	0.569146008833297	0.217	0.129	4.79474084173664e-57	c15	IFNG
7.59561583916266e-61	0.812161785801968	0.267	0.176	1.50317237457029e-56	c15	LYAR
1.1754014289445e-60	0.223570393441071	0.973	0.935	2.32611942788117e-56	c15	CALM1
7.13248974960548e-60	0.500944391899209	0.511	0.422	1.41151972144692e-55	c15	REEP5
2.30135521961122e-59	0.70028814990051	0.19	0.109	4.55438197961061e-55	c15	ITGA1
5.47570135254147e-59	1.02371251911777	0.219	0.138	1.08364129766796e-54	c15	TRMO
5.90692022093172e-59	0.340734008518926	0.773	0.695	1.16897951172239e-54	c15	LEPROTL1
2.65353283668756e-58	0.263702716052578	0.893	0.844	5.25134148380469e-54	c15	RPL27A
4.29013867689574e-58	0.505024470049774	0.518	0.433	8.49018444157667e-54	c15	PSMB10
7.11512604027665e-58	0.756557054333478	0.259	0.169	1.40808344337075e-53	c15	PTMS
1.35869881901876e-57	1.03988027645645	0.107	0.051	2.68886496283812e-53	c15	MSC
1.3620083886935e-57	0.813425900447164	0.212	0.13	2.69541460122443e-53	c15	CD81
2.41137698474213e-57	0.177317673099798	0.985	0.962	4.77211505280468e-53	c15	HLA-E
3.34632148234185e-57	0.773770066246138	0.295	0.208	6.62237021355452e-53	c15	AP3S1
4.09773122674308e-57	0.494445154821377	0.462	0.364	8.10941009772455e-53	c15	RNF19A
4.07594422938516e-56	0.155049172443601	0.995	0.974	8.06629362995323e-52	c15	H3F3B
7.53336599890009e-56	0.143497006302441	0.997	0.984	1.49085313118233e-51	c15	RPS15
1.20249076896843e-55	0.482402203292296	0.403	0.299	2.37972923178853e-51	c15	TC2N
2.78893671059983e-55	0.54098391987813	0.441	0.349	5.51930575027706e-51	c15	AKNA
3.0111802750482e-55	1.52582886225051	0.043	0.014	5.95912576432038e-51	c15	LGR6
4.61359948028558e-55	0.279886522996332	0.856	0.79	9.13031337148516e-51	c15	ARPC2
7.281636640014e-55	0.768455420454595	0.196	0.118	1.44103589105877e-50	c15	CLIC3
9.96608115669403e-55	1.61390262704088	0.049	0.017	1.97228746090975e-50	c15	B3GNT5
5.93822958876165e-54	0.612642828840542	0.361	0.269	1.17517563561593e-49	c15	LIME1
6.16207066116993e-54	0.145371562686864	0.997	0.978	1.21947378384553e-49	c15	RPS25
8.44646973693486e-54	0.404638866621148	0.569	0.472	1.67155636093941e-49	c15	TENT5C
4.15514417296545e-52	1.25047898430316	0.121	0.063	8.22303031829862e-48	c15	FAM83D
7.46399991990461e-52	0.415288499133016	0.587	0.505	1.47712558414912e-47	c15	FAM177A1
1.20908950247399e-51	0.213378685185233	0.605	0.524	2.39278812539603e-47	c15	HIST1H4C
3.39603198642236e-51	0.244986831987503	0.836	0.773	6.72074730112984e-47	c15	CD3D
1.47971621506696e-50	1.05319605132432	0.102	0.05	2.92835838961751e-46	c15	PRR5L
3.52514467410987e-50	0.327845756206585	0.769	0.704	6.97626131006343e-46	c15	PPDPF
5.88567506675254e-50	1.00504710287905	0.15	0.086	1.16477509571033e-45	c15	ST3GAL5
1.70796220253906e-49	0.453072221178997	0.409	0.312	3.3800571988248e-45	c15	SLC7A5
2.3267940028018e-48	0.348982868987833	0.695	0.624	4.60472533154476e-44	c15	NDUFS5
2.81739325820731e-48	0.825245182413407	0.263	0.187	5.57562125799226e-44	c15	SRM
6.42243524821259e-48	1.09834038454817	0.085	0.039	1.27099993562127e-43	c15	USP28
3.99034831026053e-47	1.18586925849179	0.069	0.029	7.89689930600559e-43	c15	KLRC3
6.48526743737217e-47	0.464087680946947	0.502	0.423	1.28343442585595e-42	c15	DBI
7.24037545197986e-47	0.837791394043006	0.185	0.116	1.43287030194681e-42	c15	TBCD
2.90124986444386e-46	0.667190423035808	0.117	0.062	5.7415734817344e-42	c15	CCL3
3.85654946664145e-46	0.606496565482469	0.287	0.203	7.63211139448344e-42	c15	THEMIS
5.89643545205679e-45	0.23417752978625	0.874	0.816	1.16690457596204e-40	c15	RAC2
8.51873782347774e-43	0.474204065356552	0.453	0.381	1.68585821526625e-38	c15	NDUFB10
1.58936581538209e-42	0.142034047067091	0.994	0.973	3.14535494864115e-38	c15	BTG1
1.84777930892262e-42	0.263635016430324	0.835	0.79	3.65675525235786e-38	c15	SRSF7
2.52993305945644e-42	0.591293128233415	0.262	0.184	5.0067375246643e-38	c15	ATP8A1
2.86452898307773e-42	0.338890784909615	0.663	0.603	5.66890285751082e-38	c15	TRMT112
5.73209716555968e-42	0.590079230581377	0.352	0.278	1.13438202906426e-37	c15	MAP2K2
1.59518445169543e-41	0.239408556605357	0.789	0.714	3.15687002990525e-37	c15	RGCC
4.20132087471924e-41	1.37344197866495	0.076	0.036	8.31441401106938e-37	c15	GNGT2
4.50349909402385e-41	0.700534190051276	0.251	0.179	8.9124247070732e-37	c15	USP11
9.76174221068146e-41	1.12457665795497	0.062	0.027	1.93184878349386e-36	c15	PLXDC1
1.17330766122983e-40	0.244544140427977	0.809	0.761	2.32197586157383e-36	c15	TMA7
1.95800139673664e-40	1.597255781499	0.036	0.012	3.87488476414182e-36	c15	TUBB4A
1.16614906247316e-39	0.777410579755244	0.137	0.082	2.30780899463438e-35	c15	CD38
4.72251735724991e-39	0.448415252345728	0.471	0.392	9.34586184999757e-35	c15	MT1X
2.00969049522904e-38	0.788055398238659	0.18	0.117	3.97717749005828e-34	c15	JAKMIP1
2.38356593048361e-38	0.155643157205223	0.959	0.93	4.71707697642706e-34	c15	RPL13A
4.06027980472091e-38	0.55058742197298	0.312	0.237	8.03529373354268e-34	c15	TSEN54
4.75958557326586e-38	0.566045768555928	0.413	0.349	9.41921984949313e-34	c15	RAB5IF
5.42192518163102e-38	0.241995046095449	0.811	0.753	1.07299899344478e-33	c15	CALM2
1.82556669903193e-37	0.510456606420973	0.349	0.274	3.6127964973842e-33	c15	PITPNC1
1.89509800868364e-37	1.32781552835524	0.043	0.016	3.75039895918492e-33	c15	S1PR5
1.89587146458585e-37	0.268839470617908	0.755	0.703	3.75192962841541e-33	c15	TRIR
2.72295212975437e-37	0.372165286157615	0.595	0.54	5.38872226478391e-33	c15	HIGD2A
8.60309272539143e-37	0.443580779519516	0.454	0.389	1.70255205035496e-32	c15	GABARAPL2
8.65872020876234e-37	0.374956414873316	0.597	0.535	1.71356072931407e-32	c15	TGFB1
1.83890106439974e-36	0.429912972979756	0.474	0.406	3.63918520644708e-32	c15	ZYX
5.54545997166495e-36	0.560208693061942	0.246	0.175	1.09744652839249e-31	c15	CHST12
6.13930238406704e-36	0.310439095330303	0.566	0.499	1.21496794180687e-31	c15	DRAP1
7.81562096392883e-36	0.351235643814416	0.56	0.499	1.54671138876151e-31	c15	CAP1
8.63745629537022e-36	1.00673452314357	0.09	0.048	1.70935260085377e-31	c15	CD200R1
9.83395801139907e-36	0.341021196561798	0.582	0.515	1.94614029045588e-31	c15	GNG2
1.42175182386923e-35	0.395384617485186	0.513	0.456	2.8136468594372e-31	c15	NCOR1
2.05423407235574e-35	0.832001120916511	0.163	0.106	4.065329229192e-31	c15	APOBEC3H
2.56932263993496e-35	0.251929663595135	0.737	0.687	5.08468950443129e-31	c15	OST4
3.04214222228735e-35	0.111427072537585	0.995	0.98	6.02039945790666e-31	c15	RPL26
3.52231601577349e-35	0.260959905887626	0.676	0.618	6.97066339521573e-31	c15	MYH9
3.77494242794107e-35	0.272464901970407	0.617	0.552	7.47061106489539e-31	c15	CD3G
5.74243768352407e-35	0.707250764573955	0.252	0.187	1.13642841756941e-30	c15	MTFP1
4.05778965002632e-34	0.551282481256253	0.373	0.306	8.03036571740209e-30	c15	RBM38
2.12965583846518e-33	0.212591650337503	0.736	0.66	4.21458890432258e-29	c15	SELENOK
2.1853290873175e-33	0.57767483862217	0.347	0.284	4.32476626380134e-29	c15	CMC2
2.59160948056381e-33	0.398040081823213	0.468	0.406	5.12879516203578e-29	c15	PSMB6
3.55311736334717e-33	1.07049577873126	0.071	0.036	7.03161926206405e-29	c15	CD244
5.72925576042296e-33	0.231027008513406	0.823	0.779	1.1338197149877e-28	c15	ATP5MG
8.64211929675663e-33	0.322274919558661	0.573	0.512	1.71027540882814e-28	c15	WIPF1
9.81393689071654e-33	0.371394938478725	0.504	0.44	1.9421781106728e-28	c15	JPT1
1.17610393958936e-32	2.45225687336444	0.014	0.003	2.32750969644734e-28	c15	TMEM155
1.43754923689384e-32	0.290713361209006	0.666	0.616	2.8449099398129e-28	c15	UBL5
1.4396297166621e-32	0.360271952959068	0.415	0.336	2.8490272092743e-28	c15	GIMAP4
1.52170869332757e-32	1.49936267335714	0.028	0.009	3.01146150409526e-28	c15	SLC4A4
1.64881798127829e-32	0.334059065112811	0.589	0.543	3.26301078494974e-28	c15	SEPT7
3.0595225604943e-32	1.43224533601751	0.037	0.015	6.05479514721822e-28	c15	RCAN2
3.07755106860612e-32	0.723462065826007	0.189	0.131	6.0904735647715e-28	c15	ZFYVE28
3.22543257677159e-32	0.432128858485002	0.434	0.371	6.38313106943097e-28	c15	ARHGAP9
3.42647855107332e-32	0.208836397996036	0.838	0.788	6.78100105257411e-28	c15	CHCHD2
3.70517992838527e-32	1.15314829674162	0.06	0.028	7.33255107827444e-28	c15	VNN2
5.76252224370685e-32	0.313854602217093	0.606	0.558	1.14040315202959e-27	c15	TMEM50A
6.72087734577322e-32	1.02893252321215	0.064	0.031	1.33006162672852e-27	c15	PIK3AP1
7.18997675017911e-32	0.349924502656736	0.444	0.378	1.42289639886045e-27	c15	UBE2L6
9.0490815197182e-32	0.367086092743159	0.491	0.434	1.79081323275223e-27	c15	POMP
1.02346267389642e-31	0.720712319946794	0.179	0.123	2.02543263164101e-27	c15	FAM160B1
1.08488438486877e-31	2.24813322713361	0.013	0.003	2.14698619765529e-27	c15	MN1
1.17939196532437e-31	0.372980123002355	0.54	0.487	2.33401669937693e-27	c15	ARHGDIA
1.43784829431448e-31	0.555846450697018	0.346	0.287	2.84550177444835e-27	c15	CASP4
2.35504195293184e-31	0.71551981524834	0.216	0.157	4.6606280248521e-27	c15	N4BP1
2.94282688194402e-31	1.58611152715483	0.035	0.014	5.82385439936721e-27	c15	RGMA
4.30688203478762e-31	1.48267942166743	0.03	0.01	8.5233195468447e-27	c15	FAM49A
4.49354241989862e-31	0.353070464903715	0.503	0.439	8.89272044897937e-27	c15	ANXA6
6.18626057152341e-31	0.301170309378134	0.586	0.529	1.22426096710448e-26	c15	SEPT1
9.7610326283406e-31	1.5402466134839	0.027	0.009	1.9317083571486e-26	c15	RTP5
1.8035071204892e-30	0.438277304490599	0.425	0.363	3.56914059144813e-26	c15	CDK2AP2
4.5749791144393e-30	0.64016194093483	0.222	0.163	9.05388366747538e-26	c15	PTK2B
7.66059378787886e-30	0.182875066510009	0.75	0.708	1.51603151062123e-25	c15	CD44
8.49485952194743e-30	0.263258236316396	0.635	0.581	1.6811326993934e-25	c15	COX5B
1.54259673912676e-29	0.298819060458754	0.573	0.509	3.05279894673187e-25	c15	PPP1CA
1.89563214893925e-29	0.296263256762878	0.546	0.479	3.75145602275078e-25	c15	PSMB8
2.50676385040613e-29	0.357809886694455	0.53	0.468	4.96088565995372e-25	c15	SH2D2A
3.20440745869828e-29	0.719084395744394	0.137	0.088	6.34152236076389e-25	c15	SFMBT2
3.79608312511583e-29	0.248288116250944	0.673	0.616	7.51244850460422e-25	c15	DNAJB6
7.08859050347885e-29	0.265446953310766	0.648	0.595	1.40283206063846e-24	c15	CAPZB
7.79149138403181e-29	0.284138612926973	0.638	0.592	1.54193614489989e-24	c15	COX7A2
9.68955308265537e-29	0.595987851385398	0.275	0.216	1.9175625550575e-24	c15	HMGA1
1.09723734319526e-28	0.2325053383752	0.756	0.715	2.17143270218342e-24	c15	UQCRB
5.93396024143461e-28	0.180864929892707	0.604	0.516	1.17433073177991e-23	c15	ZNF331
9.12333394935169e-28	0.848483249601369	0.077	0.042	1.8055077885767e-23	c15	EPHA1
1.06130029235794e-27	0.226800922494214	0.702	0.66	2.10031327857637e-23	c15	SNRPD2
1.46917394481247e-27	0.145561905038914	0.937	0.894	2.90749523678388e-23	c15	SERF2
1.74257612804932e-27	0.69284866200266	0.203	0.149	3.44855815740961e-23	c15	PDE4DIP
2.74288330330705e-27	0.248236356624641	0.674	0.628	5.42816605724466e-23	c15	LCK
3.97827507929849e-27	0.659724598570284	0.132	0.085	7.87300638193171e-23	c15	LPCAT1
4.05118307856765e-27	0.348469519383873	0.386	0.322	8.01729131248539e-23	c15	RALGAPA1
8.14413582000348e-27	0.388221490839742	0.454	0.407	1.61172447877869e-22	c15	MAGOH
9.84066068449291e-27	0.44791438201688	0.374	0.32	1.94746674946115e-22	c15	CLTB
1.85090480599135e-26	0.420727427274193	0.281	0.218	3.66294061105689e-22	c15	SYNE1
2.07543599927323e-26	0.135684348273452	0.898	0.85	4.10728784256172e-22	c15	MYL6
2.27483751217687e-26	0.508089042962733	0.283	0.224	4.50190343659803e-22	c15	HSPB11
4.60768543950692e-26	0.521526462395191	0.278	0.219	9.11860948478419e-22	c15	RAB27A
5.32899343463875e-26	0.683618393989255	0.189	0.137	1.05460780071501e-21	c15	RGL4
5.48666618836115e-26	0.222333296964485	0.66	0.61	1.08581123867667e-21	c15	EVL
6.05834158986683e-26	0.235225013430444	0.7	0.651	1.19894580063464e-21	c15	ALDOA
7.08396459639966e-26	0.58558017434151	0.25	0.193	1.40191659362749e-21	c15	MAP3K8
8.10772690584626e-26	0.785055401496761	0.12	0.077	1.60451915466698e-21	c15	SLC25A4
9.0691307443604e-26	0.486806722566848	0.357	0.307	1.79478097430892e-21	c15	SS18L2
9.41794431595201e-26	0.127471665354046	0.664	0.598	1.8638111801269e-21	c15	ISG20
9.71882285414281e-26	0.431308760378987	0.403	0.352	1.92335504283486e-21	c15	ATP5MPL
1.54716833341021e-25	0.400384726788307	0.396	0.338	3.0618461318188e-21	c15	VPS37B
3.53581719813496e-25	0.673474658193835	0.16	0.112	6.99738223510909e-21	c15	IRF4
3.6606448322396e-25	0.446558211797088	0.384	0.336	7.24441612300217e-21	c15	MRPL41
6.44782887443441e-25	0.651315455263972	0.173	0.124	1.27602533425057e-20	c15	SIPA1
7.10597455495943e-25	0.33485752543891	0.499	0.454	1.40627236442647e-20	c15	CSTB
8.14942627141516e-25	1.27579815648	0.053	0.027	1.61277145911306e-20	c15	STAG3
1.16832589482235e-24	0.743447707130699	0.186	0.137	2.31211694585344e-20	c15	CKAP2
2.43420782190393e-24	0.660173351165561	0.174	0.124	4.81729727954787e-20	c15	ARHGAP18
2.99375984094762e-24	0.110450474950577	0.907	0.876	5.92465072523535e-20	c15	RPS29
3.3159805558168e-24	0.657143919276601	0.176	0.127	6.56232551996145e-20	c15	SIRT2
3.34518868301174e-24	0.417815869718116	0.38	0.327	6.62012840368024e-20	c15	IDI1
3.45337585095173e-24	0.208149706130199	0.731	0.693	6.83423080903348e-20	c15	PPIB
3.97537966464022e-24	0.512277772667002	0.26	0.205	7.86727635632299e-20	c15	ABHD17A
5.58481138949326e-24	0.588618582577767	0.197	0.146	1.10523417398072e-19	c15	P2RY8
5.88497870540487e-24	0.476433193249254	0.3	0.241	1.16463728579962e-19	c15	MT1E
8.19155358669033e-24	0.512701502016485	0.314	0.262	1.62110845480602e-19	c15	KPNA2
9.91530037624132e-24	0.837164424216185	0.066	0.036	1.96223794445816e-19	c15	JAKMIP2
1.20913665329615e-23	0.465594521066736	0.296	0.241	2.39288143687308e-19	c15	PPP1R16B
3.43763575379589e-23	0.632115948023998	0.218	0.169	6.80308115676206e-19	c15	SURF2
3.4378977924599e-23	0.564143066710988	0.249	0.198	6.80359973127814e-19	c15	PYCARD
3.65630134133088e-23	0.573390076184484	0.204	0.153	7.23582035449381e-19	c15	ARHGAP25
5.2060538592143e-23	0.507898823796179	0.233	0.18	1.03027805873851e-18	c15	GRAP2
5.64195514093612e-23	0.379960463758293	0.386	0.334	1.11654292239126e-18	c15	WNK1
1.12532501404601e-22	0.910983699546507	0.114	0.076	2.22701820279706e-18	c15	PELO
1.46360314571664e-22	0.247253529140568	0.533	0.478	2.89647062537323e-18	c15	PDE4B
1.51257972229477e-22	0.231524933454947	0.625	0.581	2.99339527042136e-18	c15	ELOB
1.71061222149186e-22	0.761758959910349	0.144	0.101	3.38530158633238e-18	c15	ADA
2.39003259863295e-22	0.403928744155497	0.386	0.339	4.7298745126946e-18	c15	UBE2A
2.47775001763371e-22	0.731286336125003	0.084	0.051	4.90346728489711e-18	c15	EPHA4
2.5327837331544e-22	0.284937298143989	0.534	0.488	5.01237900791256e-18	c15	GYPC
2.58172465779022e-22	0.676088455080042	0.09	0.055	5.10923309776685e-18	c15	PILRB
3.07006561379541e-22	0.210659300102059	0.692	0.654	6.07565984970113e-18	c15	CALR
3.38580116743587e-22	0.107474369679216	0.828	0.778	6.70050051035559e-18	c15	HMGB1
3.59005180104348e-22	0.342355400271579	0.408	0.356	7.10471251426505e-18	c15	DDX6
6.54506402922402e-22	0.361066390435984	0.446	0.403	1.29526817138343e-17	c15	C9orf78
1.15600109207581e-21	1.42758623544076	0.023	0.009	2.28772616121803e-17	c15	ATP9A
1.49404240277386e-21	0.36782270578827	0.42	0.374	2.95670991508948e-17	c15	RHOF
1.53402798616786e-21	0.141049388713804	0.996	0.992	3.0358413846262e-17	c15	HLA-B
1.7239041159742e-21	0.220166363558457	0.614	0.559	3.41160624551294e-17	c15	COX8A
1.86064564537417e-21	0.546018144464577	0.162	0.115	3.68221773219549e-17	c15	TBX21
2.14031205749732e-21	0.424545323657962	0.33	0.282	4.2356775617872e-17	c15	BIN1
2.65754360400791e-21	1.545009461588	0.019	0.007	5.25927879233165e-17	c15	PACSIN1
4.2214351836454e-21	0.529652156934625	0.175	0.128	8.35422022843424e-17	c15	SLF1
5.7208623148639e-21	0.466362418440293	0.228	0.177	1.13215865211157e-16	c15	NUCB2
6.38108216616402e-21	0.292971883040122	0.524	0.485	1.26281616068386e-16	c15	SLC9A3R1
8.46015440621731e-21	0.765096713860102	0.09	0.056	1.67426455699041e-16	c15	DZIP3
9.13516835813875e-21	1.16343421390631	0.028	0.012	1.80784981807566e-16	c15	HLA-DOA
1.22357977987937e-20	0.372859148064792	0.328	0.274	2.42146438438127e-16	c15	GABARAPL1
1.31762725927306e-20	0.313182492759907	0.45	0.406	2.60758434610138e-16	c15	SH3KBP1
1.46886313137499e-20	0.359845133034348	0.379	0.33	2.90688013699111e-16	c15	BTN3A2
1.69223352258879e-20	0.130183368226124	0.915	0.88	3.34893014120321e-16	c15	BTF3
2.04207478720934e-20	0.676856911070224	0.194	0.149	4.04126600388729e-16	c15	LMNB1
3.38244015519237e-20	0.515800972643536	0.202	0.154	6.6938490671257e-16	c15	ZBTB7A
3.62853766520076e-20	0.51336440546352	0.228	0.18	7.1808760394323e-16	c15	PDE7A
4.33761130030658e-20	0.637098489302157	0.154	0.111	8.58413276330673e-16	c15	OTULINL
4.52061433612685e-20	0.747036400224014	0.069	0.04	8.94629577119504e-16	c15	MCTP2
4.67896439472213e-20	0.2525847409967	0.6	0.571	9.2596705371551e-16	c15	EIF3G
5.25877183544659e-20	0.2549579323342	0.61	0.582	1.04071094623488e-15	c15	UQCR11
5.59814572818919e-20	0.502350240878849	0.215	0.167	1.10787303960864e-15	c15	NIN
6.8198437668507e-20	0.240284721153965	0.532	0.483	1.34964708145975e-15	c15	ATP5MC3
7.1029742759865e-20	0.295553733487407	0.407	0.355	1.40567860921773e-15	c15	ANXA2
1.2496102654675e-19	0.894071581273784	0.115	0.079	2.47297871536019e-15	c15	BPGM
1.30663577664172e-19	0.233947970637752	0.477	0.424	2.58583220197396e-15	c15	ADGRE5
1.56409898285781e-19	0.819503468785731	0.118	0.081	3.0953518870756e-15	c15	CDKN2A
1.58019001266945e-19	0.317141889874604	0.45	0.407	3.12719603507284e-15	c15	TRAPPC1
1.68831408544874e-19	0.122988393863955	0.946	0.916	3.34117357510306e-15	c15	EEF1D
3.02399174258124e-19	0.418460684075703	0.338	0.295	5.98447965856827e-15	c15	PSTPIP1
3.55772699616005e-19	0.239662625546362	0.617	0.582	7.04074172540073e-15	c15	ATP5F1B
4.3847583426137e-19	0.371366196078159	0.307	0.256	8.67743676003251e-15	c15	ARAP2
4.82122867020389e-19	0.38873125204559	0.34	0.292	9.5412115383335e-15	c15	HNRNPLL
5.21795107577094e-19	1.08187188250218	0.042	0.021	1.03263251789507e-14	c15	SYNGR1
6.62124668596883e-19	0.970808682415814	0.064	0.037	1.31034471915323e-14	c15	PVRIG
9.74017534041383e-19	0.574212036169608	0.215	0.171	1.9275806998679e-14	c15	MRPL10
1.06267034111256e-18	0.187394354104264	0.657	0.614	2.10302460506176e-14	c15	SRSF2
1.10612437039447e-18	0.653304921230013	0.152	0.112	2.18902012901065e-14	c15	NMRAL1
1.26806367261392e-18	1.01478931204306	0.054	0.03	2.50949800810295e-14	c15	CENPV
1.4130993508387e-18	0.676706485913493	0.158	0.118	2.79652361530979e-14	c15	EIF1AY
1.52137968187889e-18	1.45633169762971	0.016	0.005	3.01081039043832e-14	c15	ADAMTS4
1.60255968869866e-18	1.14245484913412	0.03	0.014	3.17146562393464e-14	c15	FRMD4A
1.76898641834853e-18	0.186866784301596	0.733	0.691	3.50082412191175e-14	c15	COX6A1
1.97589580257238e-18	0.13386335887479	0.812	0.784	3.91029779329075e-14	c15	TOMM7
2.1016559258915e-18	0.15456027547128	0.796	0.759	4.15917707733929e-14	c15	RHOA
2.56413173356872e-18	0.75430935896927	0.151	0.112	5.0744167007325e-14	c15	GTPBP8
3.25318365561196e-18	0.677003482348671	0.169	0.129	6.43805045445608e-14	c15	CDC34
3.36074268204631e-18	1.29287762244673	0.026	0.011	6.65090976776964e-14	c15	VIPR2
3.66977313929198e-18	0.417249860850994	0.385	0.349	7.26248104265883e-14	c15	RNF7
4.21729553411921e-18	0.268353187880539	0.564	0.529	8.34602786202191e-14	c15	PLP2
4.64311829166163e-18	0.365883596149709	0.299	0.247	9.18873109919837e-14	c15	PDCD1
4.8522492389275e-18	0.599170534244203	0.136	0.097	9.60260124383753e-14	c15	ZNF276
5.12382412391771e-18	1.19649727453132	0.025	0.011	1.01400479412332e-13	c15	GAS7
5.97921271875603e-18	0.51565632183143	0.23	0.185	1.18328619704182e-13	c15	B3GNT2
7.01480627601257e-18	0.966048851006926	0.036	0.018	1.38823016202289e-13	c15	SYNM
9.32759103443214e-18	0.217424523580459	0.586	0.547	1.84593026571412e-13	c15	NDUFB11
1.09204058167263e-17	0.853224549879198	0.056	0.032	2.16114831113013e-13	c15	KIAA1671
1.56835500539362e-17	0.167309617294034	0.797	0.756	3.10377455567397e-13	c15	SRP14
1.64183060533082e-17	0.203964856228445	0.61	0.569	3.24918276794968e-13	c15	COX6C
2.42241401915564e-17	0.819068067368213	0.075	0.047	4.793957343909e-13	c15	SERTAD3
3.07050432960229e-17	1.80891354840406	0.011	0.003	6.07652806828293e-13	c15	EPB41L3
3.76687678191339e-17	1.25945621737529	0.03	0.014	7.4546491514066e-13	c15	ELOVL4
5.19997850459646e-17	0.332325952542828	0.299	0.25	1.02907574605964e-12	c15	NR4A3
6.20207102266201e-17	0.767352029049004	0.055	0.031	1.22738985538481e-12	c15	IGFBP2
8.60822729197924e-17	0.282212417157675	0.432	0.391	1.70356818108269e-12	c15	FAM49B
8.80444184023353e-17	0.379718306700853	0.366	0.33	1.74239904018222e-12	c15	MRPL54
9.21265087429652e-17	0.312012307449365	0.483	0.455	1.82318360802328e-12	c15	SRSF9
9.35347765414282e-17	0.19368504410555	0.609	0.574	1.85105322775486e-12	c15	COX6B1
2.06983571768661e-16	0.193187518095238	0.543	0.492	4.09620488530181e-12	c15	ALOX5AP
2.35990427304851e-16	0.72583288143078	0.075	0.048	4.670250556363e-12	c15	CXCR5
2.97029530400537e-16	0.272048354506105	0.483	0.445	5.87821440662662e-12	c15	ATP5IF1
3.21797679436056e-16	0.469781753641474	0.243	0.202	6.36837607603955e-12	c15	C11orf98
5.23415782100628e-16	0.265250838989485	0.503	0.467	1.03583983277714e-11	c15	UQCR10
1.24921491122072e-15	0.195995708448372	0.578	0.552	2.47219630930581e-11	c15	KRTCAP2
1.31749452920707e-15	0.428010487718016	0.306	0.27	2.60732167330079e-11	c15	RPP21
1.67000817346517e-15	0.461667049913924	0.208	0.168	3.30494617528756e-11	c15	ITGB7
1.97413826543132e-15	0.614430973314649	0.193	0.156	3.90681962728857e-11	c15	PTRHD1
2.02031355882746e-15	0.174959826473257	0.689	0.669	3.99820053291955e-11	c15	SSR4
2.15727963082518e-15	0.284960972663831	0.394	0.352	4.26925638940303e-11	c15	RNF125
2.8923882163278e-15	0.448963565733148	0.234	0.193	5.72403628011271e-11	c15	PDLIM2
3.14950508971324e-15	1.17156552480186	0.023	0.01	6.23287057254251e-11	c15	TLR3
3.28572414084326e-15	0.284574172652273	0.393	0.343	6.50244807472882e-11	c15	LGALS3
3.29003767472568e-15	0.934980478628097	0.045	0.025	6.51098455828212e-11	c15	MXRA7
4.30785199021046e-15	0.920846089896937	0.031	0.016	8.52523908862649e-11	c15	TTC16
4.9425669030723e-15	0.378995013690765	0.333	0.296	9.78133990118008e-11	c15	ARPC5L
5.27927675560547e-15	0.493257696251625	0.209	0.17	1.04476886993432e-10	c15	PARVG
6.53892054476737e-15	0.381667829188367	0.381	0.349	1.29405237580946e-10	c15	EIF1AX
6.59662723307977e-15	0.169724329689479	0.536	0.473	1.30547252942649e-10	c15	RPS4Y1
6.84175078497238e-15	0.472205674713224	0.241	0.203	1.35398248034603e-10	c15	HDAC1
7.84914642440287e-15	0.317928205363705	0.349	0.31	1.55334607738933e-10	c15	RASAL3
1.05877636789321e-14	0.197099351282823	0.613	0.585	2.09531843206065e-10	c15	RBM8A
1.08303061072053e-14	1.16341975650951	0.022	0.01	2.14331757861594e-10	c15	TMEM171
1.10654495690968e-14	0.175237983105695	0.659	0.625	2.18985246972426e-10	c15	LIMD2
1.38420168888161e-14	0.140789514220027	0.807	0.774	2.73933514229671e-10	c15	CD52
1.40961780247646e-14	0.564824260318678	0.09	0.061	2.78963363110092e-10	c15	ARHGAP26
1.79875633180787e-14	0.172238873557159	0.554	0.528	3.55973878064777e-10	c15	PDIA3
2.8413965679181e-14	0.28910146210533	0.445	0.416	5.62312380790992e-10	c15	ATP5MD
3.71064992776524e-14	0.282193345921956	0.418	0.386	7.34337620704741e-10	c15	SHISA5
4.12448184753743e-14	0.538235866308672	0.199	0.164	8.16234957627658e-10	c15	RABIF
5.03568252865444e-14	0.36094695101603	0.32	0.283	9.96561572420714e-10	c15	CCSER2
8.69124448554673e-14	0.827112713168045	0.06	0.038	1.7199972836897e-09	c15	TP53I11
9.46450536128156e-14	0.694219052044068	0.078	0.053	1.87302561099762e-09	c15	SLC2A1
9.75659599771674e-14	0.369657495491857	0.301	0.263	1.93083034794814e-09	c15	USP36
9.8307800514194e-14	0.22358142819405	0.362	0.319	1.9455113721759e-09	c15	PARP8
1.01777537738314e-13	0.570491578895702	0.144	0.11	2.01417747184123e-09	c15	PTPRE
1.04272655523516e-13	0.586259470944691	0.158	0.124	2.06355585281037e-09	c15	PMEPA1
1.28830467993957e-13	0.251436245369889	0.45	0.418	2.5495549616004e-09	c15	PSMB3
1.58006718104229e-13	0.28727906483007	0.401	0.368	3.12695295128269e-09	c15	WAS
1.74267101495e-13	0.609432678165809	0.051	0.031	3.44874593858605e-09	c15	MS4A1
1.86443223250034e-13	0.708434989869081	0.101	0.073	3.68971138811817e-09	c15	TENT4B
2.14030748534132e-13	0.688942116184754	0.096	0.068	4.23566851349048e-09	c15	ITPRIP
2.41407416298054e-13	1.74994134643077	0.012	0.004	4.77745276853849e-09	c15	MYO5B
2.68310640662614e-13	0.220701140730537	0.527	0.499	5.30986757871314e-09	c15	ARF6
2.88227223929731e-13	0.263625343457717	0.442	0.408	5.70401676156937e-09	c15	YPEL3
3.11294965381311e-13	0.341529694304919	0.372	0.342	6.16052736489615e-09	c15	TXNL4A
3.27621533377279e-13	0.455813163490592	0.199	0.162	6.48363014553636e-09	c15	TPST2
3.35041240640816e-13	0.501048843318587	0.218	0.183	6.63046615228176e-09	c15	MLLT3
3.59298375147785e-13	0.817862742745019	0.059	0.038	7.11051484417466e-09	c15	AIF1
3.63386788368225e-13	0.39163072643836	0.31	0.277	7.19142454180718e-09	c15	ISCA1
4.01107246413369e-13	0.291520068494481	0.375	0.342	7.93791240652056e-09	c15	PRKCH
4.46358740778274e-13	0.344756688731603	0.338	0.304	8.83343948000204e-09	c15	NDUFA3
4.77504538825015e-13	0.880802310949229	0.05	0.031	9.44981482334704e-09	c15	CCRL2
4.96037917724525e-13	0.668615228794869	0.132	0.101	9.81659039176834e-09	c15	TM9SF1
6.63123415446009e-13	0.33365172268088	0.261	0.223	1.31232123916765e-08	c15	ITGAL
6.94972749123333e-13	0.57174511307733	0.142	0.11	1.37535107051508e-08	c15	MXD4
8.0687031267465e-13	0.593813515798523	0.103	0.075	1.59679634878313e-08	c15	KLHDC4
9.90553403117196e-13	0.312837388308206	0.314	0.276	1.96030518476893e-08	c15	DNAJC1
1.23166042788013e-12	0.190655343696781	0.58	0.548	2.43745598677478e-08	c15	SLC25A5
1.4735907890396e-12	0.364625811441633	0.223	0.185	2.91623617150937e-08	c15	FAM102A
1.48728358933713e-12	0.256843384664515	0.452	0.423	2.94333422329818e-08	c15	SEM1
1.70471160362024e-12	0.349649416814972	0.235	0.198	3.37362426356445e-08	c15	DGKZ
1.74248417698236e-12	0.211031691604207	0.562	0.54	3.44837618624808e-08	c15	SNU13
1.89300022092209e-12	0.451379169284174	0.218	0.184	3.74624743720482e-08	c15	TIMM17B
2.07728354288104e-12	0.709325310857673	0.093	0.067	4.11094413136158e-08	c15	SPATA2L
2.56273715390753e-12	0.170726952646841	0.509	0.478	5.071656827583e-08	c15	HLA-F
3.16067903639715e-12	0.578455461650676	0.141	0.111	6.25498381302996e-08	c15	STARD3NL
3.17925670893791e-12	1.07195235867757	0.017	0.007	6.29174902698812e-08	c15	MMP23B
3.69148363718773e-12	0.185489993988474	0.566	0.545	7.30544611799452e-08	c15	ATP5F1D
5.09367809555688e-12	0.942547170040094	0.027	0.014	1.00803889511071e-07	c15	KLRC4
6.01967860109598e-12	0.368267968420447	0.277	0.244	1.19129439515689e-07	c15	ARRB2
6.07844338035974e-12	0.26826938654619	0.404	0.375	1.20292394497319e-07	c15	PSMA5
6.35161990972173e-12	0.485831525685956	0.241	0.209	1.25698558013393e-07	c15	ASF1A
8.5565365006823e-12	0.347084350509755	0.215	0.179	1.69333857348503e-07	c15	TOX
8.71735151653359e-12	0.22395774519794	0.491	0.47	1.725163865122e-07	c15	COPE
1.03658412955981e-11	0.382476469440151	0.206	0.171	2.05139999239887e-07	c15	AC116366.3
1.03837479164745e-11	0.170432087496453	0.634	0.618	2.05494371267031e-07	c15	ATP6V1G1
1.07139633727645e-11	0.149852916883448	0.684	0.663	2.1202933514701e-07	c15	ATP6V0C
1.13424639265764e-11	0.7992939191709	0.051	0.033	2.24467361106947e-07	c15	PLCXD2
1.25035921471242e-11	0.882362062434749	0.086	0.062	2.47446088591588e-07	c15	BIK
1.46533428279368e-11	0.511575495200456	0.136	0.106	2.8998965456487e-07	c15	TRAPPC10
1.6005956384543e-11	0.413403071702746	0.251	0.219	3.16757876850107e-07	c15	IFI27L2
1.63639632631032e-11	0.241566326595819	0.441	0.413	3.23842832976812e-07	c15	ATP5MF
1.66198814827113e-11	0.245333604055198	0.485	0.464	3.28907454542857e-07	c15	C19orf53
1.67874476484706e-11	0.301846309658311	0.351	0.323	3.32223588963233e-07	c15	SCAMP2
1.77658481915635e-11	0.345476994348964	0.305	0.273	3.51586135711043e-07	c15	IMP3
1.78253648846467e-11	0.751467782691174	0.05	0.031	3.52763971067159e-07	c15	SEMA4A
1.82208295418986e-11	1.10124091481139	0.021	0.01	3.60590216634173e-07	c15	SETBP1
1.84574206384001e-11	0.249543379011413	0.481	0.465	3.65272354433938e-07	c15	SNRPG
1.90709206691577e-11	0.121091798070955	0.549	0.517	3.7741352004263e-07	c15	ARL6IP1
1.97599867566938e-11	0.186771884370725	0.562	0.541	3.91050137914971e-07	c15	UBXN1
2.22969837423351e-11	0.277766242868315	0.375	0.348	4.41257308260812e-07	c15	MDH2
2.44481975223494e-11	0.254400845177533	0.107	0.079	4.83829828967294e-07	c15	XCL1
2.55620733493139e-11	0.163835352294927	0.542	0.507	5.05873431582923e-07	c15	PARK7
3.0064551971028e-11	0.198380006542145	0.286	0.247	5.94977483506644e-07	c15	IKZF3
3.13202933099532e-11	1.00996070290747	0.034	0.019	6.19828604603973e-07	c15	CASZ1
3.29839839353042e-11	1.14489113803388	0.026	0.014	6.5275304207967e-07	c15	CHST10
3.33626824775092e-11	0.324535020779692	0.355	0.327	6.60247486229906e-07	c15	STUB1
3.36565580691979e-11	0.343595392214566	0.393	0.368	6.66063284189427e-07	c15	PDCL3
3.77890376921484e-11	0.280897762170222	0.367	0.339	7.47845055927618e-07	c15	ANAPC11
4.14393106627455e-11	0.251414353520577	0.383	0.351	8.20083958015734e-07	c15	NSMCE3
4.34840832181966e-11	0.285210912687944	0.399	0.378	8.60550006888111e-07	c15	GHITM
4.44426356561388e-11	0.136442474854812	0.576	0.545	8.79519759634987e-07	c15	HERPUD1
4.87604805862772e-11	0.365273225229859	0.238	0.205	9.64969910802426e-07	c15	MAPK1
5.56791508508616e-11	0.549941142610304	0.143	0.114	1.10189039533855e-06	c15	TESC
5.60763883958007e-11	0.684434309073755	0.048	0.03	1.1097517263529e-06	c15	TPRG1
6.26587000950471e-11	0.170232118342505	0.603	0.584	1.24001567488098e-06	c15	CIB1
6.7351641171146e-11	0.59815584034727	0.084	0.06	1.33288897877698e-06	c15	BCAS4
7.08018179237556e-11	0.353000081855011	0.294	0.265	1.40116797671112e-06	c15	EMC7
7.76913690900898e-11	0.238206053569495	0.479	0.459	1.53751219429288e-06	c15	EMD
8.51598914548247e-11	0.414807661275543	0.191	0.158	1.68531425189098e-06	c15	PRKCB
8.94512036925226e-11	0.17674817305199	0.685	0.668	1.77023932107502e-06	c15	PGK1
9.13310493446041e-11	0.755028026133598	0.037	0.022	1.80744146652971e-06	c15	TSPOAP1
9.34275425963735e-11	0.532265131393621	0.097	0.071	1.84893106798223e-06	c15	TBC1D2B
1.08950860947768e-10	0.156597624318281	0.68	0.667	2.15613753815634e-06	c15	DAZAP2
1.20308209645689e-10	0.357573617763324	0.279	0.251	2.38089946888818e-06	c15	FERMT3
1.2258872503418e-10	0.471602424666389	0.199	0.169	2.42603086842642e-06	c15	GCHFR
1.22623548976735e-10	0.138960185746411	0.694	0.673	2.42672003424959e-06	c15	EDF1
1.23973691828636e-10	0.283938732859676	0.21	0.175	2.45343936128871e-06	c15	BTN3A1
1.40553333590833e-10	0.577288403327599	0.131	0.104	2.78155047176258e-06	c15	BANP
1.54011888916017e-10	0.172680390014309	0.445	0.413	3.04789528164798e-06	c15	TAP1
1.64773884461808e-10	0.615202125627827	0.054	0.035	3.26087517349919e-06	c15	MVB12B
1.65586377705632e-10	0.593347882130605	0.11	0.084	3.27695441479446e-06	c15	TMEM39A
1.93271722901455e-10	0.370283001065513	0.242	0.212	3.8248473962198e-06	c15	FKBP2
1.95027970294581e-10	0.237163215149186	0.442	0.42	3.85960353212976e-06	c15	BUB3
2.04568448232633e-10	0.341714253302867	0.253	0.222	4.04840959052381e-06	c15	MAP4K1
2.32267728862793e-10	0.248501140418764	0.421	0.396	4.59657835419468e-06	c15	GNAI2
2.41996942278373e-10	0.141046830193279	0.674	0.653	4.78911948768901e-06	c15	GABARAP
2.5684077484432e-10	0.455579203573787	0.178	0.149	5.0828789341691e-06	c15	SMIM29
2.61697843976437e-10	0.334271119045745	0.192	0.159	5.17900033229369e-06	c15	LY9
2.62373206832332e-10	0.207121079157784	0.456	0.438	5.19236576321184e-06	c15	TECR
2.73125318053353e-10	0.428379339400486	0.157	0.126	5.40515004427585e-06	c15	PIP4K2A
2.81518241393963e-10	0.422638822891019	0.202	0.172	5.57124599718653e-06	c15	NMRK1
3.14038054272447e-10	0.224845212369118	0.423	0.397	6.21481309405173e-06	c15	TBC1D10C
3.5249546217841e-10	0.553542286095515	0.135	0.107	6.97588519651074e-06	c15	PLEKHO1
4.20835384410404e-10	1.01451890510335	0.035	0.021	8.32833225748189e-06	c15	CBX8
4.4346625402571e-10	0.492643895159479	0.155	0.126	8.7761971671688e-06	c15	PPP6R1
4.99786727453483e-10	0.345371714652127	0.309	0.284	9.89077933630444e-06	c15	SSNA1
5.16694087761387e-10	0.210025598198061	0.385	0.354	1.02253759967978e-05	c15	ATP1B3
5.16777787137905e-10	0.950091545438565	0.03	0.017	1.02270324074591e-05	c15	FP565260.1
5.42960878523069e-10	0.371767620502961	0.156	0.127	1.07451957859715e-05	c15	KIF21A
5.73336497227197e-10	0.520678078257247	0.103	0.078	1.13463292801262e-05	c15	GALNT11
6.70399886203763e-10	0.224855800201097	0.296	0.258	1.32672137479725e-05	c15	STOM
7.44678254687791e-10	0.530386409207399	0.1	0.076	1.47371826602714e-05	c15	ZDHHC7
7.70807552035313e-10	0.190313058217358	0.491	0.47	1.52542814547789e-05	c15	SEPT9
7.98745125722489e-10	0.478420349361779	0.201	0.173	1.58071660380481e-05	c15	CASP3
8.34046482527468e-10	0.45916063123498	0.186	0.158	1.65057798892186e-05	c15	MAD1L1
8.54297656639423e-10	0.208251077749206	0.429	0.4	1.69065506248942e-05	c15	DOK2
1.00483737879279e-09	0.288002662240884	0.352	0.33	1.98857317263094e-05	c15	NDUFAB1
1.0257217440189e-09	0.326471309119901	0.303	0.276	2.0299033314134e-05	c15	CHCHD10
1.20271133832256e-09	0.205916894562929	0.465	0.449	2.38016573854034e-05	c15	FKBP8
1.21192993847247e-09	0.374149916519469	0.223	0.193	2.39840934823701e-05	c15	VAMP2
1.61289828609037e-09	0.554956240714258	0.147	0.121	3.19192570817285e-05	c15	RCE1
1.71225317005687e-09	0.262279235822792	0.403	0.386	3.38854902354254e-05	c15	SF3B6
1.72970584387803e-09	0.381684850679413	0.156	0.127	3.42308786503463e-05	c15	BTN3A3
2.15605830922855e-09	0.549584400916262	0.081	0.06	4.2668393939633e-05	c15	RHBDF2
2.2178647108645e-09	0.307325033033251	0.332	0.311	4.38915426280085e-05	c15	NDUFA12
2.26033667475558e-09	0.847748540427702	0.025	0.014	4.47320627934129e-05	c15	HLA-DQA2
2.28528938273843e-09	0.142668611986797	0.511	0.479	4.52258768843934e-05	c15	GNG5
2.3326235701123e-09	0.818274833085078	0.034	0.02	4.61626204525224e-05	c15	TOGARAM2
2.68368748064841e-09	0.243437030062746	0.373	0.351	5.31101752420321e-05	c15	UQCRQ
2.71878258324707e-09	0.275345924837724	0.227	0.194	5.38047073224595e-05	c15	PYHIN1
2.80096295118257e-09	0.146817291213921	0.39	0.352	5.5431056803903e-05	c15	LGALS1
2.86363394358138e-09	0.154802330141435	0.407	0.376	5.66713157434756e-05	c15	SKIL
3.0988735325728e-09	0.141268650576321	0.715	0.705	6.13267072096158e-05	c15	SLC25A6
3.1119288948542e-09	0.236491591238447	0.369	0.344	6.15850728291647e-05	c15	SURF4
3.14788479769695e-09	0.505567550602342	0.098	0.075	6.22966401464226e-05	c15	SUPT3H
3.19055891236507e-09	0.250131887989887	0.298	0.268	6.31411608757048e-05	c15	STK10
3.24161706631443e-09	0.310437678465208	0.304	0.279	6.41516017423626e-05	c15	RBCK1
4.0030010373189e-09	0.282105018306788	0.333	0.308	7.92193905285411e-05	c15	AIP
4.10192781146154e-09	0.875629311084543	0.044	0.029	8.1177151388824e-05	c15	WSB2
4.20969314250161e-09	0.437574717967341	0.165	0.139	8.33098272901069e-05	c15	OTULIN
4.67605198876802e-09	0.227133850266541	0.393	0.369	9.25390688577192e-05	c15	RBX1
5.88984365304557e-09	0.271688609863664	0.351	0.328	0.000116560005893772	c15	SNRPD1
6.30423941531957e-09	0.256814025365141	0.382	0.363	0.000124760898029174	c15	ADRM1
6.46201022102707e-09	0.297779167394142	0.302	0.279	0.000127883182274126	c15	CCDC12
6.83142548814317e-09	0.36581942553013	0.239	0.21	0.000135193910410353	c15	PTPN6
6.88819418879502e-09	0.269783259686397	0.396	0.383	0.000136317362996254	c15	UQCRFS1
6.93995412576019e-09	0.431065772282458	0.175	0.148	0.000137341692148794	c15	LENG1
7.50821889311152e-09	0.772105861443315	0.017	0.009	0.000148587651894677	c15	PDGFD
7.73716127487343e-09	0.222475065864308	0.41	0.385	0.000153118421629745	c15	PPP1R18
8.02283389760181e-09	0.301129211908926	0.202	0.173	0.00015877188283354	c15	GPR174
9.76874411334377e-09	0.19542588936421	0.484	0.468	0.000193323446003073	c15	NDUFB2
9.96206817876976e-09	0.90659073899851	0.028	0.017	0.000197149329257854	c15	METRN
1.05363031835421e-08	0.361323442240799	0.214	0.187	0.000208513440002298	c15	RASGRP1
1.06958119910562e-08	0.360393222960441	0.203	0.176	0.000211670119303003	c15	TMEM43
1.17422956811533e-08	0.263079252532525	0.37	0.35	0.000232380031530024	c15	SNRPD3
1.45478854307445e-08	0.545760702353131	0.058	0.041	0.000287902652674434	c15	GFOD1
1.51155979081868e-08	0.53442715673062	0.058	0.041	0.000299137682603016	c15	SNTB1
1.60263555673017e-08	0.198714660742682	0.352	0.325	0.000317161576676902	c15	IQGAP2
1.60427199457212e-08	0.10341821630362	0.76	0.727	0.000317485427725823	c15	SUMO2
1.63347737352106e-08	0.648888651763887	0.105	0.083	0.000323265172219819	c15	BLVRA
1.75538576414118e-08	0.224212722326125	0.43	0.414	0.000347390842723539	c15	TBCA
1.78164386303718e-08	0.553684891160835	0.1	0.078	0.000352587320495059	c15	SLC35E1
1.81342969401715e-08	0.146666834554184	0.138	0.109	0.000358877736445993	c15	KLRD1
1.84515258102655e-08	0.283233835359382	0.312	0.289	0.000365155695785154	c15	COPS9
2.00184169521232e-08	0.336113876485842	0.29	0.268	0.000396164471482519	c15	PSMB2
2.02313555815543e-08	0.140376945487162	0.412	0.388	0.00040037852695896	c15	SLC38A1
2.04209864162104e-08	0.474488849528406	0.17	0.145	0.000404131321176804	c15	GPR137B
2.18465908238246e-08	0.359897955609115	0.239	0.214	0.000432344032403489	c15	ZNF428
2.46534292853113e-08	0.370911586493542	0.137	0.111	0.000487891365556312	c15	ZBP1
2.62359878269752e-08	1.027789418536	0.022	0.012	0.00051921019909584	c15	RAB3A
2.73086026572027e-08	0.157071528346062	0.554	0.54	0.000540437246586041	c15	RNASEK
3.2277608156647e-08	0.312785863203626	0.264	0.239	0.000638773865420044	c15	TAF10
3.2429197759715e-08	0.181368674822794	0.487	0.472	0.000641773823664759	c15	PSMB1
3.2950066797939e-08	0.360003771070221	0.193	0.166	0.000652081821931213	c15	UBL3
3.34220120307719e-08	0.567400756909209	0.135	0.112	0.000661421618088975	c15	CYSTM1
3.70761984642874e-08	0.590175562321627	0.069	0.051	0.000733737967608247	c15	DHRS1
3.95000370790366e-08	0.254154194621465	0.341	0.321	0.000781705733794134	c15	GPI
4.02472311516441e-08	0.301791513144498	0.285	0.262	0.000796492704491036	c15	MGST3
4.18021574698804e-08	0.455878756984936	0.146	0.122	0.000827264696328934	c15	TRPV2
4.28406645095964e-08	0.409204829237244	0.254	0.233	0.000847816750644913	c15	FDX1
4.36336318021608e-08	0.126509543222091	0.624	0.614	0.000863509573364762	c15	SSR2
4.40267684054177e-08	0.376021062514241	0.205	0.18	0.000871289746743216	c15	METTL23
4.5265645800675e-08	0.189105941999394	0.465	0.451	0.000895807130395357	c15	ARF5
4.92020701923328e-08	0.195269186010063	0.493	0.481	0.000973708969106267	c15	SRRM1
5.1947217982284e-08	0.299125776117477	0.292	0.271	0.0010280354438694	c15	KDELR2
7.09119996145948e-08	0.58576999011044	0.122	0.1	0.00140334847237283	c15	EXOSC9
7.13649082106239e-08	0.788944014335585	0.037	0.024	0.00141231153348825	c15	POU3F1
7.51399559950608e-08	0.458136527454554	0.175	0.152	0.00148701972914225	c15	NFKBIB
7.72972482907657e-08	0.18124195871287	0.465	0.449	0.00152971254367425	c15	NDUFA1
7.75068667011391e-08	0.177260581199407	0.428	0.406	0.00153386089201554	c15	ARPC5
7.9731665037537e-08	0.231283348280333	0.338	0.315	0.00157788965109286	c15	ACTN4
8.55533829110472e-08	0.200156279591651	0.422	0.405	0.00169310144780962	c15	NEDD8
9.72726241358578e-08	0.509268813403016	0.04	0.026	0.00192502523164863	c15	KLRK1
1.01439357810875e-07	0.268744605271306	0.361	0.347	0.00200748489107722	c15	PPP4C
1.06875486777363e-07	0.351245058724878	0.228	0.204	0.00211506588332401	c15	SDF2L1
1.07310979670319e-07	0.787849058596755	0.027	0.016	0.00212368428767562	c15	ADGRG5
1.27715390901238e-07	0.147750894517847	0.551	0.539	0.00252748758593549	c15	PRR13
1.28524775165529e-07	0.681561236544403	0.042	0.028	0.00254350530052582	c15	GALNT3
1.29355303811236e-07	1.04205076283075	0.016	0.008	0.00255994146242436	c15	ZSCAN22
1.35470855705339e-07	0.279311152098518	0.352	0.338	0.00268096823440866	c15	RAB5C
1.47291098701879e-07	0.263140898338131	0.336	0.316	0.00291489084331018	c15	RNF167
1.49023962164658e-07	0.310099891385002	0.298	0.276	0.00294918421123858	c15	HERPUD2
1.55006709846824e-07	0.271612232112216	0.143	0.117	0.00306758278786866	c15	SLAMF6
1.55291456588391e-07	0.377302371554965	0.237	0.215	0.00307321792588426	c15	ABT1
1.58590734827942e-07	0.600884007600383	0.062	0.045	0.00313851064224498	c15	CBX4
1.60073872196052e-07	0.390956862221934	0.166	0.142	0.00316786193075986	c15	NELFCD
1.62702898877139e-07	0.239833474727456	0.354	0.336	0.00321989036877857	c15	SIGIRR
1.63086648583485e-07	1.00425193585933	0.02	0.011	0.00322748477546718	c15	C1orf61
1.8294790128131e-07	0.175680778635419	0.401	0.378	0.00362053896635713	c15	SUN2
1.92776485822877e-07	0.104367901467464	0.728	0.714	0.00381504665443473	c15	EIF3K
2.0039608977808e-07	1.00607741309454	0.012	0.006	0.0039658386167082	c15	KLRC4-KLRK1
2.1020615193001e-07	0.382032670351629	0.183	0.159	0.00415997974669489	c15	MAZ
2.14120579879644e-07	0.7059361146408	0.052	0.037	0.00423744627581815	c15	VPS18
2.14963681689401e-07	0.171320350964689	0.47	0.456	0.00425413126063324	c15	GNAS
2.28070672694138e-07	0.284818797529448	0.371	0.362	0.004513518612617	c15	STRAP
2.32274413003579e-07	0.246473814441593	0.385	0.371	0.00459671063334084	c15	AURKAIP1
2.51836468328302e-07	0.881757399758356	0.033	0.021	0.0049838437082171	c15	ADAP1
2.69064883278263e-07	0.242133468534584	0.377	0.359	0.00532479404007682	c15	PRDX6
2.70202070991249e-07	0.637072027150839	0.083	0.065	0.00534729898491682	c15	AVPI1
2.7615152407203e-07	0.557961212960802	0.091	0.071	0.00546503866138548	c15	LRMP
2.77579526119514e-07	0.472260355204754	0.023	0.014	0.00549329882190518	c15	FCGR3A
2.89553020373236e-07	0.346357479257556	0.235	0.212	0.00573025427318634	c15	SSBP4
2.9030731374875e-07	0.309018482097869	0.312	0.295	0.00574518173908777	c15	CCDC59
2.95106784268489e-07	0.248007836166347	0.389	0.372	0.00584016326067339	c15	SLBP
2.96002479479765e-07	0.320232923450278	0.295	0.277	0.00585788906890455	c15	GTF3C6
3.09509532316663e-07	0.315494266706316	0.161	0.136	0.00612519364454676	c15	NLRC5
3.65664208399448e-07	0.199409579972009	0.238	0.212	0.00723649468422508	c15	ITGAE
3.88879777210956e-07	0.268330650717215	0.358	0.344	0.00769593079100482	c15	ATP6V0B
4.18025423853599e-07	0.351992610994192	0.234	0.214	0.00827272313806272	c15	RBM42
4.28607028835279e-07	0.142045593631991	0.259	0.23	0.00848213310065016	c15	TGFBR2
4.44477593691975e-07	0.12004479726085	0.436	0.418	0.00879621157916419	c15	TAPBP
4.56487134472219e-07	0.334937986752807	0.207	0.185	0.00903388039120522	c15	TRPC4AP
4.75780469885322e-07	0.509349063562387	0.118	0.097	0.00941569549903053	c15	TP53RK
4.81269594770713e-07	0.522729275821416	0.101	0.082	0.00952432528051241	c15	BAG4
4.87665372102147e-07	0.142889497015528	0.469	0.452	0.00965089771390149	c15	PAXX
4.98246874691247e-07	0.149621275157507	0.529	0.511	0.00986030565013978	c15	SET
5.04757836913836e-07	0.517505731607657	0.117	0.097	0.00998915759252481	c15	ZMYND11
5.07254061345965e-07	0.45281658843243	0.186	0.165	0.0100385578740367	c15	RIC8A
5.11419506496935e-07	0.547586485197061	0.136	0.116	0.0101209920335743	c15	BAK1
5.68395749498432e-07	0.137811116655286	0.549	0.54	0.011248551882574	c15	APRT
6.01353971268403e-07	0.616891266772377	0.048	0.034	0.0119007950914017	c15	KIAA0513
6.38958027543992e-07	0.487972791047831	0.091	0.071	0.0126449793650956	c15	GPR18
6.51893792622798e-07	0.145834652034168	0.522	0.512	0.0129009781560052	c15	RAP1B
6.58641243535636e-07	0.309650526733503	0.075	0.056	0.0130345102095702	c15	ADRB2
6.84353572594778e-07	0.226818359423286	0.299	0.275	0.0135433572016506	c15	GPR65
7.09167108297263e-07	0.57504964238647	0.081	0.063	0.0140344170732028	c15	BORCS6
7.10098266964785e-07	1.02923077176977	0.011	0.005	0.0140528447032331	c15	LANCL3
7.19382315869735e-07	0.376626751338136	0.235	0.216	0.0142365760310621	c15	MRPS36
7.70018326044436e-07	0.452604018689925	0.095	0.076	0.0152386626724194	c15	PIK3CG
7.87118766652321e-07	0.227364955119329	0.368	0.35	0.0155770803920494	c15	DHX36
7.99588162012651e-07	0.450376080135684	0.107	0.087	0.0158238497262304	c15	FAM53B
8.38220210562643e-07	0.277260675239582	0.32	0.307	0.0165883779670347	c15	EMC4
8.57740190375968e-07	0.218399277224294	0.398	0.383	0.0169746783675404	c15	OPTN
8.70041477324145e-07	0.266144292098112	0.201	0.176	0.0172181208362448	c15	MIDN
9.2714017811724e-07	0.419146455799125	0.194	0.174	0.0183481041249402	c15	OVCA2
9.38067705896317e-07	0.435362991231717	0.068	0.051	0.0185643598996881	c15	ITGA5
9.52438341402505e-07	0.156682159019721	0.457	0.445	0.0188487547763556	c15	ARHGEF1
9.83806264964137e-07	0.746057307686196	0.025	0.015	0.0194695259836403	c15	TTC24
1.10480967012344e-06	0.40774092318757	0.192	0.172	0.0218641833717429	c15	AKR1B1
1.1845947589978e-06	0.968396798226518	0.012	0.006	0.0234431302805665	c15	PIK3R6
1.22966504730718e-06	0.597213824072953	0.117	0.098	0.024335071286209	c15	WDR18
1.24201568076565e-06	1.07594706011049	0.014	0.007	0.0245794903223522	c15	STYK1
1.35897316437326e-06	0.504481101259009	0.07	0.053	0.0268940789229469	c15	BICD1
1.36785165952775e-06	0.41785772355607	0.156	0.135	0.0270697843420542	c15	SLC10A3
1.44292121733649e-06	0.255907916252283	0.344	0.33	0.0285554108910892	c15	UBE2L3
1.48877048321287e-06	0.21020945191548	0.401	0.388	0.0294627678627826	c15	NDUFB4
1.55785538842216e-06	0.412392042098612	0.039	0.027	0.0308299581368746	c15	YPEL1
1.59849257742446e-06	0.374571332843707	0.221	0.201	0.03163416810723	c15	CARHSP1
1.60285443718282e-06	0.14447814755987	0.58	0.571	0.031720489311848	c15	MZT2B
1.75882295678065e-06	0.247473774354272	0.333	0.319	0.0348071063146891	c15	DNAJC8
1.85560203155728e-06	0.377886201379901	0.224	0.207	0.0367223642045186	c15	LSM1
2.00579878050355e-06	0.177198806151591	0.395	0.381	0.0396947578661653	c15	PRDX5
2.41255924104312e-06	0.585896903657566	0.03	0.02	0.0477445473802434	c15	NSMF
