p_val	avg_log2FC	pct.1	pct.2	p_val_adj	cluster	gene
0	1.7623128931666	0.729	0.282	0	c10	CCR7
0	1.91444682789466	0.66	0.245	0	c10	SELL
0	1.33946247446021	0.761	0.368	0	c10	KLF2
0	1.74584187410446	0.472	0.163	0	c10	TCF7
0	0.635497399512535	0.828	0.523	0	c10	LTB
0	1.92635937474806	0.452	0.15	0	c10	LEF1
0	1.74477966317143	0.444	0.149	0	c10	S1PR1
0	1.82753784950098	0.391	0.116	0	c10	MAL
0	1.14623873956726	0.664	0.401	0	c10	GIMAP7
0	1.10170057347587	0.594	0.346	0	c10	CD55
0	1.03030572037075	0.848	0.619	0	c10	LDHB
0	1.38530364901861	0.396	0.169	0	c10	KLF3
0	1.05311445448363	0.677	0.467	0	c10	RPS4Y1
0	0.931304807669143	0.737	0.528	0	c10	EIF3E
0	1.34460839990402	0.372	0.166	0	c10	SESN3
0	0.878215063525088	0.854	0.666	0	c10	NOP53
0	1.79447622691391	0.262	0.078	0	c10	PLAC8
0	2.72087002761841	0.193	0.034	0	c10	ACTN1
0	1.0315536175727	0.946	0.804	0	c10	EEF1G
0	0.636602670808407	0.934	0.794	0	c10	FXYD5
0	0.955628034407916	0.949	0.817	0	c10	RPL7
0	2.04355755095047	0.166	0.044	0	c10	SCML1
0	0.635834564721698	0.895	0.78	0	c10	TOMM7
0	0.993863623097796	0.966	0.853	0	c10	PABPC1
0	0.710961718987363	0.929	0.82	0	c10	RPL31
0	0.91750750663302	0.962	0.862	0	c10	RPL4
0	1.11282853408639	0.978	0.88	0	c10	EEF1B2
0	0.628942171655213	0.957	0.863	0	c10	PFDN5
0	1.10069072964255	0.989	0.9	0	c10	RPL22
0	0.711467958587617	0.905	0.821	0	c10	RPL38
0	0.586687130598254	0.932	0.854	0	c10	EEF2
0	0.560104892679762	0.977	0.915	0	c10	EEF1D
0	0.564887057878146	0.952	0.895	0	c10	RPL27
0	0.600029789546371	0.957	0.904	0	c10	RPL37A
0	0.91015749669463	0.987	0.935	0	c10	RPL9
0	0.792779861976299	0.991	0.941	0	c10	NACA
0	0.592772228922673	0.981	0.932	0	c10	UBA52
0	0.751422363708429	0.993	0.946	0	c10	RPSA
0	0.837724760897977	0.989	0.942	0	c10	RPL10A
0	0.591117489206221	0.976	0.929	0	c10	RPL13A
0	1.0150673560418	0.995	0.95	0	c10	RPL5
0	0.539885387820694	0.98	0.935	0	c10	RPL35
0	0.795693623238094	0.989	0.945	0	c10	RPS21
0	0.801267522623464	0.987	0.944	0	c10	RPL21
0	0.972657344168154	0.993	0.951	0	c10	RPS5
0	0.688553414274569	0.991	0.951	0	c10	RACK1
0	0.505007737926425	0.979	0.941	0	c10	SARAF
0	0.568906449549148	0.992	0.955	0	c10	RPL24
0	0.783142592059093	0.994	0.958	0	c10	RPL36
0	0.639695824871769	0.992	0.96	0	c10	RPL17
0	0.657960992100061	0.991	0.96	0	c10	RPS9
0	0.882655967751218	0.997	0.968	0	c10	RPL37
0	0.639026602402689	0.997	0.969	0	c10	RPLP0
0	0.806833239293893	0.998	0.972	0	c10	RPL14
0	0.727466482790439	0.998	0.972	0	c10	RPLP2
0	0.705626425473508	0.997	0.971	0	c10	RPL6
0	0.872373213030132	0.999	0.974	0	c10	RPL29
0	0.604918274150757	0.993	0.968	0	c10	RPS16
0	0.901589668712721	0.996	0.971	0	c10	RPL3
0	0.514629940268293	0.989	0.965	0	c10	RPL15
0	0.408335960158276	0.988	0.964	0	c10	RPL23A
0	1.08478499793256	0.998	0.975	0	c10	RPS13
0	0.950811550092035	0.997	0.975	0	c10	RPS6
0	0.768767873581561	0.999	0.977	0	c10	RPL12
0	1.09902133535117	0.999	0.979	0	c10	RPS3A
0	0.478927372334254	0.998	0.978	0	c10	FAU
0	0.643012858734133	0.997	0.977	0	c10	RPS25
0	0.768229106932148	0.997	0.978	0	c10	RPL35A
0	0.979395634735827	0.998	0.979	0	c10	RPL34
0	0.815524681065949	0.998	0.979	0	c10	RPL8
0	0.820102725669184	0.998	0.979	0	c10	RPL18
0	0.852633694299214	0.998	0.98	0	c10	RPL39
0	0.364283524533907	0.998	0.98	0	c10	RPS24
0	0.588197660537468	0.998	0.98	0	c10	RPL26
0	0.738595087283627	0.998	0.98	0	c10	RPS28
0	0.859737793927805	1	0.983	0	c10	RPS23
0	0.787749611052101	0.998	0.981	0	c10	RPS4X
0	0.540651012379126	0.998	0.981	0	c10	RPL7A
0	0.562650358804852	0.998	0.982	0	c10	RPS7
0	0.840476917613524	1	0.984	0	c10	RPS18
0	0.718557506251489	0.999	0.984	0	c10	RPS2
0	0.600169292081548	0.999	0.984	0	c10	RPS15
0	0.994205339570772	0.999	0.985	0	c10	RPL11
0	1.09497069701857	0.999	0.985	0	c10	RPL32
0	0.822329157807567	1	0.986	0	c10	RPS14
0	0.799469606028388	0.999	0.985	0	c10	RPL18A
0	1.03168535709985	1	0.987	0	c10	RPS8
0	0.886591394950906	0.999	0.986	0	c10	RPL19
0	0.54849786553758	0.999	0.987	0	c10	RPS27
0	0.81736127701148	0.999	0.988	0	c10	RPS27A
0	0.827047005614568	1	0.989	0	c10	RPL30
0	0.74114740722086	1	0.989	0	c10	TPT1
0	0.622456260308593	1	0.989	0	c10	RPS15A
0	0.702701639794352	1	0.99	0	c10	RPS3
0	0.507030799681924	1	0.99	0	c10	RPS19
0	0.931972201027409	1	0.991	0	c10	RPS12
0	0.384555454326502	1	0.992	0	c10	RPL28
0	0.837225612786301	1	0.994	0	c10	RPL13
0	0.795855906975784	1	0.995	0	c10	RPL10
0	0.489759476002048	1	0.996	0	c10	RPLP1
0	0.832194643368851	1	0.997	0	c10	EEF1A1
3.15197895091895e-307	0.570223314483975	0.916	0.822	6.23776634386861e-303	c10	RPS11
4.15222767360657e-287	1.74516574959903	0.172	0.049	8.21725856606741e-283	c10	AC119396.1
1.17837061287267e-284	0.481280274818554	0.954	0.878	2.33199544287502e-280	c10	BTF3
2.94534119932646e-284	4.98010682567129	0.02	0.001	5.82883023346707e-280	c10	NOG
4.71060578158899e-273	1.66201823959904	0.212	0.072	9.32228884176461e-269	c10	SH3YL1
3.27007408659102e-266	1.34921374338093	0.292	0.12	6.47147661736362e-262	c10	RASGRP2
4.97341982942866e-260	2.03925643146887	0.132	0.034	9.84239784243932e-256	c10	TXK
2.80316198282044e-253	0.499123640249964	0.925	0.842	5.54745756400164e-249	c10	COX4I1
1.39727227860934e-252	3.85890867039328	0.032	0.002	2.76520183936787e-248	c10	AK5
2.68129670518918e-252	0.99819266831512	0.47	0.256	5.30628617956938e-248	c10	ABLIM1
1.46161707640831e-249	2.29346188931833	0.106	0.024	2.89254019421204e-245	c10	LYPD3
2.35133728901246e-248	1.11893245372988	0.411	0.212	4.65329649495566e-244	c10	ICAM2
8.00572312758479e-239	0.731641491923709	0.727	0.549	1.58433260694903e-234	c10	RPS10
1.21705703078496e-232	0.608871140805153	0.83	0.704	2.40855586392344e-228	c10	RPS20
1.1566320683137e-231	0.873205046950346	0.718	0.55	2.28897486319281e-227	c10	RPL36A
9.73940828002023e-229	0.458630462079705	0.87	0.609	1.927428898616e-224	c10	IL7R
2.20118545674252e-227	0.779419155225599	0.657	0.463	4.35614601889344e-223	c10	EIF3L
1.84099650408159e-221	1.50385769107669	0.195	0.07	3.64333208157746e-217	c10	BACH2
3.99011040677422e-214	1.48986365553618	0.19	0.068	7.89642849500617e-210	c10	C1orf162
9.47577715499569e-210	1.36117262604802	0.197	0.073	1.87525629897365e-205	c10	BEX3
6.83465141856991e-196	0.723958870751236	0.666	0.485	1.35257751573498e-191	c10	AES
1.14252959297701e-190	1.5217020360721	0.168	0.06	2.2610660645015e-186	c10	BEX2
4.85189803955515e-183	2.14778210888302	0.091	0.023	9.60190622027964e-179	c10	ADTRP
1.9960702946034e-182	1.04962289844135	0.476	0.312	3.95022311302012e-178	c10	NOSIP
1.02590113047316e-181	2.30753895871969	0.062	0.012	2.03025833720638e-177	c10	TCEA3
1.51653665785205e-175	1.68382309856829	0.134	0.045	3.0012260458892e-171	c10	TRABD2A
6.56386195455929e-175	1.21915871547329	0.228	0.1	1.29898828080728e-170	c10	GIMAP5
7.95149791575081e-172	0.592377258709629	0.93	0.875	1.57360143752709e-167	c10	RPS29
1.12294891868733e-168	1.27477768288484	0.22	0.097	2.22231591008223e-164	c10	TSHZ2
2.32577976917601e-165	0.621149350090453	0.697	0.542	4.60271816319933e-161	c10	EIF3H
1.11003001563027e-163	0.731173791521412	0.594	0.423	2.1967494009323e-159	c10	RNASET2
6.04873703111537e-161	0.439182033805234	0.87	0.775	1.19704505845773e-156	c10	COX7C
1.8622018667882e-160	1.39743999914681	0.214	0.095	3.68529749437384e-156	c10	PASK
3.33783098226721e-158	0.683356830822375	0.525	0.339	6.60556751390681e-154	c10	FCMR
1.28501421889591e-152	0.521416546682407	0.814	0.69	2.54304313919501e-148	c10	C12orf57
2.61955820523668e-152	2.21973939500158	0.067	0.015	5.1841056881634e-148	c10	FHIT
7.54110243262706e-152	0.353186071187505	0.931	0.864	1.49238417141689e-147	c10	NPM1
1.6741387030761e-150	1.59215073347592	0.11	0.035	3.3131204933876e-146	c10	AIF1
3.29493359385174e-148	0.714847350262517	0.491	0.32	6.52067358223259e-144	c10	TMEM123
1.42375780048477e-147	0.842068824307129	0.432	0.273	2.81761668715936e-143	c10	FBL
3.48350624282299e-146	1.47140185473308	0.182	0.078	6.89385885454671e-142	c10	CMTM8
4.62766361791612e-138	0.788339703296806	0.378	0.221	9.15814629985601e-134	c10	GIMAP1
8.86446292571914e-138	0.458583472807551	0.82	0.692	1.75427721299982e-133	c10	LEPROTL1
2.44480035084139e-134	0.664195452218966	0.586	0.428	4.8382598943151e-130	c10	SMDT1
5.58631462455352e-134	0.610573668173383	0.964	0.923	1.10553166419914e-129	c10	RPL41
1.40533933890315e-132	1.87979549679912	0.074	0.02	2.78116655168934e-128	c10	SLC40A1
2.27015604119605e-130	1.51861024756364	0.128	0.048	4.49263880552699e-126	c10	FXYD7
5.28825759716269e-130	0.37005382247992	0.9	0.844	1.0465461784785e-125	c10	RPL27A
6.88272806581582e-130	3.26013562933992	0.024	0.003	1.36209188422495e-125	c10	SULT1B1
1.09507125716807e-127	0.592647584655567	0.631	0.488	2.16714601793561e-123	c10	UXT
4.90189386589361e-127	0.421618512625918	0.832	0.725	9.70084796060346e-123	c10	COMMD6
3.11202442971634e-126	1.02184216097415	0.294	0.166	6.15869634640864e-122	c10	ARRDC2
1.65403971779043e-119	1.36380904115567	0.125	0.048	3.27334460150726e-115	c10	ARMH1
5.71851899995701e-119	0.460258484215443	0.753	0.636	1.13169491009149e-114	c10	EIF3F
7.04512057395536e-119	0.612231344997893	0.602	0.464	1.39422936158576e-114	c10	EIF4B
7.01684435088285e-118	1.21803144603938	0.163	0.072	1.38863349703972e-113	c10	BEX4
1.25915698274747e-115	0.455526957153572	0.759	0.638	2.49187166885724e-111	c10	SF1
9.32675841212145e-113	0.489754361181618	0.694	0.565	1.84576548975883e-108	c10	RPS17
7.52649543084454e-112	0.675582769002396	0.459	0.311	1.48949344576413e-107	c10	MCUB
1.21123038320205e-111	0.638885687235145	0.466	0.317	2.39702492835686e-107	c10	FLT3LG
5.50431885701295e-111	0.402548344082427	0.992	0.974	1.08930470180286e-106	c10	FTH1
7.25357190753743e-110	1.05394209575484	0.237	0.128	1.43548188050166e-105	c10	AP3M2
1.11985544119098e-108	0.363378498778339	0.878	0.786	2.21619391811695e-104	c10	HINT1
3.48117090142434e-108	0.595037294879561	0.532	0.377	6.88923721391876e-104	c10	GPR183
2.90137422339775e-107	1.05688034037223	0.163	0.075	5.74181958810416e-103	c10	SPINT2
1.56132463831734e-102	0.619885441995177	0.462	0.32	3.08986145923003e-98	c10	FOXP1
8.02958560058947e-102	0.764498296177632	0.353	0.225	1.58905499035666e-97	c10	ALKBH7
1.53725637912228e-99	0.880127134781607	0.248	0.138	3.04223037428299e-95	c10	RASA3
1.90700509650843e-95	0.391564424212107	0.802	0.701	3.77396308599019e-91	c10	SLC25A6
2.12689776249666e-92	0.41466447864561	0.735	0.637	4.2091306719809e-88	c10	RPL23
1.30323758439713e-89	0.551355073824073	0.571	0.451	2.57910717952193e-85	c10	NDFIP1
2.18984235370879e-88	0.662976553081466	0.388	0.266	4.33369801798969e-84	c10	EIF2S3
2.74211286976741e-88	0.355259178758137	0.807	0.713	5.42664136926971e-84	c10	UQCRB
9.84356009872116e-88	2.43016677223542	0.022	0.003	1.94804054353692e-83	c10	IGF1R
1.31482606996705e-84	1.29676995849942	0.125	0.057	2.60204079246478e-80	c10	PHLDB3
1.58328175102194e-84	0.654170024860558	0.332	0.214	3.13331458527242e-80	c10	SATB1
3.46606847180876e-84	0.992261663082716	0.159	0.079	6.85934950570953e-80	c10	RIC3
1.93583692520842e-83	0.745847350273652	0.388	0.268	3.83102127498747e-79	c10	WDR74
1.94141365076739e-79	0.723328930223068	0.319	0.208	3.84205761486866e-75	c10	C6orf48
1.79163990481907e-78	0.559976582914703	0.498	0.378	3.54565537163695e-74	c10	NSA2
3.5083141269506e-78	0.482474793960999	0.463	0.334	6.94295365723524e-74	c10	CAMK4
3.7840683931977e-78	0.343624430856038	0.8	0.71	7.48867135013824e-74	c10	EIF3K
4.36459219137504e-77	2.31768821779843	0.028	0.005	8.63752794673121e-73	c10	EDA
4.41701364444346e-76	1.0025330656339	0.148	0.074	8.7412700023536e-72	c10	TMEM204
2.41216514365096e-75	0.365174860378952	0.754	0.654	4.77367481928524e-71	c10	SERP1
2.83650030725241e-75	1.79269441788806	0.046	0.013	5.61343410805253e-71	c10	EIF4EBP3
5.78171941195463e-75	1.21003986635501	0.091	0.037	1.14420227162582e-70	c10	PLEKHB1
9.64778769186797e-75	2.33828496218658	0.026	0.005	1.90929718422067e-70	c10	ZBED3
1.53722843300039e-74	2.03022041165099	0.039	0.01	3.04217506890776e-70	c10	ANKRD55
3.08847487478011e-74	0.850689900456834	0.178	0.097	6.11209177718984e-70	c10	PRKCA
2.35460194755338e-73	0.489264553656625	0.547	0.431	4.65975725420814e-69	c10	RSL1D1
6.26547558824099e-72	0.886777109795921	0.18	0.099	1.23993761891289e-67	c10	LDLRAP1
8.40492437395688e-72	2.41055581576179	0.022	0.004	1.66333453360607e-67	c10	PCSK5
9.21815631970506e-72	0.813669687985788	0.224	0.133	1.82427313566963e-67	c10	LSR
4.87235724041606e-71	0.323295898240965	0.757	0.658	9.64239497878338e-67	c10	SNRPD2
5.66998314224701e-71	0.477220209613414	0.458	0.334	1.12208966385068e-66	c10	GIMAP4
1.37350954978872e-70	0.402023984805259	0.604	0.482	2.71817539903188e-66	c10	NME2
7.21204475001336e-70	2.55059873527242	0.02	0.003	1.42726365602764e-65	c10	TMEM45B
5.21024586528078e-67	0.235523310291313	0.926	0.878	1.03110765673907e-62	c10	HNRNPA1
1.17461860286411e-65	0.58993974198603	0.431	0.326	2.32457021506808e-61	c10	PRMT2
3.06027536593465e-65	0.522551551237363	0.422	0.311	6.05628494918467e-61	c10	C1QBP
8.19759085414685e-64	1.45287452195018	0.066	0.025	1.62230323003566e-59	c10	DPEP2
2.44786190269726e-63	1.9435925527151	0.033	0.009	4.84431870543787e-59	c10	VIPR1
1.78871839918995e-62	1.20048239114403	0.094	0.042	3.5398737119969e-58	c10	CRIP2
6.0512923856464e-61	0.606179934541666	0.34	0.24	1.19755076311942e-56	c10	SC5D
6.76999134553149e-61	1.425813920821	0.068	0.027	1.33978128728068e-56	c10	NET1
3.8259169409352e-60	1.56013366985922	0.035	0.01	7.57148962611076e-56	c10	RALGPS2
4.77326674378407e-60	2.24021336367323	0.023	0.005	9.44629488594868e-56	c10	SUSD4
6.53994475438828e-60	0.883139228088184	0.109	0.053	1.29425506689344e-55	c10	ITGA6
1.40835501925653e-59	0.426772536714646	0.463	0.349	2.78713458310868e-55	c10	PIK3IP1
4.43579975201863e-58	0.593235911347267	0.305	0.21	8.77844770924487e-54	c10	RIPOR2
1.5843476856709e-57	1.6874205034563	0.044	0.014	3.13542406994271e-53	c10	CKAP4
7.28642196824141e-57	1.27330135002737	0.076	0.033	1.44198290751498e-52	c10	SNN
5.83668255486763e-56	0.881535671335563	0.184	0.111	1.1550794776083e-51	c10	CFAP36
1.12091441137763e-55	2.19975774038899	0.023	0.005	2.21828962011633e-51	c10	GCNT4
1.20087583288606e-55	2.33319783407185	0.022	0.005	2.37653327328151e-51	c10	WNT7A
1.36585526808635e-55	2.20798606800383	0.018	0.003	2.70302757554288e-51	c10	CD248
2.95507275275943e-55	0.608328188736707	0.414	0.317	5.84808897771092e-51	c10	DCXR
4.79259443048787e-55	0.362613196196106	0.613	0.496	9.48454437793549e-51	c10	ANP32B
8.54007782944008e-55	1.41896155312415	0.055	0.021	1.69008140244619e-50	c10	HSBP1L1
7.71474393035459e-54	0.631610812922853	0.282	0.194	1.52674782381717e-49	c10	APEX1
1.75086738125867e-53	1.33973712699252	0.072	0.031	3.46496654751092e-49	c10	IFNGR2
5.45155953882512e-53	1.0947801231431	0.074	0.033	1.07886363273349e-48	c10	PCSK1N
7.45182782672703e-53	0.694098317335111	0.18	0.108	1.47471672690928e-48	c10	SERINC5
4.49126968393347e-52	0.433772577030526	0.491	0.391	8.88822270450434e-48	c10	RSL24D1
4.61012056829827e-52	0.952458507297986	0.096	0.047	9.12342860466227e-48	c10	NME4
5.16558144083728e-50	0.330887373963599	0.545	0.434	1.0222685671417e-45	c10	SMAP2
5.43427109243868e-49	0.578178659520703	0.262	0.179	1.07544224919362e-44	c10	IMPDH2
1.55045414526762e-48	2.67005350553686	0.013	0.002	3.06834875348463e-44	c10	TMEM220
1.70452893055539e-48	0.354273673871814	0.381	0.28	3.37326275356912e-44	c10	PDE3B
4.69621124173028e-48	2.4586842533402	0.02	0.004	9.29380204738423e-44	c10	GPA33
8.65172889555519e-48	0.292483028819005	0.699	0.611	1.71217714843037e-43	c10	SSR2
9.41964746809512e-47	0.273669747964206	0.632	0.531	1.86414823393602e-42	c10	CD48
1.08301061610563e-46	2.90483968737121	0.01	0.001	2.14327800927303e-42	c10	KALRN
1.45752952430113e-46	0.568183203245023	0.228	0.15	2.88445092859194e-42	c10	SORL1
3.82946466815712e-46	1.05906406781379	0.086	0.042	7.57851057828295e-42	c10	SPART
8.04883531840221e-46	1.08405684344758	0.096	0.05	1.5928645095118e-41	c10	CYSLTR1
1.00927916285652e-45	0.381506626459844	0.553	0.464	1.99736346329306e-41	c10	TOMM20
3.19563547165096e-45	1.56188313488094	0.042	0.016	6.32416259839725e-41	c10	VSIG1
7.76366672375225e-45	0.305890779259503	0.659	0.568	1.53642964463057e-40	c10	MZT2B
6.1120382020824e-44	0.483902828945099	0.361	0.272	1.20957236019211e-39	c10	SAMHD1
1.14920604723605e-43	1.5165759157543	0.036	0.012	2.27427876748014e-39	c10	MICU3
1.82608846905107e-43	1.65290091778353	0.037	0.013	3.61382908025207e-39	c10	SPON1
2.37674952624879e-43	2.46934613352613	0.012	0.002	4.70358731244635e-39	c10	FAM153A
1.20671421148755e-42	0.779356349964671	0.142	0.085	2.38808742453386e-38	c10	MXI1
2.17174370901843e-42	0.492727222631071	0.323	0.24	4.29788080014747e-38	c10	ADD3
3.47484997968381e-42	1.39106891546566	0.05	0.021	6.87672810979425e-38	c10	FBLN5
1.09465316233932e-41	0.616384593348363	0.203	0.135	2.16631860826952e-37	c10	TESPA1
7.21837873567689e-41	0.67017301041838	0.167	0.106	1.42851715179046e-36	c10	RETREG1
8.37337294150215e-41	1.82641452594648	0.027	0.008	1.65709050512328e-36	c10	S100B
9.95657248266979e-41	1.79680997619365	0.026	0.008	1.97040569432035e-36	c10	SLC22A17
1.4815175809495e-40	0.520752355723567	0.279	0.202	2.93192329269906e-36	c10	DGKA
2.03837397507616e-40	0.895199413517461	0.093	0.049	4.03394209667572e-36	c10	APP
1.1808452252508e-39	2.19352261732529	0.018	0.004	2.33689270077133e-35	c10	TKTL1
2.16354102420107e-39	0.428901220398402	0.29	0.209	4.28164768689392e-35	c10	ATM
6.38560006213441e-39	0.452656399768154	0.334	0.252	1.2637102522964e-34	c10	TMEM243
7.98740180083863e-39	0.990076656372862	0.056	0.025	1.58070681638596e-34	c10	RNF144A
3.7442266627173e-38	1.82635425701757	0.025	0.008	7.40982456551753e-34	c10	HPCAL4
6.70876872589587e-38	0.19120206770405	0.906	0.841	1.32766533085479e-33	c10	RPL36AL
1.23592480364421e-37	1.37546309122574	0.036	0.013	2.44589518641188e-33	c10	KCNQ1
1.50517286426367e-37	0.544918373946327	0.29	0.216	2.97873709837781e-33	c10	RNF138
2.04457013726717e-37	1.27518901268894	0.058	0.027	4.04620430165174e-33	c10	GCSAM
3.00415002496163e-37	2.78690498228585	0.01	0.002	5.94521289939906e-33	c10	REG4
5.86207913673381e-37	0.816832256603798	0.094	0.052	1.16010546115962e-32	c10	SERPINB6
6.98001809099835e-37	0.552309384366811	0.195	0.132	1.38134558020857e-32	c10	FAAH2
1.12973080739688e-36	0.815126802359259	0.129	0.079	2.23573726783843e-32	c10	SESN1
1.6989126809419e-36	0.869895935127201	0.068	0.033	3.36214819558403e-32	c10	GSTM3
1.9986372660638e-36	0.390363426434365	0.574	0.505	3.95530314954026e-32	c10	FAM177A1
4.77301149238225e-36	0.297409525151247	0.567	0.483	9.44578974342448e-32	c10	ERP29
5.44285854069755e-36	0.852641843048025	0.118	0.07	1.07714170520405e-31	c10	GPR18
5.4453863637457e-36	1.1692039091838	0.061	0.029	1.07764196138527e-31	c10	IL23A
1.25231806057288e-35	1.07045365435173	0.07	0.035	2.47833744187374e-31	c10	TAF4B
1.63087432167199e-35	0.417208529611065	0.368	0.29	3.22750028258886e-31	c10	HAX1
1.66382739520987e-34	0.45639964918879	0.302	0.229	3.29271441512034e-30	c10	LSM5
2.28058087722393e-34	0.804869993601832	0.103	0.06	4.51326955602616e-30	c10	TCP11L2
3.6936980195563e-34	0.269683189999644	0.646	0.569	7.30982838070191e-30	c10	EIF3G
6.49556372633584e-34	0.377107035598992	0.433	0.349	1.28547206144186e-29	c10	NSMCE3
6.9922804980488e-34	0.134104283565802	0.955	0.908	1.38377231056386e-29	c10	ARHGDIB
6.9957432471212e-34	0.571590575415905	0.176	0.117	1.38445758860528e-29	c10	TNFSF8
7.07421685468351e-34	0.908641992458108	0.068	0.034	1.39998751554187e-29	c10	GIMAP8
1.30172546513499e-33	1.01567500204394	0.06	0.029	2.57611469550215e-29	c10	LMO7
3.16280087765033e-33	0.908435249114437	0.063	0.031	6.25918293687001e-29	c10	LPAR6
7.56362268063971e-33	0.731739428620503	0.155	0.102	1.4968409284986e-28	c10	CCDC57
1.25932477957561e-32	0.453888534185402	0.161	0.104	2.49220373878013e-28	c10	NELL2
2.55402594616112e-32	0.506466276349509	0.253	0.186	5.05441734745287e-28	c10	THEM4
3.71919806844689e-32	0.346076360199119	0.487	0.409	7.3602929774564e-28	c10	PRDX2
4.84647440080162e-32	0.700366520218105	0.117	0.071	9.59117283918641e-28	c10	IL6R
6.48807668780889e-32	0.247147599076935	0.698	0.622	1.28399037651738e-27	c10	PCBP2
6.87317880181795e-32	0.300874455101221	0.54	0.461	1.36020208487977e-27	c10	C19orf53
7.43224834480353e-31	0.840894421156556	0.085	0.048	1.47084194743662e-26	c10	ARHGAP5
7.64986301843832e-31	0.333482957553073	0.358	0.279	1.51390789134894e-26	c10	TRAT1
1.27854381035214e-30	0.719972096701692	0.1	0.059	2.53023820068688e-26	c10	C11orf1
1.41162111844746e-30	0.866290465217257	0.088	0.05	2.79359819340752e-26	c10	CHD7
2.65136253941462e-30	0.523679743563579	0.081	0.045	5.24704646550154e-26	c10	TMIGD2
2.77071096477957e-30	0.56125676049826	0.15	0.099	5.48323699929876e-26	c10	MAML2
8.25226058617054e-30	0.345128414411527	0.296	0.222	1.63312237000315e-25	c10	MGAT4A
2.49193835828641e-29	0.389551820197615	0.372	0.304	4.93154601104881e-25	c10	CMPK1
1.2336347187465e-28	2.14465351743378	0.011	0.002	2.44136310839933e-24	c10	RBM11
1.89229543245212e-28	1.73693453905422	0.017	0.005	3.74485266082275e-24	c10	RGMB
1.68732917791252e-27	1.39748273746988	0.025	0.009	3.33922444308888e-23	c10	PELI2
1.79056028682248e-27	0.770252001616546	0.074	0.041	3.54351880762168e-23	c10	ZSCAN18
6.51194476874115e-27	1.15020345654844	0.035	0.015	1.28871386973387e-22	c10	HOOK1
8.22296738184714e-27	0.325393349342486	0.296	0.229	1.62732524486755e-22	c10	TGFBR2
9.42615024592905e-27	1.25487848541024	0.028	0.011	1.86543513366936e-22	c10	SLC16A10
3.30804196658383e-26	1.34929207529768	0.024	0.009	6.5466150518694e-22	c10	PTK2
4.36715659309884e-26	0.325238061884573	0.342	0.272	8.64260289774261e-22	c10	IMP3
9.93037899563267e-26	1.13732533407719	0.037	0.017	1.96522200323571e-21	c10	FAM117B
1.067624374123e-25	0.783318864503921	0.081	0.048	2.11282863638941e-21	c10	ABRAXAS1
3.14021719334786e-25	2.0771441538993	0.01	0.002	6.21448982563541e-21	c10	RAI2
4.05879952128123e-25	1.28589823558542	0.035	0.015	8.03236425261556e-21	c10	CFP
7.92542862082614e-25	0.27019886298422	0.509	0.438	1.56844232406149e-20	c10	UCP2
1.01885184141134e-24	1.53030914309998	0.018	0.006	2.01630779415304e-20	c10	PLAG1
1.15182033225242e-24	1.08584295199448	0.027	0.011	2.27945243752754e-20	c10	FBP1
1.65424256648591e-24	0.251196621261141	0.569	0.497	3.27374603907561e-20	c10	ST13
2.14004794360272e-24	0.634880084733351	0.091	0.056	4.23515488038979e-20	c10	CSGALNACT1
2.67559847846731e-24	0.757436152498941	0.078	0.046	5.29500938888681e-20	c10	FCGRT
2.72783290848102e-24	0.500052232605456	0.2	0.147	5.39838132588393e-20	c10	SVIP
1.02333518678512e-23	0.235786904196869	0.425	0.35	2.02518033464775e-19	c10	RNF125
1.19098367629242e-23	1.29367939946068	0.024	0.009	2.35695669538269e-19	c10	FAM229B
1.61653723517355e-23	0.287921296821323	0.438	0.37	3.19912718840845e-19	c10	ATP5PD
2.60103423933996e-23	0.263014844197825	0.55	0.487	5.14744675965378e-19	c10	GYPC
2.67065938778243e-23	0.345614754413788	0.324	0.262	5.28523492842143e-19	c10	S1PR4
3.03899767205883e-23	1.64486545027881	0.013	0.004	6.01417639300443e-19	c10	UBE2E2
3.48971249604678e-23	1.26753331281758	0.02	0.007	6.90614102967659e-19	c10	C16orf74
3.93011976011732e-23	0.290017498898205	0.448	0.384	7.77770700527219e-19	c10	EIF3M
8.10151840006178e-23	0.195854022744552	0.365	0.295	1.60329049137223e-18	c10	IL6ST
8.15177029748634e-23	0.73096767713517	0.068	0.039	1.61323534187255e-18	c10	SLC8B1
2.32430281040201e-22	0.491133694290586	0.207	0.156	4.59979526178557e-18	c10	MSL3
2.32700914524623e-22	0.354972534641943	0.286	0.227	4.60515109844229e-18	c10	GPCPD1
2.44188744901243e-22	0.576274746489929	0.082	0.05	4.83249526159561e-18	c10	MYC
3.25284000930701e-22	0.502649379401385	0.193	0.144	6.43737037841857e-18	c10	NBEAL1
3.86101082669943e-22	1.29738389770322	0.017	0.006	7.64094042603817e-18	c10	ACVR1C
5.84014719614925e-22	1.46025153652968	0.019	0.007	1.15576513011794e-17	c10	AFF3
1.0392660588846e-21	0.996639165253984	0.054	0.03	2.05670753053262e-17	c10	FXYD1
1.18247648778622e-21	1.588279351539	0.015	0.005	2.34012096932893e-17	c10	GNG7
2.56515125738765e-21	0.717703266804544	0.09	0.057	5.07643433837015e-17	c10	EPHX2
3.22617429223372e-21	0.21263628749449	0.605	0.539	6.38459892433054e-17	c10	GPSM3
5.81717636408851e-21	0.370798158676416	0.328	0.27	1.15121920245312e-16	c10	SOD2
9.86930402877113e-21	0.356648402439898	0.308	0.251	1.95313526729381e-16	c10	RCAN3
9.99577435707611e-21	0.396796670688861	0.222	0.171	1.97816374526536e-16	c10	STK38
1.0789866277295e-20	0.327377304798926	0.318	0.258	2.13531453627668e-16	c10	EPB41
1.19777390919184e-20	0.437099262790401	0.227	0.177	2.37039456629065e-16	c10	SRSF8
1.5034101944736e-20	0.761881254099511	0.06	0.034	2.97524877486325e-16	c10	RNF130
2.72247698721925e-20	0.26764309884365	0.495	0.433	5.3877819577069e-16	c10	RGS10
2.83477355817785e-20	0.878307064386429	0.049	0.026	5.61001687163396e-16	c10	SVIL
4.03374572275252e-20	0.621706217385153	0.087	0.055	7.98278278532724e-16	c10	PLCL1
4.44526796913401e-20	0.19821079191985	0.605	0.538	8.7971853109162e-16	c10	APRT
6.13096271573881e-20	0.850327369665142	0.051	0.028	1.21331752144471e-15	c10	AIG1
8.72650850623842e-20	0.325193683944005	0.338	0.281	1.72697603338458e-15	c10	CYTH1
1.5524474902299e-19	0.268213902369606	0.416	0.356	3.07229358316496e-15	c10	EIF3D
1.8227702450606e-19	0.260111502515471	0.231	0.177	3.60726231497492e-15	c10	NUCB2
2.78473011903991e-19	0.359117349294151	0.31	0.255	5.51098090557999e-15	c10	PIM1
3.0696159148197e-19	0.791032261863168	0.065	0.039	6.0747698954282e-15	c10	GKAP1
3.36816324051525e-19	1.57700433499945	0.014	0.005	6.66559505297967e-15	c10	ACSM3
4.53341868639495e-19	0.21071330867384	0.511	0.445	8.97163558037561e-15	c10	CUTA
9.47468322381092e-19	0.234003691190482	0.49	0.428	1.87503980999218e-14	c10	NAP1L1
9.48536957845514e-19	0.391298202522349	0.265	0.213	1.87715463957627e-14	c10	CRYBG1
1.01341752563287e-18	0.358145281901867	0.193	0.146	2.00555328322744e-14	c10	P2RY8
1.20250673439423e-18	0.348445359073046	0.265	0.214	2.37976082736617e-14	c10	VPS51
1.35522515615487e-18	0.425656520318805	0.186	0.142	2.68199058403048e-14	c10	LINS1
2.04216295776856e-18	0.249308378261844	0.324	0.264	4.04144049342397e-14	c10	AQP3
2.40970686262282e-18	0.474288810487154	0.213	0.167	4.76880988113056e-14	c10	NSMCE1
3.0739909462666e-18	1.3440989822797	0.017	0.007	6.08342808266161e-14	c10	ZBTB18
3.21593621942064e-18	0.400170384942128	0.166	0.124	6.36433777823344e-14	c10	GIMAP2
4.57398126651538e-18	0.134077816429778	0.857	0.793	9.05190892643394e-14	c10	ATP5MC2
4.97691026241848e-18	0.519606483042292	0.125	0.088	9.84930540932617e-14	c10	ITPKB
1.11723667890379e-17	1.03931522995106	0.033	0.017	2.21101138755061e-13	c10	AC010422.3
1.15639046025203e-17	0.741037396401313	0.05	0.029	2.28849672083878e-13	c10	SLC2A11
1.53413394637907e-17	1.20226198861683	0.02	0.008	3.03605107988417e-13	c10	TNFRSF13C
1.73274376252305e-17	0.407884952796009	0.163	0.121	3.42909990603312e-13	c10	CCDC66
4.01251943617172e-17	0.391848075705625	0.242	0.195	7.94077596418383e-13	c10	USP3
4.43532055960796e-17	0.48360866534764	0.152	0.113	8.77749938746415e-13	c10	CRTC3
6.17940079521261e-17	1.08668838904423	0.024	0.011	1.22290341737258e-12	c10	NR3C2
6.81325079602621e-17	0.88198037021338	0.045	0.025	1.34834233253359e-12	c10	AL136454.1
9.18461414833054e-17	0.640137383220436	0.052	0.031	1.81763513995461e-12	c10	MPP7
9.3113410614252e-17	1.46006903054599	0.021	0.009	1.84271439605605e-12	c10	TSPAN18
1.19793109058095e-16	0.179068451988645	0.582	0.516	2.37070562825969e-12	c10	GPX4
1.39097202417166e-16	1.5398714835171	0.01	0.003	2.75273363583572e-12	c10	PLLP
1.41057474733524e-16	0.210970207532079	0.492	0.431	2.79152742497644e-12	c10	MBP
2.44620349913824e-16	0.771938115698986	0.042	0.023	4.84103672479458e-12	c10	GPR15
3.44277236197611e-16	1.03197561159556	0.032	0.017	6.81324650435072e-12	c10	ZNF395
3.69807970401119e-16	0.456814128512508	0.155	0.117	7.31849973423814e-12	c10	LTA4H
4.00907292836804e-16	0.445720062779637	0.195	0.154	7.93395532524036e-12	c10	CCNG1
4.11366714729146e-16	1.4645837219957	0.012	0.004	8.14094728448981e-12	c10	ZSWIM1
7.57091196668457e-16	0.299676156261899	0.298	0.25	1.49828347820688e-11	c10	OXA1L
8.99499184377288e-16	0.701672971756356	0.07	0.045	1.78010888588265e-11	c10	CEP68
1.1500098743133e-15	0.229854671827713	0.516	0.46	2.27586954126601e-11	c10	PEBP1
1.18840277558785e-15	0.304997835365998	0.141	0.103	2.35184909288835e-11	c10	ANXA2R
1.29396394791986e-15	0.279462269083757	0.283	0.234	2.56075465293341e-11	c10	TTC3
1.46590032776855e-15	0.410878093730434	0.156	0.118	2.90101674865396e-11	c10	EIF1AY
1.56244314804344e-15	0.182487803045703	0.592	0.536	3.09207498997797e-11	c10	UQCRH
2.01213733915445e-15	0.700996030725066	0.064	0.041	3.98201979418666e-11	c10	DPH5
2.56028449692488e-15	1.28271946284316	0.014	0.005	5.06680301941435e-11	c10	GPR160
3.02487063873389e-15	0.806530235003674	0.06	0.038	5.98621899405437e-11	c10	FASN
3.16355836598413e-15	0.318981676853638	0.241	0.196	6.26068200628259e-11	c10	SSH2
4.05921091509027e-15	0.295034475481267	0.374	0.326	8.03317840096364e-11	c10	DDX21
5.18539384767076e-15	0.65890721677533	0.084	0.057	1.02618944245404e-10	c10	LY96
6.68954506943897e-15	0.345729690180379	0.247	0.203	1.32386096924197e-10	c10	EIF2A
6.87962265635969e-15	0.466316750892254	0.078	0.052	1.36147732369358e-10	c10	ZNF33B
7.06482662855164e-15	0.674118068023631	0.053	0.032	1.39812918979037e-10	c10	PDK1
7.37874320873931e-15	0.412101053439108	0.178	0.139	1.46025328100951e-10	c10	SINHCAF
7.47996085259346e-15	0.924620044298918	0.03	0.015	1.48028425272825e-10	c10	GPRASP1
9.43117122282575e-15	0.561879995797437	0.129	0.097	1.86642878499722e-10	c10	NFATC1
1.68966467818181e-14	0.504700534894921	0.11	0.079	3.34384639812179e-10	c10	PXN
1.9302908315907e-14	0.144597106527693	0.634	0.58	3.820045555718e-10	c10	ANKRD12
2.43042421854997e-14	0.313777936036557	0.323	0.278	4.80980952851038e-10	c10	SMIM26
2.79510365386836e-14	0.193305816187318	0.414	0.358	5.53151013100549e-10	c10	TNFAIP8
2.79525990865969e-14	1.16815224458239	0.023	0.011	5.53181935923752e-10	c10	ALPK1
3.40160545898977e-14	0.207276495648572	0.456	0.405	6.73177720334075e-10	c10	IKZF1
3.53213679880673e-14	0.721637049547491	0.046	0.027	6.99009872483852e-10	c10	DDX28
3.54590345841255e-14	1.41934909266379	0.018	0.008	7.01734294419845e-10	c10	FAM19A2
3.93132548117163e-14	0.497879156604003	0.085	0.058	7.78009312723865e-10	c10	ANK3
4.56928574609405e-14	0.405137103977828	0.132	0.098	9.04261649152013e-10	c10	NDUFAF4
4.65541638435765e-14	0.381645911068805	0.11	0.079	9.21306902464379e-10	c10	NBPF15
4.84764477128781e-14	0.683901635783733	0.026	0.013	9.59348900237857e-10	c10	NUAK2
5.29781572112211e-14	0.747001661044424	0.045	0.027	1.04843773121006e-09	c10	CITED4
5.62877132540394e-14	1.16155741165701	0.027	0.014	1.11393384529744e-09	c10	HRH2
5.92312968207283e-14	0.648478079649554	0.096	0.068	1.17218736408221e-09	c10	KIAA0391
6.09486793360174e-14	0.357300566939255	0.163	0.126	1.20617436405978e-09	c10	TRIM44
7.92847727213967e-14	0.295974725596541	0.286	0.241	1.56904565215644e-09	c10	ABHD14B
8.50070046683155e-14	1.22858570895888	0.012	0.005	1.68228862238596e-09	c10	AMIGO1
9.01826349535041e-14	0.595904163576806	0.056	0.035	1.78471434572985e-09	c10	IMMP2L
9.3545606747019e-14	0.260020525639767	0.31	0.262	1.85126755752351e-09	c10	USP36
1.29153295933435e-13	0.637007178751868	0.05	0.031	2.55594372652267e-09	c10	TMEM38B
1.50786148098451e-13	0.225406342588184	0.389	0.339	2.98405787086834e-09	c10	PHB2
2.10783621688866e-13	0.442923566426674	0.096	0.068	4.17140787322266e-09	c10	STMN3
3.47686556065175e-13	0.357605328179134	0.194	0.156	6.88071694452982e-09	c10	MTERF4
4.83124374457709e-13	0.247453179301232	0.293	0.247	9.56103137051806e-09	c10	EVI2A
5.48908984273985e-13	0.185909889625002	0.599	0.55	1.08629087987822e-08	c10	PDCD4
5.68651226942401e-13	1.03137287915065	0.019	0.009	1.12536077811901e-08	c10	MID2
5.73330471371195e-13	0.288677750218578	0.227	0.186	1.13462100284359e-08	c10	NPC2
5.92875780182578e-13	1.26284615809154	0.014	0.006	1.17330116898132e-08	c10	FMN1
6.49621895484487e-13	0.114283779028827	0.828	0.778	1.2856017311638e-08	c10	ATP5MG
7.06724727633294e-13	1.16808108818039	0.016	0.007	1.39860823598629e-08	c10	TMEM30B
7.1119175886376e-13	1.36972899416755	0.011	0.004	1.40744849079138e-08	c10	SYDE2
7.1501532934658e-13	0.399980179717881	0.166	0.132	1.41501533677688e-08	c10	MRPS33
1.17115306764443e-12	0.979777912864139	0.015	0.006	2.31771192086832e-08	c10	PKIG
1.42735889558419e-12	1.63784781682443	0.01	0.003	2.82474325436112e-08	c10	ASB13
1.47482284903441e-12	0.882576309952782	0.022	0.011	2.91867441823909e-08	c10	KLF7
1.48524412591813e-12	0.358211552353272	0.128	0.097	2.93929812519198e-08	c10	ZNF770
1.67768971204289e-12	0.854019659760687	0.05	0.032	3.32014794013288e-08	c10	ZBTB10
2.0293539435336e-12	1.1472601899582	0.021	0.01	4.016091454253e-08	c10	RAB20
2.37220542359692e-12	0.319444694067467	0.135	0.103	4.69459453329831e-08	c10	TMEM131L
3.48889650046544e-12	0.233890228867522	0.243	0.199	6.90452617442111e-08	c10	SELENOM
3.7324761609862e-12	0.284349646525544	0.273	0.233	7.38657032259169e-08	c10	CLNS1A
3.83838641344556e-12	0.433591110162177	0.089	0.063	7.59616671220876e-08	c10	PLEKHA1
5.16084595577443e-12	1.16866318862249	0.014	0.006	1.02133141464776e-07	c10	ACVR2A
1.34412074512807e-11	0.778210084182995	0.039	0.024	2.66001495460844e-07	c10	PCBP3
1.46261008344536e-11	1.25426012984637	0.012	0.005	2.89450535513837e-07	c10	CRB3
1.46507382814245e-11	1.13469211999428	0.022	0.011	2.89938110589391e-07	c10	ZNF784
1.64587118384623e-11	1.32940951510269	0.012	0.005	3.25717907283168e-07	c10	C17orf51
1.7023706548204e-11	0.9440463797291	0.018	0.009	3.36899152588957e-07	c10	SPINK2
1.81697012442537e-11	0.12179870793952	0.775	0.732	3.5957838762378e-07	c10	CNBP
2.10495365388036e-11	0.251227993766752	0.085	0.06	4.16570328102923e-07	c10	APBA2
2.30679075448142e-11	1.23733048155223	0.011	0.004	4.56513890311873e-07	c10	GREM2
2.49127346953802e-11	0.118397156477446	0.844	0.793	4.93023019621574e-07	c10	CCNI
2.60082460231261e-11	0.964907301548937	0.04	0.025	5.14703188797666e-07	c10	FHL1
4.00251352402114e-11	0.377275233174369	0.279	0.244	7.92097426403785e-07	c10	ALG13
4.20736855871222e-11	0.361300015228394	0.907	0.886	8.32638237769148e-07	c10	RPS26
5.48893692499762e-11	0.419451468996168	0.13	0.101	1.08626061745703e-06	c10	ZFAND1
6.22564040824521e-11	0.463926066438312	0.079	0.057	1.23205423679173e-06	c10	ETFRF1
6.44727204869885e-11	0.146426030240576	0.572	0.523	1.2759151384375e-06	c10	SEPT6
7.39729317709757e-11	0.391223741999602	0.129	0.1	1.46392431974761e-06	c10	GNB5
7.85972810344519e-11	0.494795954016118	0.082	0.059	1.5554401916718e-06	c10	SSBP2
7.88841068534882e-11	0.648956081532833	0.031	0.018	1.56111647463053e-06	c10	TSGA10
7.94670605080983e-11	0.264570077987992	0.25	0.212	1.57265312745527e-06	c10	SYPL1
8.11839800726994e-11	1.42545754697529	0.011	0.005	1.60663096563872e-06	c10	DTX1
8.20473033083926e-11	0.266922234447598	0.227	0.189	1.62371613247309e-06	c10	HSD17B11
9.35997185059749e-11	0.28443105214168	0.239	0.203	1.85233842923324e-06	c10	DNAJC19
1.16168733483685e-10	1.03672031278322	0.021	0.011	2.29897923564213e-06	c10	CNKSR2
2.02557465119547e-10	0.250987461158521	0.227	0.189	4.00861223471584e-06	c10	FAM162A
2.07821594441098e-10	0.267152840730361	0.344	0.307	4.11278935398934e-06	c10	PPP1CB
3.28402387172042e-10	0.243762422375302	0.248	0.211	6.49908324213471e-06	c10	ADK
3.64301171244423e-10	0.873039949248871	0.028	0.016	7.20952017892713e-06	c10	GRASP
3.69597171234774e-10	0.536424477515903	0.014	0.006	7.31432801873617e-06	c10	SCGB1A1
4.1864763333952e-10	0.128145870964659	0.559	0.514	8.28503666378911e-06	c10	RBM3
5.18981317532292e-10	0.546848065226554	0.041	0.026	1.02706402739641e-05	c10	TOP1MT
7.44437535043136e-10	0.278185957017447	0.302	0.265	1.47324188185037e-05	c10	R3HDM4
9.39771433178163e-10	0.312080772377366	0.176	0.145	1.85980766625959e-05	c10	EBPL
9.73834081255805e-10	0.183689585450679	0.355	0.314	1.92721764680524e-05	c10	DDX18
1.43092973012687e-09	0.769461840925519	0.026	0.015	2.83180993592107e-05	c10	ATG9B
1.64036809464006e-09	0.20247614588667	0.267	0.23	3.24628845929269e-05	c10	NDUFC1
2.14166885140149e-09	0.431877977882893	0.05	0.034	4.23836265692354e-05	c10	ZNF397
2.17207688629882e-09	1.09833151547672	0.02	0.011	4.29854015798537e-05	c10	SNED1
2.33791946672135e-09	0.167726801662489	0.396	0.354	4.62674262464154e-05	c10	PSIP1
2.52586339233974e-09	0.464467295734721	0.111	0.086	4.99868365344035e-05	c10	CMSS1
2.67955484445761e-09	1.25539254464876	0.01	0.004	5.30283903718162e-05	c10	GJB6
3.71843427388984e-09	0.112985099497222	0.766	0.717	7.35878142802799e-05	c10	FYB1
4.68357205607352e-09	0.829749966871351	0.015	0.008	9.2687890989695e-05	c10	CDK5R1
4.70169697737089e-09	0.914417924920026	0.021	0.012	9.30465831821698e-05	c10	JAM3
4.94757400653111e-09	0.461652191995509	0.079	0.058	9.79124895892507e-05	c10	ATP5PO
5.16500130590469e-09	0.19753335651293	0.303	0.266	0.000102215375843854	c10	C8orf59
5.19677048394432e-09	0.855962685136615	0.014	0.007	0.000102844087877258	c10	AEBP1
6.86074562644182e-09	0.423178273989278	0.069	0.05	0.000135774155947284	c10	SH2D3A
7.13413172642766e-09	0.672630045577485	0.042	0.028	0.000141184466866003	c10	NLE1
8.0646177631806e-09	0.56320111590267	0.034	0.021	0.000159598785533344	c10	ZNF563
9.10730532109839e-09	0.745994027047727	0.034	0.022	0.000180233572304537	c10	UBOX5
9.56195478312835e-09	1.10993644521118	0.01	0.004	0.00018923108515811	c10	AMN
1.07157660743684e-08	0.125294897386998	0.343	0.302	0.00021206501061175	c10	CD28
1.17041380434307e-08	0.200853209380515	0.262	0.228	0.000231624891879493	c10	NHP2
1.29571892491511e-08	0.525958334469435	0.065	0.047	0.0002564227752407	c10	SLC12A7
1.30686911782328e-08	1.19601294284463	0.012	0.006	0.000258629398417227	c10	KIAA1958
1.56848634911009e-08	0.129621304705978	0.577	0.54	0.000310403448488887	c10	UBXN1
1.63687036071275e-08	0.149669494839509	0.365	0.323	0.000323936644385054	c10	SNRPN
1.91908905555699e-08	0.594931348996991	0.02	0.011	0.000379787724094729	c10	NT5E
2.05047171419414e-08	0.291099584852722	0.151	0.125	0.000405788352239021	c10	NOL11
2.1042361865958e-08	0.432831683119634	0.04	0.027	0.000416428341327309	c10	GSTM2
2.29006834713468e-08	0.671456116287574	0.026	0.016	0.000453204525897953	c10	NBPF9
2.34168432733707e-08	0.157250770697815	0.453	0.418	0.000463419328380006	c10	NDUFB9
2.42293131962718e-08	0.127594584285389	0.574	0.539	0.000479498108154219	c10	HNRNPA0
2.66331142226996e-08	0.459137609952202	0.03	0.019	0.000527069330467226	c10	ZNF540
2.74053370726987e-08	0.704861430170747	0.064	0.047	0.000542351620668707	c10	TAF9B
2.76695269456976e-08	1.10154356069659	0.012	0.006	0.000547579938255356	c10	ZFYVE9
2.82425602180423e-08	1.08866902114173	0.015	0.007	0.000558920266715058	c10	USP6NL
2.88211568984567e-08	0.445757839159347	0.079	0.06	0.000570370695020457	c10	EIF2D
2.99596995708866e-08	0.331958946140619	0.116	0.092	0.000592902454507846	c10	ATXN7L3B
3.89346969235468e-08	0.316980471475579	0.085	0.064	0.000770517652116991	c10	TMEM63A
4.11840355401527e-08	0.103902234160523	0.666	0.617	0.000815032063339621	c10	ATP6V1G1
4.4145816875462e-08	1.04222017851366	0.014	0.007	0.000873645715965392	c10	AXIN2
5.26846207009135e-08	0.12015872422957	0.577	0.54	0.00104262864367108	c10	SNU13
5.75255462915426e-08	0.219749286079813	0.266	0.235	0.00113843056110963	c10	DDT
6.15970495935359e-08	0.143377952481096	0.197	0.166	0.00121900561145608	c10	TIMP1
6.88327974310147e-08	0.213789015804846	0.22	0.189	0.00136220106115978	c10	PABPC4
7.4829578359055e-08	0.615609824973671	0.039	0.026	0.0014808773557257	c10	C9orf72
7.68066449327235e-08	0.360586885574112	0.058	0.041	0.0015200035032186	c10	LCLAT1
8.02444845794946e-08	1.02046652461754	0.012	0.006	0.0015880383498282	c10	RPS6KA2
8.33256999253454e-08	0.299459629920175	0.143	0.118	0.00164901560152259	c10	MRPS25
8.33974784500101e-08	0.168832201321035	0.323	0.29	0.0016504360985257	c10	AAK1
8.61503003988345e-08	0.432536594864067	0.082	0.063	0.00170491444489294	c10	DHCR7
8.93833286659993e-08	0.300543189489096	0.166	0.14	0.00176889607430013	c10	MRPL50
9.68878267465986e-08	0.96095080583859	0.013	0.007	0.00191741009131519	c10	LIPT2
1.07008479671382e-07	0.192247482274187	0.361	0.327	0.00211769781269664	c10	TOMM22
1.07078143507675e-07	0.781966522150912	0.016	0.009	0.00211907646001689	c10	OTUD7A
1.105502366155e-07	0.150315848742492	0.435	0.395	0.00218778918262074	c10	EIF5A
1.15910535369737e-07	0.370164584925997	0.1	0.079	0.0022938694949671	c10	EXOSC5
1.17484765871901e-07	0.185273345706549	0.104	0.081	0.00232502351660491	c10	TMEM71
1.23327716079049e-07	0.55071144214209	0.052	0.037	0.00244065550120437	c10	ADPRM
1.29109958191324e-07	0.273301460521211	0.194	0.166	0.0025550860726063	c10	ESD
1.29484621173972e-07	0.236582268226547	0.129	0.105	0.00256250065303291	c10	ZNF506
1.29653713676988e-07	0.451842733918855	0.048	0.034	0.00256584699366758	c10	DOCK9
1.30704248910322e-07	0.520442639524754	0.036	0.024	0.00258663708593527	c10	CHKA
1.35308883763614e-07	0.572582668467986	0.034	0.022	0.00267776280968191	c10	ZNF287
1.41731679453846e-07	0.631509718895026	0.025	0.016	0.00280486993639161	c10	RNF157
1.48126139710237e-07	1.24310890972599	0.012	0.006	0.0029314163048656	c10	F2RL1
1.66502517653433e-07	0.24344766483714	0.162	0.135	0.00329508482436145	c10	HIVEP2
1.90346180135475e-07	0.348639176015472	0.035	0.023	0.00376695090488106	c10	FAM169A
2.59516088285528e-07	0.292507284555939	0.201	0.174	0.00513582338717061	c10	IRF2BP2
2.74349634438114e-07	0.353456411142316	0.082	0.063	0.00542937926553027	c10	RASSF3
2.92088768838381e-07	0.337730897927278	0.05	0.036	0.00578043673531155	c10	PPP1R3E
3.228152436098e-07	0.538931189556228	0.039	0.026	0.00638851367103793	c10	CERS6
3.31298913821574e-07	0.203852474813867	0.287	0.257	0.00655640550452894	c10	CNOT7
3.5906582006275e-07	0.508082622786327	0.047	0.033	0.00710591257904182	c10	INTS5
3.60301112056293e-07	0.52372093243908	0.023	0.014	0.00713035900759403	c10	ABCA1
3.63024334892731e-07	0.704749267351635	0.019	0.011	0.00718425158752715	c10	FN3K
4.34679481125023e-07	0.333872494748469	0.109	0.088	0.0086023069314642	c10	GPATCH4
4.50658443306155e-07	0.639981479885589	0.026	0.016	0.0089185305930288	c10	COL6A2
5.54996762745915e-07	0.329445827264489	0.117	0.096	0.0109833859347417	c10	GALT
5.57160744401482e-07	0.706800728544739	0.016	0.009	0.0110262111317053	c10	DENND5A
6.19021990615652e-07	0.485546435963086	0.03	0.019	0.0122504451942838	c10	ZNF677
7.37598608113869e-07	0.417771556458889	0.065	0.049	0.0145970764545735	c10	EXOC3
8.12636803497134e-07	0.34102637871207	0.147	0.125	0.0160820823412083	c10	FBLN7
8.48479093640427e-07	0.249788049328588	0.186	0.16	0.016791401263144	c10	THAP7
9.96433516193962e-07	0.912838711562635	0.012	0.006	0.0197194192854785	c10	NEIL1
1.07823496785351e-06	0.148299926165318	0.404	0.368	0.021338270013821	c10	ATP5F1A
1.08134374139998e-06	0.270711752823824	0.143	0.12	0.0213997926423057	c10	PAGR1
1.16608843310814e-06	0.280681803910839	0.114	0.093	0.0230768900912102	c10	TRNT1
1.17484040337117e-06	0.685429699331855	0.013	0.007	0.0232500915827155	c10	CLEC11A
1.18962710527543e-06	0.213119202601614	0.124	0.102	0.0235427204134007	c10	R3HDM2
1.44161849095234e-06	0.688160371444532	0.026	0.017	0.0285296299359467	c10	CTSF
1.69125876686961e-06	0.296528781062794	0.054	0.04	0.0334700109963496	c10	KRT18
1.77371618849443e-06	0.455841144365195	0.043	0.031	0.0351018433703047	c10	GNAQ
1.81974408012376e-06	0.859526763285499	0.01	0.005	0.0360127353456492	c10	USP44
1.95172370192908e-06	0.762370426833209	0.015	0.009	0.0386246120611765	c10	PAIP2B
2.11690703388384e-06	0.134282594377462	0.446	0.412	0.0418935902005613	c10	MZT2A
2.19643578800184e-06	0.562911485455672	0.025	0.016	0.0434674642445564	c10	AC124312.1
2.24282404949748e-06	0.469218841451546	0.042	0.03	0.0443854879395551	c10	PRMT6
